10; 4; 12; 3; 12; 1; 1; 12; 1; 1; [0.10770862950846874281409353824234520257974416780229949262228388992651465550353996226559518101551086092768447116566545408666418148171233174647305038751846014082250849234580868106211822501304730306623124373172216731714532576184316190359201628859677868280528353395025094000696283925316090697107752390492148007955563558690565475314773860952971798004389967044798446222348175759012147282207093918633328022503995769498393383410912436686510988794612399247729188367776186570483036032217952493702315800407250220369891298903408130712140395219293024465735849564669436692355827097534565059201609555490525726563143133416461317225201262409082788348348857941286967482365523618508237919835255 +/- 1.20e-675] + [-0.060444991677276510191830148693300228346903529464124829930521169915611744260182470323998523962803005675479382199972715581854991455010742610479964374765238398387730865444840170804599984174010188547608049792699306694575811995350909759696278410026266574243827719698080964621165310323333517571128933240722274100243749335363060596238827426525718110925591452099073938565719944186931043455019152643462375218662460514174069174930149438151494663433438733272336833965231401683636005735633642461057851266906098202577890161355566800676636500731368448544381986900848395195426624962006667634375116714456549599170173524762826614018792247038898733662202390731285251290433428895819640937990477 +/- 4.79e-676]*im
10; 4; 12; 3; 9; 1; 1; 12; 1; 1; [0.345597416425586831930813654641260396420090342083762796213418470546330168706092549450376001336052607620961090824839772856141797426378775880503409022009096400327162362354624112125833662158847607553389700883428541923331605599055946190861190451724538552917276022531000143851732181332336839984756935730118531793095508488895450876662718558906792574404769911132466430687194631769693174778856972103418958397683184299501267138638833422411157520759963693718672516706878925272223161001764960603666536494628971194039592327384732470898471647739035804806473004965409439521553729653778141692134306075040390379150339136441453383487682502161292702899129478992068727472892937840195648268443766 +/- 6.96e-676] + [0.140880821795037920238166619849648256684212729266307334314014210197529909988859578346809305504890510286054612160279100239717258599566526875258828017387708623738499924310125816022074437420208645560566458550481374745375391902460482453181499373707283071340176209976010145707559965795363594694193327727216093729377243607137862232128934670230819547165816436694722899767873766690066467121692175490556140078209723597905124573087268998519010599113123535844760250203309694275227109758393058962964754769161458886252194513267807084000034755038369149239613672959395498719611076947682958318297080793800065269070347017781960969458404091519047692628032747607111839743207966167661346965162729 +/- 3.72e-676]*im
10; 4; 12; 3; 2; 1; 1; 9; 1; 1; [3.422752333512779709284830823527379931727760289254955201574441482522355450034752020593376031547171529557205872934969606263294427885113662090763744598912295673667131826091632589140308896834218162961812863875322893549229579968090929857551445080650998249956453395836053208993536753135555229984177033590211600645446507682926425119683732582135473906177265384711327600328455111628208997201191115051018486817011822564248516320382594111359186320360477248570187719767884844141883369312690552925821592323890368997903821385750987455022106108748267158227205124012700163970709863735794004080811677571028680853280661706968802313779062406039711786447589487044499698968870642310387597995201151 +/- 8.52e-676] + [-4.571953942663653412147760231492274579565493639813697402981267936861356106326576946531925666611701465332864310339581807672890634460993042819991892892321963063686658046813495004682769160528265037352596397502339637950665797217123272788756834576527026547659105466584771910599470803969470690899102042972179174948520579281032021968636905559904775825964001374994667711638415543433609221353426278556613035314663010210735579304189958380215604247319539135679466943157197191039075023903550178294242269256158882319697388911604332630399878099487925064375249853680147301372766387037966741058153195836266575237876464130168543427985792195880753741182380086570022783182696441623548822042551695 +/- 7.29e-676]*im
10; 4; 12; 3; 4; 1; 1; 4; 1; 1; [0.051553577484205714345703032181643267433434676955124718065732086497105280654182439950770583030060617932205471082492080907995268064732060622211904412215616701914442795550314460434834132208013058779064941997926246054373087615809091830791682642570269103133403175787717113473146264754691467311262214426528534039840455592788536899025956793471618035078447530475249859577000535486852111216763337586056330117395600513492070520675952296538284928812947290658149621375987148362771765265736703848846593253633490557990892644374241821514720165190323031883336521558256046891724997940435872485600317663463117523586109019006036603852766006283449381795346294150877400061868137580178075763973618 +/- 1.85e-676] + [+/- 9.46e-677]*im
10; 4; 12; 3; 11; 1; 1; 11; 1; 1; [-0.00574421056758687099881129229918432806065401989563950721585573329003347855315853326868558011956330710973298960567892052527987022595328340220086090818333997201695372655422174839420276813183659848601904309554193311576841041653987062060968546583233137657319093305084400818511051580060375388108389777235803586977556514777912827611902608627668601604824575317886694412559891054213501314180753549673220065580126955096165095927027831878296034741055552269918120733096407078378234415386214079308799403149220214203742018382750099882475061447682894083516393021766033977414629064012445751008319334345971217563506207701187717121995246562319366718164518394605376066949188372814669662785116 +/- 5.45e-675] + [0.064562145359743229736431554250968518177057702429147688521570976629612655040994954541614140843600955934409264264301538854594824120025408415857429620761062400836506671465792526686964792514688803665490258492191621568598045045987801255511160581988705629827185820687755486648204255559721590496134077542616512423027087918491475974569461563927914064855320625063032440032911786630104902349957384391089527995201585022475604150530846970937113975497715506773109772051904288468161347632946796035411651995699534703535061870321888306052454272367495659046637166679568771213048725414901897897198583318267990427313215842096873054579111410714145588332025557044311708894630107249389464923911013 +/- 8.31e-676]*im
10; 4; 12; 3; 3; 1; 1; 5; 1; 1; [-0.52389892226019172806167336475377114304147138482604179133912583499408759758304075126444067721025062988056854341232764669941429168416085741731646774040820751037574462689778830042998949561806022447955787731358488645495719804198780581284720040001716910878213592595580815108241861591103888653854997768064962204935784896095468210643518212627016633629992293574275106616201992810557836569827131464202226800720994178837319983590059762561645179105754675882548284503284113474973398662938606285214470415968737759651095254815080059162724291351048260483696550501883388681655649024652701028607867050089589967346232565052696565105937332547800615019647689957196769234034557923169802220474817 +/- 5.88e-675] + [0.02690135319667159105094627310877310022501662231415217998937316472721333753818568996695377127141467973253643244482943892204191026236972616988910809320952936686155984627180558648908489430913427538115045530488407081602774671839263887985399456556998471783444256298533840873268520776037090294476497322341088279600044062986350515494831960233412868656288030574513267872901094655094079755502612458437376396175335095714194116069018752469356622304430179090672601410022640616950895653572795709562329763411097508357836000401196418533674442773993114178809339953783149985988735188579514583559250549337243758038240110697755635480469662674598824228360819364237571321629697628281380702730072 +/- 3.72e-675]*im
10; 4; 12; 3; 6; 1; 1; 9; 1; 1; [0.413130307000268821640671909293819964757794583004574840963197824855475026431743815763148373241591496865863564306536664903365625260017258618791902550678880159720888967941670323865789560534514556235459910901173032280894793090718636650084599573371810136365061551676735723174216885098158172954639149042804597418250541403241890660993592015492384541514195229211295026555698898497121818260901431216404738340652510624308917081601851613007546900145560674876876820032528570546321495353840521392462060537892112693293132560488550061225356619249209402436978795174258078799538075071724493964110383697134172015991260944255653416855327595424741869409758442194892657310111865074173772470886062 +/- 8.87e-676] + [0.203691580296037130685043606947254156017424794657044886400123145852271241067586042271433417997722161707594955531062039613837468259697720304486294009222445049667761319318642655426218333802699925662497491506952228611070543487700514504644790932149946328259867345939056996967083030584354820243622046480052277416199243077148536576541475481990628891607683251556192066225563853985096265031211024664345536967193505383599107171213519386836194353519437000437524695035025941477902312831647126980260289416160089958297359261371160333983256316068349798539380102707012268275257563306771153380001224874834749461447647340397671916228879590358908212913841401824856354673467538051374350353272338 +/- 8.76e-676]*im
10; 4; 12; 3; 10; 1; 1; 9; 1; 1; [-6.83773215954982575436100618706109002195519536151480208569409492706037558962396961333388880837695736958435680023053647786397349890035627834339581368842502868761035595489020931955167796819636283969340585235733768360139172162022225161035563354983621126806986040406555008427404185191177158240345416041419358405184568724970884903420199982609428023797186422831086336031227445984034103686204911026246520299541935656787198788258947991289646695830456617763057315662389827872614182296338864299874439803839876697333950810962864811900841652792347229127689300473803953126697887395263150593769813474171323436433436635994958182490733365334007011555288330951899160632369880502399757479298815 +/- 4.05e-675] + [6.49664483149747287043532993762014649458095612324994256528351161325523383841356954220074909139840399814150351117788673265123267518366320562580193080126165166266078542040073297811650645304463567590522666008287098623795783891953619008085933428050573330091870006737525775291047860011551574153535882583745262610589074360977688977726468983559105341334041259683794275791661866087610023878120173580803687997940708709433777200855478437681410878315690447079193765767717241898469502578630834446551025921504755175167930011550041603326147402436903393362406814838206107963466915423608487521710574538060296590122617253759789905555134483535720288831484424067859084771028545300758687981514766 +/- 4.43e-675]*im
10; 4; 12; 3; 4; 1; 1; 3; 1; 1; [-0.110125117357506385244421894640829347878079999445355166914453651105414432881583404345435928929402712441817078974114505505611004160744897911538553965738175144890569037338597596375661006407036457455408525365025643208384889147897773724821212993126250991743762400570216668334672202438340712573869547164494426057185778246292567858414848507277455932867737025211858914169718652304137740252911017291274645403401125911398624362870310290401787043773322178345969646498470804545147207712208893411097254501013599606698089487146540436713987492369815627077950093469610001075264446380151242796482310214246488711235143443077320786223605048413043241870905636826798241400023787298994557936569228 +/- 5.00e-676] + [+/- 1.05e-676]*im
10; 4; 12; 3; 8; 1; 1; 11; 1; 1; [0.806268257659054247644467467259271408513602638371336322193870631347247201789597659734166771006319739697909292469509923871673296949583363173395368355512394653271965123856993924377927597752860294054191498615453220031303929450708026246245506141796114729185801492157326882924372394371515845726446911066673717681133989923421539194211204887090460630786085584996068350453563763300832045687468301205990517240161870927153204826026943288498426847512242847578384190288391816598394767928939998358666957792589013008437304938043877508070626977393880770864353020207665223219076871585076941487029264130663988839915758452054289939028425165142153822627022024997215514906842339866814502512234800 +/- 3.82e-676] + [+/- 8.83e-677]*im
10; 4; 12; 3; 11; 1; 1; 5; 1; 1; [-0.080519047448640292523733049306700881268131212519054371238999600062696390760025694337439006005154509868184383505967674952789230351976872501984215737443094170398188215752852691856636063259013832730137224706754439307663045492730769790617707791037130939368459476562933508567739419907990818907977753887199912947724476775692920161838171132654686110752859819112214628595514044361626715329652818908134969048330899233711101761412536254322075998874927398369604346855867138422881402151871866817671798137955129638793676853965310300500538516959665744248882768264936628619022796270000167492911642515614931221980138078665093292445429270175832614880704898648564028463564058592100633340361682 +/- 5.82e-676] + [-0.061265620379229367591048470926446046065947057549234678387824021913752227088163965586234093699161056586573593644360315260900821655164596211208190920433303557168687226983461174270957126510693513163483344790797629451524589435305003775525826957861309894687543782325895797995091555804978684832259804079481274444022461681403238391307082221747083919162202775600350923913044781148264277523527928931297760603056971876836183682880369277150002502034743298753492769000971073232814558685396648111586515711048949545814084813676555681538521569060292606460152451203879594237099010702727143841628940064174567324513552548852423038849978746041267560929654346883225461301071677736653267339004071 +/- 3.24e-676]*im
10; 4; 12; 3; 12; 1; 1; 6; 1; 1; [0.14599228326506038828756683436010830857264490029283430918806138395420542604759439243460280734071167199136980700007927707716119810118715852082984590283452049586735138099249694786093642316813699695846841480872263254925452293983813749195465310263099850150535826427896679326041577014579896926470412153342475453792148359769708746592231191156621941178167534296787709529719605623143966542179462259773353962799610707556774231156797756273867564040152569218788417782742808607303527286826951315220014107987937428454993855262327477565537689036771544199128327505334766222103143845319319671715939723166671997433734727273984091876068080510614511843129290312267026614788371853434133366517077 +/- 2.24e-675] + [-0.139881258493456789857302233466066333372838478899208309052708243842458372911984349571017677503023758771618571727356218921608295859017118496173159573560991817356311387425390025212279953808599044278764342873520085648233335253812620434894445782944576075627814567161065126836077622111679545334866132739153696429862062947528612324313881727265669833555230241367908928750483762638296603004157625210864637976683136381252991349348138101793695669961941947895606335889310225095508521348262170526665161842858387672013544640209056427059440851184937777773159517007919016307320674357374387080187283815417564700102841972869345394581958015573086469872730741765763293480352703248744201251144498 +/- 8.89e-676]*im
10; 4; 12; 3; 3; 1; 1; 2; 1; 1; [0.001424070584028949912417490625181648726601860787502509670968048699889019323995952727234594221961353174722005329361386584656280871068036830954124639134862570237299406877114450720945378367105216423834247631549874142547032769687821866650220260636538488317627841468734799019865901513014489912245107239576223136049077420884964598148041526116892501632079449860708714426263254671110339948937413671645230344355198393026185192965339326184451089074709149110952968986007990630203207049665475924150418438494859407281582714660974144198373829927191285241109222389237495428099128736072820672253637773359061544023298487214415774531724863487574757860595349188208711428505287371313142308347629 +/- 4.81e-676] + [0.005925232870174856777132625740224466105933407135636173150660802366214892288448303924334452358640427548508151089294813344642992985713336812707524671822375113347826694273053700575579324970320446394291709250861527205454501270910140800586720466922450834752069049474753349633382409671339772086980247416606970851885541779839432190804811910385659373516772016927131472371089003607144675879643159766869785800018220805462609148007446672018045828483715848204515683489076903816949138177432835079260729413168765984441840065309239317980060873372714370218728477830918852637273499725805303097388805272493013370048625888477087499253196911705911175342143122545226985829972806968309638062156550 +/- 6.66e-676]*im
10; 4; 12; 3; 9; 1; 1; 6; 1; 1; [0.669768348478851382920693503430837660458865648641876935075493213605416990687753336123734181599018537708219587429889713533962540125719938302900153954195510857358389900721321547615653902607829133323719040537133811862854491102855522224495147559129877957748498343702781181182360448922179524670185815974427177719755488592132390899561250679717982665321760959596507919892833652800574552845405231054416860522906509935073244544061334566995966405664573513972503481774427647281245652893014021133362548195440988068683037795487337184535744572820781684839134417230049697579148252528004969198380468435907636632644575633109497924764250366637466477414512741097751517298201291140432943469068729 +/- 6.09e-676] + [0.090595418077219569781540955259940701883638020328520405524681908683259227560684311802624908561481024810697120756321848856767220869196184644777950702086065566288646084099756835106001817449953633944157998323013635220630655198153912990000563592140946159420317901326224565079682745247888235354471964550444318342446946530725142755609566050696450468706825759062366628688712094498049880564681567720240008812338589144950108092782628731139307839852149652135508939321481315355956491500887860461195227504837398712101608865584939283087574865227776489260661168812278846828981317867964632743793838362720573186835488742174623984637801854883685577992599826813087010857785095672421102706009787 +/- 6.42e-676]*im
10; 4; 12; 3; 5; 1; 1; 9; 1; 1; [7.60353248587551838653358617523308825299480090632316333991575977694082155564164647106215576080434753060946833961791661967385308692281842257743091892174953490729354497854390717965334478898103626573407754577651859525333531742727556589906818976807202326445023239531027437234043934600352575160127298687498361614795992013883881467841433942347698801694068129589745123877308134892875873576776457555889425453762421836902842013256355538721343068619314600756185917770320347496257987408158879369354147106552109513261487772194067640322378479205613957532979810431720770436735731222654465424458548200492284241563509997962144449842379988139805028782140718193983840427954937714568711250851113 +/- 5.00e-675] + [-4.225126175281670284397201836464381119282175733786551098142229536685511882322159706721279277846064122706120620191189381275761272441590243986607308227879596942087208172627927879344362220584052182776712117595205474571459118132198981126600900325265157666467702867718655081034689424899656586892190769753859454458447320337734776130726052506382219102686718778414111748590650444950095825953927788998527937201692335611838528344659420441090051362970974818553640737062465839041876984594129535301337789897541795014119742126690242147611110825228910330255379139712449311559423203069902827622440637906906026245789646393409481730915275563751956791896035289031349987898448771588609249078492132 +/- 6.70e-676]*im
10; 4; 12; 3; 8; 1; 1; 5; 1; 1; [0.353799052985655410317233875854032281583755352958773231964771988241308748845657286666986974926391403903813685997809453788205988486667634620902661058814147010984938447833125294556589564714227734833518374164816637824474247063904372552270221920480861009875030525795075210484839300533880496123089821490189424039834828333374547331187044340213287593854291068720080489848005073365181140768679170843297705955265039728942982699237415547321274966940941629050569326847071893404843139971807244660918611815355495408006641502923564712726160881884737072677650359020724737017380357288743297452600664303314696469376593843733410494961248330489668835575666224862735385208702499435656057144463424 +/- 6.88e-676] + [-0.562202168910044627367489029277638636753029929397711014586741908084142618599980740135499104079336301309177068020513357514243777633709218594118641908982937284913719745561230542168773544967575941313150749633935969768376931414157911729461876651778818150333527088282572213003898202263425848977281693384928216915222062299172401895280458911464889672297725046915467210395265626369003595722958763878028902691744330375936683783372787863070562654588370097277498240687261924497698524686892378955379126660172934971728653425630354941211873036983735858488128396570229673214206108580608509684430366730351577966290720230378493484012330015276329668204646941882847864350430538449501953932013528 +/- 5.83e-676]*im
10; 4; 12; 3; 3; 1; 1; 10; 1; 1; [-0.12716740600290021116111434239194627994826188412161879230812166493213770366511386167185021743037118805906172628558086874225879189836219512916782900713987582626882738355816967357514782659970075107100356847077130770155908502160879541124048829951663744734983153248783843346603093049132680059932306746565778967288987658381415986343283391457460910629106220764962816483584113948116666423037411874606570536671562217538626503392573113740246031773006995122360040159251655577005480537231981813675004916480480814792884284091253838564042992579971631440634523078355399870257256421345208414438071407270167560844044915664072954878399038453942251338070613084303424351832551140052052744373487 +/- 4.50e-675] + [1.181872351753660679911176802717448494159155329338564988882532542926033564571407557121029819955935981469919644144399304313380717777987238505125234169810056695186479286169061487067514595646313234071271065927912222616109946915660318243351521795966250831260447042372492762935904479301384691614365984342323283576830153309543706109705064709644182166192275344656036746564725061198636895023589887012405806042464312542001417517033696224033501921777172375344064529484354496882155207247517918196626780564906757492226626303820777769014922339525733481626157670788097223247419674653577915264284567249142169771350980555705597105730875327763156070824754517024953625713281530395118203159846201 +/- 6.92e-676]*im
10; 4; 12; 3; 7; 1; 1; 9; 1; 1; [-0.471719896459546249638979844008664475229847355435824137912543060703566499326391062547976498294098838792844178398264033454828410687188466100658571155935569972065749547611094310373915439361222563976395927851753778535458763546308118879528668408605053267820757232990046830544804840869115178374058034030620771672265994661895292060128983503250247556449537018327625598518831961306412758853211107549605141343469898674555048643693578792657819090963989944483005764871264006065513844694765139937601752862338618138145174883817472447252086696511448884849951636894650070727197160681478974548979709662587806208260768299535379822096042326264308759624679649176597973647480764326943550331205026 +/- 3.73e-676] + [+/- 1.07e-676]*im
10; 4; 12; 3; 11; 1; 1; 2; 1; 1; [0.0004853173680929067715368677241056799772973629882071592994184128945689502979583891450114487133246890690526070918337765123021879130843714860017441222632580080455233721010208980868107862324048737625563168581335617105483594737668422977212396043490132121290225215431436432692168494266581547425925376388652864770048206581339959456865107329177310633925259199805919485656030189363541337136047318095964161068130949842959887218320382488702752073303278980901848268884781609382181602032659866912286286586062338182942150419828863655607358016825215699110523214350195389689607030985056787435358067875521707528094945263656550063690406532173047414595055255626241140947239941189987682509295844 +/- 4.38e-677] + [-0.0009652726590564643131911784304811701752999340745640938725017546054181471923280254562526766771218760652643175249065797117657881941765632550508934275961974475833248218249427460856992217228423977857446042215755499024646949943690683432447667388474578317911590757180989203804834168173779373236849714707066365879345643528800831990863766673214227411162980817255262958938485943072183455316400426450458113496411009649266082521623279624135082862109622787249549214565522069873076671476064380326188894405800678062368805374449049364341196590127926334282884723312870946921100506399871636691354081123471872066152629242509204967398857651550586212058620617700905707688311500119069669715210693 +/- 5.65e-677]*im
10; 4; 12; 3; 3; 1; 1; 8; 1; 1; [-7.33129705951259804582678501755072264931353137143544945311144911089407783458744244191495121434159133372419465993783304506148488249990577969540156161945433937842486145629511992365257452897635901856663176398931970474907668412952362439172582411546135441673484299191466552061110332239630141484504320581469054346680076955656432812717076348773099287304595602178527558843021171319538067626923495422727094738696865508461416086163063958172999441154985026039511401704644375620575393945376833411442725682076173852374950482072165828760601378022510632650085171594091985758926344874488709689607299037142700552705165209558239648515173755022067282401604320819613278758975079059904155990154206 +/- 6.89e-675] + [6.19682432419379701416640270359479660173590312065753619569104134898970256869438953379540123855761605198558339385661141555262025147628330585433859790777998913277233194426818571957247359882947635196186851637577931284850809687539403150767029199654198810986332416108290997635410816233739961518217438950748462138914121710429613410023378195767946281447528184084020031943275793629155626778002439939760218319824411577078340387564300079783704484234256794841065426600446767988368337214284395717667625499175191355756547377065008281980453405254952309488389600427866364015841986565007021436382329135215400670511718337075025317592895924662735911314282839297203353693867847412306427144387174 +/- 5.49e-675]*im
10; 4; 12; 3; 2; 1; 1; 7; 1; 1; [0.32290482842778248142328961836571894105111178907197985417906296016879973875053749424685200660785058284100444510622877477403292733764864270503410247544325092383578792738851140043964296018036157330907611677641765029271507516136569354724392226364522546721528331663231178715500747488243068392056481550546809086810345839549752849675659260819796701249940070121747502917264389134600318023828607367316943037585518373486665523414655421614312395879358145695299740683589057113159977849841714060023169935281066086120902289272609740757898772200553160849628577373129755075159458986311488167913021395588860250077601868150629209940737529576371277230876086892215785839281694654277003147516139 +/- 6.17e-675] + [-0.20039080130122747514392640620315919087623045453872802343606816837760448403868040158763573377404996406800243260076250560238263382769250076646673980970099258054606623325357671275153566248333938010193499464870092834288361849836427512020741726824804782813423064810687626114646581055423355987194793088225267161241334317369882518861698108240300207189372243091000482979224824474483122505591626416841288248031033707999140560750664124005099592473036400016038043071903836657887984970583187547738525919656887320250132629032572263906837082230282692518800915478848502661871316234800769562550626179472167432580508609178989278179173766413366755282649862476224550552969514236669713787785541 +/- 3.73e-675]*im
10; 4; 12; 3; 12; 1; 1; 4; 1; 1; [-1.10541753850531529731607967771890694917706005818708063744194893389045349747779493830391963910561104052785933519030060208045626277286367979581293100307356881961382294693709404277516734234004034610290056833883512757076084582328441540168362854000069213026068789792482652332821640249866031048541027504758574080938851947386942322623324325161643185440586060548206256125662289875583615284982716287399870036910139341335835319418889725370541244844734884370390891903513943263518546243731328944906060262972930514874190027030045870927413722742176712967794605069260764660265465042003415485686257521944366509947248054340421769617533117014373193362783521828544703606054814110068906649769497 +/- 4.92e-675] + [-10.27356354090626214743360216007313608128424958876647784796576977892837692573341408434728298004231821136066380603246558478746050997090582496919189892736938094368520274221959856484339423309600424489025758010928446570305068998237265929433302634879369471474905267698508382310238149656608818844677686313071317147444917892257260427600678395764156436119366017472772919063357297494756355887263934865353177742686435698333419468668181514937554703421950746420345498111473655144986420515065943556254303511644027179465188692718400681908400696488848320819825704439369081257344163618161278093552437492112911528976075716460188732196562607538240015461110003566158855156904371873806696577679089 +/- 1.36e-675]*im
10; 4; 12; 3; 11; 1; 1; 10; 1; 1; [-0.179083256662819076620178200523378129100857018906248214905053623555961130695576305218091230934769217488756296910604442373109878860951088592798221932700743567683759703641305027395588286264666591517012620683165378679172613257344869168031579881839107251696755762446242629430212195134428754781761507081188370873373257345065726414218200907355845995992588051893322815448868885399611609705044531688281137256118797410736720899868681069896464411002874724166753504822640346672165075050256403431692169330585995466940850496813060962835291411439735945839483321029125240997325325868212373559780785907295034923296693116773980182123512735595928671936423833801475662415617216812239882164668315 +/- 5.35e-676] + [0.170850829925155542355345532824950571142677587228804632847302456811703364340454563369959245055939365477375807332285409388069144240091241809031952679835132544402000926438904986557599053110221299649335694324994164075139045230559734559363257093266490240932497881872372061959813773144656828312465219932976110825325045102125221374815785704814737780543595835678083233307278358260483226801002864388706977904228146967971155160450767442307410305422281011597029602699320218491443285791535920137624897631094398572902176408696923801235816892303631771680592199040349422118233938163286071581634009718245928019603687407092684112864423876006854337856844899151518371935803636274861031703230113 +/- 4.91e-676]*im
10; 4; 12; 3; 8; 1; 1; 2; 1; 1; [0.0391638757803262501912265080576530438406434755799343404350282358955674841030201338634275581367912817104621879097354870706545629649007910843752302284851154328439284514938929376421606903213391204957377883318734080469402006102592054535702417524251349660051074960489310967932838740667323406207420786375552809468595998451758739422790772197613727216136438924661262955596341292745486585017029716528305403177375217091434277210173539895114702160127564396883747305738194202174229913677099253049097338367134072605766354813609164219011082156375480842739424738341479189260136699485170327915440633082697364871404212641323363203578502293465800350979564122476482926684563881353313408846870602 +/- 2.81e-677] + [0.0155123216019414818907160010179197077311303086179785338654049597119254412896061561303864849188048534080096195029157876574740976763222290331029832814990198231796172769568659955979346250028382075726160387231112680371551772270891247226786153132125688707014389304519777142472881516199949864552255684757956572714783524175007745120829355469034155970773842511697600413551561524023218692180634868192993850718034297432091044257742894799790355158986787940206974973112158314841569315297587834053574211584300144551718927048485909577081338980916239887364481202256863936656501158269768898872733954943528877004487074326363899802413464666117840787212011704640697020141841207356303442950556902 +/- 4.29e-677]*im
10; 4; 12; 3; 9; 1; 1; 4; 1; 1; [-43.8052243432926725283179308109078492263714734351259502743395441033267204798824499328488901788888688402527359824442885267265794567195690545909284304933343028263860893708279637493387533133003637074982968086602273040472250373059257276069140988971164917315271591237371484156542440945923637696920627977776651648250212145214715095244007250969450786693846126488181245497603443972956175551820914979445096096025169863605533653095399382332758693994607774607361515715701349603565918021654452985517367222042247738912132492188582924109705605515930848472802668590237855761316466476183058437089204658911439722170668526068214411907834480914350977085433241550078012590616221897736010817598131 +/- 5.53e-674] + [43.2923437849800815253625709462664029589450297779451714481505665569901687517404524721381441563755117565266169732205337568870493210354322043830943305471986502142477344547301733170853969382584014881812704074431240340272893783361116522620680769943924024251171275464693659282136190092808498087700272819348473597727884067401714196562454753755811289493970849928133808161756987204593476354769238523884549588701885682444342324093272726372527885279909388405724933939193651392699476076866901336086314847194217075419389851058600367930023821209826077018259208711817412048287327255921790683000262213827268647411392992854586420267755771360563586493585742013510997240012672774892091323677455 +/- 4.13e-674]*im
10; 4; 12; 3; 6; 1; 1; 7; 1; 1; [1.00491236874974758016830940288715814149522479743958969633724014775687509248515093880710012303832052537798516896255051541990670703550298251822455213289186293014743273548725337658488238352004002174887555805647675837834419379444174494767879836443508459044802313899220850489470740304232963789249241425565187543853370279531854339046535126970698340770514054100333897878077950889302369790867072063425946709646582527845274526283554843075196697742583913637312771001277767939575914229766678199733723128443180050135041597765230502716944475038728549427703794871020649954140732028506226634045344380880746118190816105450635427929963073106456204654848718636016848561989265535398693041062996 +/- 6.29e-675] + [1.10059956692505325923932577552802356054825783872643693227351694032259754380059315022809201770752944020128716642688703559605533188814866036115329268994602530774689099064951261293532704588863555189700295853169319486428743974911043453821875739273911363965284736626957636846793748442134464567343035228319562598777591322016298236652461745864575381258055963681384411972689287133479851144700791897043526121940825224815290177345505759659538670919703383409633791375787842168040730536533144780833449859131656770928882003110345513872794998892774840341985346458437278454715656065066071622666767297466645746950529995665725251403975309009727706817721464911870415612936164323397309206090323 +/- 6.18e-675]*im
10; 4; 12; 3; 11; 1; 1; 8; 1; 1; [0.417845788516036129554080293751110708523793676001997983499524462455684437108409412036659016463404176336081035099233855019021932203034112009933212934910048751837806402838430855112664168524995449513748524730383877126762270639361425968444448048317944468273291161535056710438674997500723538522857781590557903935573065429616216831283834967309949177854481125910174064521321366117121854257788594059971123409380414061828623566413359989500845930112534323023946473978256790449546868198124438917653819207883174676739737006666530952819388565220128328013573505946183048280094429339450175310079444311865326104202745316028063825801385893285032681594184452029149493808764006573359646745429126 +/- 3.63e-676] + [+/- 1.36e-676]*im
10; 4; 12; 3; 10; 1; 1; 7; 1; 1; [1.38364618468389606233345954530595074280383493241266728618839788224053161903980687241681617982783668215199592575677633671075242471333799492047865844341827908029734571806396051255024495861478929826389182426139691091891767214515805823179113716498499611552142459096410713941653871052010418103356149527802063939369359704962869590880667686971065385144338873524772653607381289934700429332579408726639480409334340046793888253811924861168818857969668970236241114107546095264752346040593545721346539339363253050979792867228467502438780588674114264487581063372111182750175252610900613888271120491526599998848706940849759656522963146597064604488066636889311679259545832807583032855187357 +/- 8.16e-675] + [-0.56403549999861690579260597208971838345376061704382784239949170613025420393303708575933162325391480020780131093438915377292002557298087897297827601132493377671537271898073282660607936498963273343480952523871982490754190141505407161769679459191376220438879753968258824052149001346449890992708415063790332631989314238581018671587256680159689405344039393595297367711097571757224421594788508111413796735200827269009174113212227493354000927174127478397238232266246423922142310369567593071290993488968965157749488258919694591462369720219969026095483130601750747851716754384485757834212029949124683184314947320746346556447502741678655823515032130353540927838499042497582698533105716 +/- 6.91e-675]*im
10; 4; 12; 3; 12; 1; 1; 3; 1; 1; [0.06415257076467466345267075910477604012595430879673541354301861827451201928584117027015598548915765682048757081029429568232997336621887366603633183203238372601650199462457357729215050347341537265487965614474161203438667363326792261004383481164266329222288809758021506433906217977958541300025238315931175292761853413212597857509209574821855224879943853051368086559652755991839420860154822078191441790790374326698007518344431508834206472560318095924561963175444183231762830858608414341883920230008240764351382531857121492127201942225104927080916845188050959501409625246192889452736108614260968667199420402711355603504075324461170653705412320599077042327884452883111786213308896 +/- 4.27e-675] + [0.596223136602786482490696988185962018781248917521201500670747154845065606610164133423120661322410125865991309162500495663579181293324372674855103384496396382766607722379521219231551792291322639268696144178014665387774762183058051637032033418838185245474337205294552938245269541710606524451819450755201686859161128816648601028493061725056591407493820074079712914366226533321374847814388077335864200258568362487291078846788755849423144953370258472439663880495778226768324734915135006140019741730993062128117906994850927953270181044489046158094687108069717512261116692108189840250154299847559714703553964588117150447212937423615061815902803958721729751445682383226715465399882581 +/- 6.80e-676]*im
10; 4; 12; 3; 2; 1; 1; 12; 1; 1; [1.419019311831978736091128550104348075419763014289897744526756179676204223383730038805364872505284522492473055281894129781415738139679662368673749531645168338145622575570576314526465117903662453124976560695931211419697482752551690080308883277886163154907448818729984634159503091669254677038684719643135811372167636505755329572007543709669266736132298003671764830418022501976473245381018292870765562934650565332868320484773158174017238785686952100846945091278936859642446722568575215191945653019752609943280598714101042803520000995207933962958122138625095430345175665128963336324351146299486634469584444853536475794859264400163347142594750363630467497084029100625824513458184366 +/- 4.76e-676] + [-0.241161994523179541179776824262582143280585624357682128927706285293735264136262368313988133473937866971744614020828361258249229330736433820371381711320430289659156035795082724933896050386137116046620589069974044346448119430236836119424262136493997549600550160968014209079179503812053563792886990278321763816720928706132185439347003382787913560841362033949108584579389107031719460969289213386642655207790991071852667315612671466302883958575923967419924542939904432959695073869627150164946387323478532667908252065786059451429349596024203099998347283796938875693966471903433497620279728659543358518592002948411864404233098491608002878794573188469481296272567076260217347060213186 +/- 2.52e-676]*im
10; 4; 12; 3; 8; 1; 1; 10; 1; 1; [-2.835809930974213356137363006539848011137896253391690080299685002253561022553562315254247750647710389875188064708107567957579297800459902578753479400573019223793985399053388569664911417266932731776376744562773173798818675412700578332213172105076045310922307603581739857529235090508100340456831463168773610410623705233054017718574510415335742837018753243528531466031653574166944099639965386552736294276576779406035887637441906006201068144827395139963535901530451272776932779387020362694371066494895068072022724280859905155271141091872543934892698254813282662490519941905879651387801342072765944124691834427480040739368366844326298615362829677684345250210204482627421145070183338 +/- 5.33e-676] + [-2.488107771630448676852581022503980769635624634671166679393458787865413943746930539723062493243864023367433149306853387711963137633477303336093802747510197559802569624941269955082464596619618398446072046466746844026795555624694283968084333592654281649552929630257609273418162724942708517429669189340272989491007436374993485185863000239181146894174138053037891237479797967749688974351054913109199158855869681672481213911885791798263954215205866644437136138833340667262432693502920534880052548749931013353648588105511618070760418738021307536916124386469608053879133872102922825110675573834589294042077503397515787493855420799573673925893506149635629456881969400051412232747613375 +/- 6.71e-676]*im
10; 4; 12; 3; 9; 1; 1; 3; 1; 1; [-0.788361465162513323725403617960526175142751501912376154205453700086198002988031116658795684349882914783684888304677441472635100618635711118418561843513720242784813261657708499745279616987378573988342083926013542140709992543050452985980221858386076528515868382160854089809544487037318257497899423487101617085134194753077824221079703962767046419045635434527952877165519430976348078884976635541192756760043371767133547749465289203876765722192491114454166830755557559964064329747335588288383813287637597157233148142528652205428786414479681970641752571157030411634509985458289078588173038354616145679607135998429448400860474470066125835622335552388553087713189206878861325499662901 +/- 4.42e-676] + [0.779131167304979517358016041112363787517115794740560670669886664219722116357616684277725358729559442163920290736671458300480936572736207156315455704577338883025310179471080901825300349481283205933830133991299664541515037790342215410913508712658790927370919482918494798152046477475747164490990010180624958287670339248576777833696888842283862593030981448094023670991875236686747810209836256746198832773684694141556522345272283305493580668751458329256972504782448644460649843508710150733536489048212856945594147885665942731941554450927019791146333076311043135225793035396815012337967377223913582264260098519069380779932631809826070488368205851287286621301524993390970347467365600 +/- 4.06e-676]*im
10; 4; 12; 3; 4; 1; 1; 11; 1; 1; [-0.012720629713167268412095082381792049754950992447414170492669961098761535898108195985431333186824610948848945019141737027328773826146487934992438749935247566900096832865779025347762330551303940726643681343372642612860521370317104890666054460808139766940035408089983881978635624601240564704482460535764380428607872978315519400594157202632199698295780899297204680040241214024802457506462113193946327458485451086319295193325482807104881835160512043173972274105296059145613884456087559120774678826998036314429087150259999075754838205430501076061224230211572823772604967208974096235181206812298466292517687295962826976152547195649090401222498809067014682730537316780492077940856400 +/- 5.22e-676] + [-0.018084825718852644346773626244439577458111290264619524122856180059264567630970947806534609597437294882849323293915530900417336698712911870552441457480002467253675829325040185074866690552619611848437806474465595285281649772958673559385286601138636388626858578768250331753125895480173158804910277038859374019474262397530745432735966743116178263395276478176322950992709133798493604353730332566381365021670649111116255163394308131793271930059256501890267360957811526283326024321028209987748628191245209034434003304139258868020854766330165784371940750064911683209243477033071803321813511525700399791974088437135085687894043661433647225849779881562103222044112780645351670887970560 +/- 3.66e-676]*im
10; 4; 12; 3; 8; 1; 1; 8; 1; 1; [-2.43148279701319583020116234994329060721589797499554040365922141089643690750262190551221518961106864910487330641994401656038822141884569954889925184142542027970004268294320009374984513462870630220558733226056936260395260405416744557224839548245170398899128371262746837391170257106106639803794830823212911253896617837838896486318968539099559769793151282001928964108704786984661321050156853122395606507914923788817052715561994573551442689728889572989398552520913506582880316563498340441913079383857849980124394364670039078988046868126037567697802529992719820501429384978480787965140943652178425624466913337406447959629756639821717416365869038416662842041541836091601668027746861 +/- 8.47e-675] + [-27.32868928348297705656530590180099443360439947557263648515762962216532894618712788551236139489908514987595289419564815367320650252753599030608926770937974535790432497999663072859698089741134464363643987962753337088434479880424306135801085715785083147395003155969650351211582664982924542079126863609812101087163759975102443442007135881537795360906988022090347957854874938034063699515342174920525837858156054976295602421498196205084995593397985755239982042066320875628908372205978212319879421895873298093514658155591617817995479011020970138980214154246508148086418991703380053842017135951735365824192892033559200965092081577195429898826792053581520190580687496598185957613503819 +/- 6.62e-675]*im
10; 4; 12; 3; 6; 1; 1; 12; 1; 1; [0.413772056581754740070419265713569667659147867737061340103635692762927742759496927466354182341180059074632207594264485237514587891086311553432246679983215882668936736289549774575785406443083654617558174119672445936275538387100710911133503241102886950587489506249811532323005640041513685621795615361135560945551170658416009847630668272134035394354991216744109007952561327365225375210081046921081794023546032732025978000623364334906487279105636029907194917601499790697367726341404350932407894427849107851061393903486689851857908502315082339145171117839060544154336871236679500355574239355891826249401043015522195918121354269422054419483003658618842587913345078563417695106754926 +/- 6.04e-676] + [1.123393080006107108104986723419974188755160553042789395536858081944028954903431116784205438356035355132360883489054186618820177675601934598371209184086873395024571686619646272234873319643749412315617578169835443426139085032952121502145187279306296572723553482251595097708543800841086185176412228908332153687717096896180032848876437502291908562125008281602283130148622539995440449850681440006410147841709043949712844295536144578458727971819404243357235261065267644171528820992076010546919119534821071710151867634140182009904215919062019901607821149022630392552829907347099177705646122322194568324401516925539374836007288185595740958508537568039216557470770384258982779113688796 +/- 5.00e-676]*im
10; 4; 12; 3; 10; 1; 1; 12; 1; 1; [1.40682748038386411427413669001932753310790340110112369337777327132389284441913092261573013282958150327752661039897136500929520115321284012049633458752441543460256549459930797144210838739951003188923081804950577494562406240923062737397938421518662146536144490202633810277952783477046698177974221778061503864018024023488322189527961564672931828884487407663540465835000768802175686740642143204568591162575011595675068857007185945766608402049518543724496445636759292418011340193712846559903997529397753626651503098820513685674391626577768260352057304692875686837371469856084960518595570363000676172937019338197867218093133461129027215698382902827875046312002143469874488186898762 +/- 1.46e-675] + [+/- 4.83e-676]*im
10; 4; 12; 3; 5; 1; 1; 7; 1; 1; [-1.84718398977263974609800805271073997315405211801381495357201932704068646844855794116289239051451915416648974982410782776064466017591494794431769177693386084433866403845853828344703494715300139767826278995906721034352183966604717085474454917285316656451083523713735063320830355320358415871926001403712557583561429562255222021153798053344945136244798210359908413636226216883833693476827784408702378575067212543843695174871754995218499041025988116743895083520966692327074895360855046000237077040372282444369891995102243620685980636499275262537383495184181269469573767509815890513835858030649672064577143402250597764945145245398385592077391445662875638356444502442896483280635698 +/- 1.51e-675] + [0.24985714269578223999063646157859361851407361640913547956567091331429465516583391994131145548134638481775553433653888284219097677275580705277335427228689158959672285453526735425880414837143785539944541228080070408480221761570701890906814030737143368964985345820008676045164229556011792925321710642664955978013735740105087694929419507219752377608078576069583703220891438948309340560823849570894436161467378620062272343978714846388046336435741827454055052563444942827182092468968134095484002003906282981439706786032506935181632204614696932983570172786452472242758189575697742322927137692461968653280134618583856004225132679619823172819918432104388888352853143377040255987633099 +/- 4.13e-675]*im
10; 4; 12; 3; 4; 1; 1; 5; 1; 1; [0.034997534081174407984537353541589408958720780972911384781170572071064624330937879477723535904746768498250843429329973915708179192495035718363811363034629548251426101273157750492618017639200593948411865304669476555035606937591496911957090395287409202375845301473085449400767090503302864387190312209838155206741668325081721957865486535948927594248183457056429801992684496093923213387203760171231253584242310593495865168504793232328487613870984209059927797087884137420035572902489761284523324035458704842882030115788927398861136655887680151785930287635796711213934374332563208227385492467789842034679755441603409546798071384699269896271394064379992177244413780804231653031494169 +/- 7.99e-676] + [-0.001797066161672007342507468852917594049660635795327272501719948489627684960070931712488824527730991247952517075881225158210728400512062354591453844656038588947805412900241526331277612385047820753428211353873635384416314124765324921106688813441724613873541488052615253258724361361565674866140029040855674338456566544637097812571118206756286623688179437301315119050553008174511876341306079477897837974514641940436681858678332664927780136936280568543510136767741030102229556276200968941503284590933813440178747385250312536890154729367152210670204181994885713201158888268064954703384344824582935807139906804293369789695182657713570817199689698805936464232783609251252053562053885 +/- 4.59e-676]*im
10; 4; 12; 3; 7; 1; 1; 7; 1; 1; [-1.28455521862115140134499317348787782607744410835563353774373449144500060041654429486624705968396725406621387903212547917000971011629475908608302167333845353127717036085133993312292845910662795715344174370809803561791668506765193350873598727554707086399027163401086622979690434011403556489253178672958415384049448755025697656268745063656141175258587593242419551305696106750629236178496057772744179225354645663026342403368167122060831408887839064693892645437178147544915821795103082786054661265099811819347078612588039318365562467789623279369864411436654033381502890935101828139343481412965265709137666499505328492319080029159165152926515753823537639528357014471834455303884823 +/- 2.36e-675] + [-0.502293004144692737763807772230131304282398532140675288212281542194178380395025238464888017926202444113997191267865081777800660558357506359107991940800048820561917264432685380073960207968135556247424333662980974855136409059933013899378625139425963504335634644640355014672981533593638595173699565606280787911788324471861704443802024385061727633642933874069077571094516740016178510257131435954186419937743393879177010766751236301042931554193445686188460781936908978664106343317703924306394836475004938800949423619129636546495650186944265161096467938844478704805006510627509677922238018686081301806760980228898959737103586948043016653861022638924876182494420758165488143030063126 +/- 9.46e-676]*im
10; 4; 12; 3; 2; 1; 1; 6; 1; 1; [1.167838066104477752409667954302439237975813759984139135872790753935816465393541061575497452362858882826064668068575733981895623674652085814367193380006439071802913874571305212597982746613624667799428646358524292822384408524389859957639298217740489307246758770621679194733621385587852429366752260128298263813507184833750423327956457505035241556748482367560958716470477651384956582408050083332715403385810696675284172553502924140728791554070031024520709299831261539670357991387316306051242929017938241335251862338991620657085800689736436428240702522080265410389506022309470638527460493046470890141989676409717559770339552662083243334103748414032434620788323566362289299996118986 +/- 3.99e-676] + [-0.522887097146264464559404023938246741769267799119242524074584584024759562229559221814171977667400794442808577495828368366986743617821480936466740954425954344140715881867999830583881838369284115385909075134675026778012230266717984387893968593955966167845132363258888074064421323368439094916330021959204051911794573292293070779935709636598591358554939534041118707599528231826218951712163451204108509465446931157261314905505630452522107072765269129449583993285365548948967288729147113698372974016800178244976588454793821741242035427559812827299509259083404477181362419030364232974427623752009149132171483159097154261403768879223834544628877577149464744631347552894416197360738718 +/- 5.13e-676]*im
10; 4; 12; 3; 3; 1; 1; 9; 1; 1; [-0.45198075488967218078578467670815684698502778565631745152708992885374102006855359234749186710949694757316685337658878329142521152910918047076276984966857965715741843910882710654279198947513795303533263770898044005963528856713634062792066113512482369850906159854590715595214746012932648858314233177189535516583481989512628728491257179555852542732902101075136900102431528130587808519659480636729904182485320270495066693142659034485595737146692507275502375750971948353256404079689773251310400398462744975003960261217003221106915283001009531388946660905330662711427063782113322645014225702660763311211645001388441183389591300652732570251083503924789983694374227170147284510567309 +/- 3.45e-675] + [-0.19470865912991720890457521109204934978899359819781491234182408526017397625889937575150459707648846265380648248827914144432644176632790799408751925910194214028077371614692646354739038904039646560980492629443404558011296020428009184294083302446621435491133643588115950174413866163094244532888026863361736889098457374695321846831958722315810090431517804857782100742138539144951481611392386432290040373868631678811203513756530136892593588495136622860225126536330154055141962553648841862771500238315904037155825712218134083339834079073062455772092229817026128005692868707759579356145942743813000914852905852856171387043142485851396581803408870066308680608356220960278057087082505 +/- 3.41e-675]*im
10; 4; 12; 3; 5; 1; 1; 12; 1; 1; [-1.026848911831236467636368242727322874170061334607743026138491789898289971654746845212751335421862470389039166694042653766382130592054057998127680257908747923154399782538720522943140275513952095063213534769282311220288231880762540798519384582514789832931511182621115976105364295752106592005698106745427856965498251463982294646531070577054412296387084107839581146861004237985263492413122023770786732773949534034493516434769844628640581876169353569291269876166717138458376351697502147685786068575708744984552978124275107912491877706258996985397022251332190342654261891748865090481597383117253242647681557145134284303320134867260403493937536455355693854795350626572151915301963878 +/- 6.67e-676] + [-0.265077384679384414981887541744809000655898064509867583502703452467110685269662907935233802733420040568960340654850741638088030954416752185167288283816211851307763249955920358948483520226313336088207368242600211664505508723150622894869748822499707060132801617717267556359703011106086111384001048184357207059941712741481417306611699912127552322950559800410810133676621872786493874002275096030708687261317742736207908042441018469802353818100523944399790900987442092030102328503923949061580451136226953873090431992121643248666879337615081709376090428134369292575233990211630436451253795149308450678262741845814040131957029557609669512361135094293221706083899449233522691578602282 +/- 1.97e-676]*im
10; 4; 12; 3; 6; 1; 1; 6; 1; 1; [0.984781286248311369267489004984552198533965863576118131872695233298840299495911210912168374648318305539459276810498091670739181823630202070371075731727951343480440248741894349781877147556775595917439327693288661248447650634388835011877326998095777498404099710865559322059278157167827634214425935009898146736512619569058826081565539919697583484636183685009213064478897196581993589779975309785698020035827060173151386551754270670928736735729528195056062839891990482652437332371602101056870399754324648722228216168072480912327855440303280558337813528372896222870633171618225404396063620212063025287574148876752385527537069838659426212572750080362813183219671821407316875259579123 +/- 7.66e-676] + [1.422489537557919421912435874663990993541519633530911342455016557267790512196937856075945355673677711243490212837255852965294700388467997221557052796119830553471420162811918849985133247844794913662232229941428528647270551062246158684305725224614159133957745302721823999813346764386635019422917591582022202559790563645520276232261225196162674274393927901367107296051463904552427235096940977842396539930689180333583406598174862654488399415775946165991442871346554741673415812125172085425163028168499610169407308890676951309383752479596213640581252603500337656509774918290825411791168803304566864828182819082185610061891682683388881087349984701182449856893720738813502560845210137 +/- 5.53e-676]*im
10; 4; 12; 3; 7; 1; 1; 12; 1; 1; [-0.900437114021517406402483865122896809725991450654681517772769098438565597897045079695355920795530363381338737087157809853861010542071205730767960534879194131414263993581319923304366760069519095452700268781768229871782834936780432805547064170098893425382885026252694135837571139092669175830340739963950353817222589851469513702124922405889295873687610665284966773547793950516719059828608003409469267350736966858265935451698500787275184694726635528568410461419343979642481150437269372359997283907511020509376711792903282670448738717732496547128651119288309440331847765686648115571068786555786684803834522355079130220415196251728760757879718739350332651750121777033590109376834627 +/- 6.24e-676] + [-0.855520512707757921052718155711246679466874878624257367757909808876498439966531030734027664308733697119272545806576446475552410317784562964221397758468670303765539418955307917949764964314589065512134263001727100456007824755754138209175448229994308818238461081424839211558435729529307772732382491502014755325448983498483579298864688258929998291689376497110413200228742601645936922078139963297220788543416233150758034446383614511308893954998333391356296693340755165573618803794066103521474509759468639457644068379044911386971471696365656952359455000919522760491965093385814616525258655604885948226697934653362154575154500745085856369101401251401177774837525883211416671993211983 +/- 4.72e-676]*im
10; 4; 12; 3; 4; 1; 1; 2; 1; 1; [-6.45667678056574370151152385846301292141683618991082028959910421275960398980810253729696037856656587094694261197867841521602753598951251569545273970579790005700434802680406188128678593642819771005435063949579773978358702621390245919774780845771642250414979137732358513100834541924059932482116405226542493583108578700132694270179066047646499663008120543646433269049553888895303894869774973606355624705457006954628025995762480514212039333079355440801802532654167582165654254719003293726189168561565444313864267519974527924265687590411592699960497549015588922092976672294935449951388156645910930577038789697114566091089231101943471698991215386431631547538314100712211911233993e-5 +/- 8.61e-677] + [-0.0002686475931836619064637927188688714191606992119468177511332711030706240704084019255160982930692859604920048763422514723765587769199672542348279948006224156486306584153092688148984822739101119003337842975346544129360010291150573541938400974294616096932049087751568841418789088880873105311676709787357248802674988683857162401305623442752890745930225564613944986924655897397021006612024412416483932323711880637753067631763826054660763563015187566800421267837421030587943609018771784310516145513090545690805508781665766375283350280635692430871296751660365147480595172164578383608264829497982153982334802108486405354573214555951927064341321876704538024745594032040135935261352380 +/- 6.43e-677]*im
10; 4; 12; 3; 10; 1; 1; 6; 1; 1; [1.49064962183287266477911144897663237378330106893669331994439312542213635969832852431098843725432636819667719368188979317518269862553799089601167533872839895359264606828866332143449510912488939683225143731300687059673489398552130703757956040496209293696429239878134177303621136461073591944022199579871419968524887596348732303028454316784190242754854766686905374230990078339983529985052774963377347267933273252882457676907122790382002039438505850150098842730240734305578042389013262826240209712840687613591117812494755372790472746675656910518238757232572254334032075864395670077428031416266712510380959666520263805300247659984029028639166035302603356230134598879437207033260263 +/- 3.36e-675] + [-0.38480588397771267513505680664119075580499041132893193391722960938057963363444502163527976082510559743362595720302963807878729426663963307965116622540531683355040744311359383529147658663714681704158267911584025991094565418240401000754196908003678578460877323642710889892429409681073968236194442249145097515120425952718467508943274352678896599356382093103194253896685735384973034594552710654758005540831168472194456844355123767502121893183485785199530513916344704362664067046108384046562638014716184509776942808896004995335364191471862271156747001586473375043256376308999758106043847850119727357288036580839045933879255668052154014649312771753949653281236814626573879790735783 +/- 4.98e-675]*im
10; 4; 12; 3; 11; 1; 1; 9; 1; 1; [-0.033756913949825591540685568257273724787296337726796620946142278811360360973246625752372418909786210022660304744439552481713499456613908212375615114358122240712052486072962160629014584271106585048647986916947504431415478302477951936756377567731078906194835550174129040359521070894374043422669198987586239748813267412570371320641689824545810237908290450805205245640168685042951864284378087829689625499717844570259177774991122059812794971855717314479192041364778836291772389227529114981478963253643283828819554514938277996214195586755953796794660812001706415590134142707775303910562464427611672193224072513762735243205316936526420464239938649963963246113956633806959104732416610 +/- 3.48e-676] + [-0.067742171807580696231865739113916506239860698909244085816609280925006114843753907480855649344606125169292642937290562503293234370822305151841554778995144968826267053169080190336008414441252344736677293494460887021402115756710236824385576502655114499934298941021080705629818658386944760195786383134409814560807975738261928030020814145085724677074728578697640918456475303980537898736427635561749764473280390694092439916896460827242190653447308873586622150174377515898875566692236437134751763633663878182802469748808736078978733827842688155613628302482605497213877948630056318647496316076070243258682278303574104557089063812993147054304104628739564203935296941805105721903200822 +/- 2.40e-676]*im
10; 4; 12; 3; 4; 1; 1; 10; 1; 1; [0.006269702443987152406698858279203109297820912368107336185353690001790215098295587873867447716383249677630456036020177387981834317269484234177987268323134887099549720651793241833267069243266770654134491597771256048940163333664689160592706946423145640731450848015875485767103610855149122493785147597071232136040617080595719028805049028993974386788198185540556553630480129696069111564247110155756650259099980663356496104098455992577101218236538018341018817463945473626525852247816945031622747798666221388520318029899783906393612160748336832287788554657502819327456873568104125165554502952021849120430322405543961726963565074570489414653241969757972421447752167639064427008540976 +/- 4.36e-676] + [-0.058269553537183701191128504120291970287573826589603619462896633103228988625170930270573226435019932211463384708012218088203144450192023152553638382347795338823948280340950441039514771783481174824429111562311656788403551421469357994786695830059219336200453785560181722441941123819728069124162461401651543884409799326272486288004664687420113576898923647615482342257188347165085872070315890988354993694489441674782037611773483890062901775129882381307316853758819255706849661941496653775515452065694082146044937408284962694301139857213304375715245951370103719933498642504270436274703543227127946262343639518166683479686711892752452791345330268989131453980114493051807838792054904 +/- 2.82e-676]*im
10; 4; 12; 3; 12; 1; 1; 11; 1; 1; [-0.12213739494651248214307736486592856365743456297363814019358338635693251369514493353835971457350879039294760062040376723517483168022216696443487239028242589876381883712065885527887747985867372350219980321920650849662544038684509873734774501481231544535930870507418929693297917764007361603108107308624017465940170664589000489422596504757790587953916649565313861048081415356999206294637071568173342939071843474238669153735404016001928743666795890713735646457658506874025271372938735296057693718831985294293086130250141376485295563909973041390732902486949375060130064482143768405725916302295549236417870749256803593371735443063684966087525232987124664546762546948586953988206561 +/- 4.77e-675] + [0.10716197804861927573611240876023139060120501869249062474373243619316104230894532894732524121525818133254215876816952593587729948957825108836079957264563798453513124284802819500189920163729260359614498467868961836576784266994306759394230139557945466475376561744466308932658475364799842897104566173736323757377713821207123476188261190816335187855677801098826518203356693478303015940077542133835793556356255796141404716943971888749553359036778458846395345306787045597101089727358069256013840158991655278969575614617641502320908725544848720053826761018987376915114389246315838390213850107637289514852353685089235438773403333840582094678938199952052438930573651063165228752965080 +/- 1.40e-675]*im
10; 4; 12; 3; 2; 1; 1; 4; 1; 1; [2.79521433367492229397902087339067987540389919103257816345384773419133494785063816165135666818087621843419015097235852973476558257855963401882848413715600690336191397147002407927199225071705827201784121296708327697412013954341501596529930397099874200183386081570975238336237299096518120641807224319563645531550172428965095434730499205841636624306700026416192768792367871157676561121301184145256260015535592655555515434631155319292512835048677273124238173491292877594667527546371064566132559741032105148658289464773297571025961436584986952331438858034053088028560214618539719192060469548525712809444467939177213223482323062231812846157029683055583156199415894960834438301321701 +/- 3.38e-675] + [-11.63024925507334609998071237591963119574518788223249191333786141003398833043775392075949265100802674383805901724575301787865574290146687596660364903655154830485607215060698989429955771615821945353245198318195590319726811837730384490360657457559048913848388053804803258234376991137784146993410128788363309932559841056165707477686665510435247989601832604151669826745726108940826053326022851935579406076075396939541733881314084302103507721487399713156709802050965247790353070085185842165842975247140537783763122001666862473453260257893536831356815552316891689467789275919201673058841646654360576101533079259273402078905817996659396910703423556643581981062794222361805610164441391 +/- 2.63e-675]*im
10; 4; 12; 3; 8; 1; 1; 9; 1; 1; [0.472179918542073441220094513463070513752976407479302953270622930135219762610547696222691189957323363500907823366837156858512986363210376641875140620280477812948792130446824009959143375333592194081978024524103566960318139701843311049630772928637923177204992682492800620477025620871576747615653908564123081917413104547129262702862327039732067473374181093953966386274529280488133670889641479346216348641615268621280889908911550608679673008118212152681143355721913072857370547019607860596912495999389809068710122072178541449069780450980688940722776964431921070852666933573773590820252469700534364690140208498823912121833835665647072884301388691769128222741196854233464588055181753 +/- 5.56e-676] + [-0.290169805476468960560255422232345994053549455595822885828113167192179141007974386541585846705453094563795074592471617785012069404673451423166056326602804820504261137887085613892869042166521783525357717777976147367295604622465565208450776027205956464393739796689685261024763960737445961333691777909032655945925415391219801053764531305553001263739940419640050902700228638772646203822106918607615665601761595449312912875638418422012365285015796814846094272930769386336827079707861620977776104080181774443155768650190741665823767926345627228822060592417534863077596730966162629561095016957661041127542456791132126810983806169435028706504785957062344049609019150481964358811915412 +/- 3.77e-676]*im
10; 4; 12; 3; 9; 1; 1; 11; 1; 1; [0.21793737591211546301875290556812050491951623356069810840746088165799244924387205533315666969373269511950974813760978215998458389672965637303464572678413374663199392016963870555797431169928850909135693220685870148398340387718361247394158842097795714468927551403584558671711282215283648867453669157664962244806662218731508626962133706525001310673821732023398050958338465668275622722910542643717569538086038160913777225076546026197926707224778158567940278118125946694939064253987168094958757404773658710706746150172514791420948402502963331076377124940534308539220855922890854980691659425737972602670686835764541426573209877291707749595930332330950436551927999445806836668893747 +/- 4.13e-675] + [0.039273343659655607242412254915991772869177174077086951059762811563376108353531699645831021076519309863803441569234638018091630410855627399819818583022737465078953381788351238537759394775668595867914118119556922627866498272591860566555409554191644822352985196105791109386412599606986583935569156849136812462529787684351264960729133255443851270276357126766974036308096799822893160028391965188867485767378063859827969894455409515111925285558060735281111120102588153978195898087730234551192929147121407171164018160525483159546766474489548334180059286647659201569736329440939971053841330887950972087950052236305372247017320635496527763004611589122503370871006752613036087465835047 +/- 9.56e-676]*im
10; 4; 12; 3; 4; 1; 1; 8; 1; 1; [-0.02756489429524298676628875969189761000464056759045531805050647383293261321030249134157045564973474983871672663602206050806092860928877869377026452396480179757860557975302231323084175714487716598190475276812789976926449209968980550622394577849719212715792850374561831512249878373295014470980201507694154253050240446037400315924259095482210153433069987073451481880827891745499324330251567718347090890108784594828481627395455512740789445944951290736107218568163312779259051492346853633982796123685196566613256136816930937956339068918353763086476032012783674314444721405147407200040144131983089746954685595254290942775484679120443986443832489988369598182669305323984231180848703 +/- 3.30e-675] + [0.02329939792044775555329420314811010867832082997561104285031435474761891094120897216232897454099799436759027209126926321593529840990771186929508625624338308349028494761220390144060401797056042394827586901493300372618557493097633287362748852565324795978652519740355035541318364913989850078055170582294047910229733252029953316837359913442028682578232035910294289285219263146253036423067811011551754117144128202201632787170874712514075164055213880372825710712389489211612733566078520850586583930579994841767892658589336906852989400646127819420215526107793735258495720919216371414696376112839767526007866218348662488208757766211007275523512638185967104240048713902706707102602268 +/- 4.30e-675]*im
10; 4; 12; 3; 5; 1; 1; 6; 1; 1; [-1.336103290117332009191003748025960893196869854082865283719556695357124007309254219089958719320853472211787765462490129714438758797689873476470003399285631961878730531175280038081223060710220316733775873044083313347866319536715512608800469249566491129761906199900671412072056603235352277075056059614929972562991348397931610799691594904783884984982474529569570129230627198027796835469881985102685136640105150617164928124040042775208931786221639623878474462373180220440696240876903678674381531420191072727681748028470981214834157932177886608369000091651371603216861334611070558907111815321983094989137678107234905096770906504412565838030412197811122164534907827768435504303969169 +/- 6.49e-676] + [+/- 1.75e-676]*im
10; 4; 12; 3; 6; 1; 1; 4; 1; 1; [48.13291128669259094244523101218749831606175432034739534314581697009060641442259682436385054387226559861614590315175016859241626690584193312064127088214921461836763919723337001063184843714135459004652535538086871181052504122728312727374363984649357174175220781058593288074486182791694446700503921873444551055570861397803231626383374604321918149412689319221014475323744941900601181850900717495261406593396707509372634322252343958712982501380645629034373994595153508707640110465602107407792904060304707009707346948147230602718471518086347606024960964189512019481465752005843015556338449045336156143478406273906321087975922574682991138216521474624890245255214378551082437740070384 +/- 6.67e-675] + [2.47154630767555183348259152034286847323805208281898689333384981233679176780412583844853931741732710943734950966899088692767204360761360200445976543116790277107992485753246196630788244485015900329864126473684122571074828654539544232888579297952947909650528197159718856618223386858355434640469638085935096927615771746468342687740285449802064615580169134426425063307083342150431836992523593624411377410531946450421487405987297212412476546126379109943603980525011733745292490554545637487454343754925952090987301005283584198705715419483349371537947442808962794048995363481122322661247489715194177272992219892389236703177722790408082219823883498693408151847591645943946631488292849 +/- 3.72e-675]*im
10; 4; 12; 3; 12; 1; 1; 5; 1; 1; [-0.01612261203519393682860292897377773366547793776644725105213019358245426519312819655284690674772821943142265491622440046005334735711647048693252112581502919996752972659743309302214323868843758878189413290473388505823150833192465997673357293935168330828903058336629962579740033773606536039932046347631422893894776977854251832165868778938833343956304756445884782833994532964185827801829772837380089566022193627619128722804030589893408482239482728568657194701877313866751231784733112410865262109567425853134166574551469154366239599031234934811503952611962648068604464399738384396104484633045584113634893475190083702002400945038987548927198795550640805921502456216984545215723449 +/- 3.43e-675] + [-0.10087370454825686736827543303780731483402045587025280391423394788734142921430933557360107044068700277959876430037764210457617160019768965320294451248537259529660088780013044666490039337122916445678383359991530927173443404968196188837441588707581674320804694237781047753433498410566558918977973373473766765816366096591617322070491840194544163966950287756076400287253076694140717257440191618700182632618565705745793115256954036520496244477354674216716641667119506699652637219888948387207455077777887336769352257121678885191527680056300217292970805912452955557992955937577504634933036034545378514370306011621231107293565962069014598207912314334660035000991572747503165691153904 +/- 4.19e-675]*im
10; 4; 12; 3; 2; 1; 1; 3; 1; 1; [-0.176399120344746567503204895318033371849001808992036288603126541716822937185156904239748455262211356864175099150773638259769011830125301610037431017390579637498170368364671203946922764458839023077709815947194041182942653377088748560441798992029899668170888287101292599813099791582634497145158064341284440651617542217204139332695524251971854897143426187163298288548703366169137360655324255743626451582810051517878702886230784986359401208858948990639344927360042466090813920276836497140933114054866200965533572072894950834798212384613548382611146959684495317797222966217625104689356972153669931929184481253740499116780667752952267234336151814721303092290617123512773437044607238 +/- 5.68e-676] + [0.733956503180866699776478413136040323980522409412676547915838104909503878460127611987009725973532698051888407588885135334265441819516527558732997124494480535860498772952981011164915740768290249170119214292423580398136755119104565719141012693498715171678058321595755248320591129297779818535339495798550799803201495713769398391211269942129387385196549746169717058678778184811623329789595475668725645827184031317201229572569038727215636105564763895011367677869692402048565156490340095899953902689152889788254673219409472127767314510271955772204143046152741380850697171552030638543381736902426405334671927697948277311354317037605100923569863622004790219954556228174972409602232469 +/- 5.51e-676]*im
10; 4; 12; 3; 10; 1; 1; 4; 1; 1; [-39.0424522541380945905635590409729630539241503701992382578998533835115323987891404855391638253554350692114701402506132662599779194173399520345509110818009604335448064371639895022990372487325096284429482343010821932962010419481699247221914101658592193656567763213646446847275002014048248044082882447697984032345499867684704232102258018046392900728678032729904495795062459280674934104219644906613242363547730186678062563537307693435384315314453387897433301198605456354487029782761764186757914048097285326052582368614987262717937952469088694586063185383952329843717962661015073312535374552820816719894972978292828334626725250499482354853423703313703956736155444295378399525146022 +/- 3.87e-674] + [91.2714293452079152949754715705184555777252916665537403007815727441224421614792886559594074452900193480521632573844751694441664044720252484587457614693628630444477208153008106407061161487054068246432568124376102683854521156996521085284015178462623090793093399615976300282948967232139744788987680588437491546922532057941989664653240365006464973527192470361718770311463751966400697234497845439715453520508587930952922510058183843561474921796448209805691122671788687317548166469308154398144912136532094259927553629454405150758173519186979312045286451069377174568008409889173312301190543304422391269051390622445702315855125551116364108104384641374623787411156926398873446526000051 +/- 3.26e-674]*im
10; 4; 12; 3; 9; 1; 1; 5; 1; 1; [-2.168842114948900630704648491484114408624879492316159372183722023117448502084212121816519474982958878050561815251996397483291046978919113313705238827794275102204878240430531841013719081316135803952817888977965683802046887993879789933299880066921502822978977435625489991228282121298347893354961813204795460353654232083276176595589990520358134130516239054892094286692047466992105456212528461209482154520631401890807625894370398286548133977714631481244689990813025177708753255208937598854291303001647414182629024755435987639266467705785477530120060440042724520732218531743483201548234650862046177598939759650800382335569958382453730718300428208254557345515294530555455324802876077 +/- 4.97e-676] + [2.375358057749228197088799476284665725206451413232233251510753614643404572912314545688637758900977461104603319457273616580222390038768757622650085192420720555825557946715381754590386051975539927004706161115135542971629633250874302196763233167693276745472846198092459035083921748549867226250629855000756443739247981746925141030727416915782369964151904651405631011468757700957052200288263039326871633254117070098280976636715008226443811893634235001087297538446977874361512713160506218201830644441416051727272918816612160078052161537590236311661536447071980616820052847856611155821428537922719584529114557304875223626249758040697132600290292680656345181200003016051571947072886155 +/- 5.27e-676]*im
10; 4; 12; 3; 7; 1; 1; 6; 1; 1; [-1.453535807951728768754088125598255067370728907296513740250072315701531131942793226298538485265488472509830000733155442781355197263244451253937266893207264989836334028658407433306576638276099642235420823763788418694027165278214037098448706906510279769762697297055557495631186111855360352579934961241006392582406969534281198231027005317089575504085814008471468648334054751828317073134468980002370947936257965238831272994391385625239709726260299347941795884802305489997647410951763444417335976507815412456962293836834982661985999362840296943398929954384293168393011373870858531455604167808689434164166461708955112596489150383905578179274093674500998815837718214803319195593375847 +/- 4.45e-676] + [-0.807699868488019501912955829553324817377731206425267085725047104926762874175776110787493996914978660105598603617572215770275201685071144187848962653736395267848033480985375024366511390582044030031461662540088103244275624363348108351368018810248642144950617246046302575150502585169433567135340500530785741896659639490521927483567698333678227423411942129409535534058753762051423231464528471109463782558306945156661801977060574635225049978665899578088818079205309866716052749158986995146340964494086880629947695405047460504441856938067850525654849972966760318165241246056549862070855448307017110592911987440854801848116103011522176587252039420193404003352635741498547279632476077 +/- 2.75e-676]*im
10; 4; 12; 3; 6; 1; 1; 3; 1; 1; [-2.061631406058418721200741921678227461757442144391935321400059654827712380412002793075928737538814090799397819249982515922162514661177368366729560113660375144140273357152020415238900541251974414584497545716105530609757582755396002100850712657418582738243718361283919865138470229185316578217819214215301469606826066190976469239513737836633986184961911045149865006949607081635900109684727012266691640759273202235544543950156960280398443944860916073560881163135241740068247058183084002212038251188517944821555753328852985525288396343312160180658199607199000976955329270421166262789631465298038692476450007223563928822909645736917010585402229194377806905080796584912209770046108122 +/- 5.08e-676] + [-0.105861402379797086527898758850664950677158198677390947850272354064466133648193818302346524536000595416774242540932431139233730409495874198064766393912027675576254480335773782343093571563743155720922704511081309558681897189428042987252922391288008980839386768743370636172641756151883605136078183259612510336528554258533479712856157778118884672364120157055277217580069182179413089635280733192968033967899079815132212695910637932315884234046945744847134963159565035188278516803671962811623942235333487701100249924462501865730823110924804431837063498333846120571458640937912093676097991308325262786027242512533355836369084045840571656868966766162241524599178389119260343032066311 +/- 6.42e-676]*im
10; 4; 12; 3; 3; 1; 1; 7; 1; 1; [0.09282439458256924281370392804060580727532728563935243878178946650429080954427776014703355513360842004868986988534257165910593208899411974150193872174243412628219638084581656126423560046876068810482080089134751177967258347789453373221239992793952030821058128008992575250445790041083239340848334586176169774115492293232830619286819415651952708015618042902533992593745898203336645295308572524711575974261031752018821250277498684997991907908409232283789128426559373937962114252130310169144155063761873687480254700614194592488977190902539031120294301733419167341906892187385211255765203994544333981415153396374943889296769214145882458417133752701316907240764861862167315508820902 +/- 7.72e-675] + [0.09173758751715066490804095767474763377646145085646053943712819088959738374330520271978169309720563914457505850784625110608010696309042435607755033262350799338441985213612346854613259046555596760503825068450519787499382008135733399802424689704869073799139986352266470113631697294993815412002518119173132555461724066955323435609002760494334453547166108335228052465675040235611359096222172340029908284850405972380530872796402670804346922522852542575647216256680700230806984268517358212386382248190648024077765382686776055516529637888465226313964330023927654692622943745123864546760894293113788066385175569966224650588199716140913771838800966631509980336496892195886254856210266 +/- 7.36e-675]*im
10; 4; 12; 3; 10; 1; 1; 3; 1; 1; [-1.522385207053122438144766747163963747957444835099168935110422773751439226843345239250110012788401681860996147847432426068141499145706345559232367604175439670813761202781143703674018566157744953345991698469196081451019538343333768753080846974458923451430773133892700655179027772350003312578149368945151351186662395358347623147253286087110081032627534221693763388232638800647582519121253968527928421999141443557375177362541569846359281539342332817689895572420001002908222941154855668287808648979534801284727540205156575904659955968604857884584826573735723703108405143384560250791214408005173589477735669528372757987773217895038667936285178945411389078255523177139412795875297266 +/- 6.66e-676] + [3.558953545163431711204747839135381049765668643995242839837537424769257903293521656933106563604909371891626925798895682521519377974922887681465767203238233352012287631935319964526131828061036170695398519529965107794642628568386588846974606309574743789418324177575496654059074953930117736786566091830816679545252015590474917431880262925991919978942226739776038472979224059134565233999156842537401256302180866977255680241447194530516997214107913638660356205879607971642525253140477797622042738229428628751739920459641004660120289833393150668732718309111337746787922988823631666880750961556745191344845882128998237122648556928311317837178805053779602558070237898018934716351825903 +/- 8.11e-676]*im
10; 4; 12; 3; 5; 1; 1; 4; 1; 1; [53.3763443882131375310223805581437389318320065702456765149143272529326725837423854499921907064764715887044768038346607846718370456025361979323139031514329413218064446273727460598705605172668822939236337788079644340224769438762216600151981195446232967432948999321463272730723128116384488297155115038153503645045950900096889657714106907203328937409868914894036595663677308174278518571135466461306690881849173446893605291418028358314837920895818292616277394669305582855378432411142789627103917184964456549812800544791782841263705417713967338412229301526601160905000874354257225026514776593316125967935960266741520373006420826043727527691814026092587819405921092532124288037156017 +/- 4.25e-674] + [-69.22534243348981445646422547048576225200625702564190442527649707104696763189254270434231244229733018989152934054904657128076993187158086315198054829188209900134387567816611854622384948508516968578416334509327306464354095898839061566662483342170031859163083961516263491277578560004548566578251632086466775707295877352828429344434369983239826930342817587728154541821179299738640237704040710088520357021610770709868306300412693035501457460184468635623406964148925645629533138796974283688441900461582556848899717502414086588560769505110009284249591442688389043049019391492150543469308447181392095042393402068540239867983379917758035800741211813410359440443677938807944372800601617 +/- 8.46e-675]*im
10; 4; 12; 3; 12; 1; 1; 2; 1; 1; [-0.001540707808436406268296055222347198356801225103798133067086980934621567235297555118259195651349713485427430567406249028316642296443897504835299232816837881912138621668933772391299340870387013282689273684640223050710403645377268033485775686797133807852380683385041527774944191075211892869007554267738981053167022954299024769650116067007213892969238528303319229024554522532530881805605436147140913591790159079080931823457774762346750285249982801304887637171495166697546133210582785175756240599549985134376571652826909073133902718504903451610455926633700173971545330297533490755714101622944230947673254526857820253886561232189104621472360583507047067095889544747531730804459203 +/- 4.57e-676] + [0.000550302125918601009947317456774652263913299697875748263044859582502441898411884480244701621512694308060202487597938422462203497025288086571031787332534567609707786338575852698619607909810581028246073422374124823947452367497348890270155154311915775949068139392895494842918587246384735432598450037870969337231534905265647609893715405328709323077258850344886406458635353010045153614771564800261961659456813864977493342586792689028824025186905279370342815035134846528145674677010859247179506819606062106954802796389077395757130523434439877921043889101426574754161907259954952329146309301040609062832294178033254276227971539220166189081516639045635095885036454927729827287019834 +/- 2.58e-676]*im
10; 4; 12; 3; 11; 1; 1; 7; 1; 1; [-0.00566593753542609220881873679649201890435081190371896606250634677685029255595857161639337919630283372615139655259557027056406026867018487782029397745562011685275622900485897215486157205379296108502937724274973196351808316112017014305002695486594603991069877031553546679743237185704554474598697449588870456926998789723578023308022464757937903805634950325522224211151558455429268287692917379780695236963893001618439710814452597515608045670887326539787973814545194122619765585079250184059218942722974437471220959037226519531403971625608400784243013942821181280319714896677719410314904000187217050231049437159047678831603697377432085841045018010951028574253284701624012377197088 +/- 9.16e-675] + [-0.06309981767653989532747421352771201458705266808108686816777058304805313831559505331229982180074488007749653349341758870562495662579045922540394829768601085039990730108479871911307404228821254923579573210662341231367273255062702142211718489927523883208269606475549878733824731440953164368265794723334514685065445183908440086342935662888492328104253360893864867611771222496614654195373989718389555298568810782433523614667232276164713387012575888258506651652491492098077765415910494553754842564941769063074638425708474457638523184362853356785121321642756264792846072442747473176564974564657597100142993617650578653204119996828176152621353865154914236075120609410450781794664134 +/- 7.54e-675]*im
10; 4; 12; 3; 7; 1; 1; 4; 1; 1; [-38.68373088395313849258348686116162737739170163429653726660200167449504542548727453576078194688981263841123760368372694605657916266517197942051936661389844705330868711237106872379141157329071686449186013056881895432812838862405331979618656749179032738391147423118322417013179408506224521458200179442740509847716286389964150960526905275329882437726064858167867764142171095194919564150606037032706683975890459637811802779808117433586427030576438083232554278722907009630063081651966980145211322922495120846045103657433168874338956709987613234076949875139515067931311503850826133201365067641314218901724937100504614072545333109113251352084067989530459828328149009912420982162998532 +/- 6.19e-675] + [16.66455327814930169437952162047565159219028762372725684194144354704345884917014677986045447621296336284900192313693676260902576041909199679776699639950973383374159666010825073557210118042355925895486971788169999044918587397281787201644288186522421949142601275421460332282759157939084535252781557831869538002380847289070846495604093286040158077328383098523926848008285645719864390732340521253513822686303929288022650644766099862212974836338083874435841679725229930118950493525161904365267232151598191383621153371325716452067164182424598429112244944950048541117102184283643840603438213228099542770236568645539639709780896337515457917527089482263349777587090788833949618969830831 +/- 4.03e-675]*im
10; 4; 12; 3; 9; 1; 1; 2; 1; 1; [0.0221397596705380256367255067836003292308773395562120394067805696873597498451094759273067903933480302326048783458616551611482946000111108668931674654456662576063979259378800464846095375714422283537821674175926963767541330186212329716506009248317964447983233420898943948729470894779993394969622710335132104057701767176595609229187371799618731758997174368061906015831774623473865634931546905571857244368241292233161064526159943306822168180568690237003980813404479254739840341600506410891957447758570479378082176532139319604184476936905134573643497929451615632758690462549942560104043343738308100251748479986721600971547217559338209721908185080024144164566260342887032512216550299 +/- 4.80e-677] + [0.0137396650356622322205447357770501605784350769956916014430415389933413533767600754664682270970385165723439328459813756939056926177656068664695121138309433636514888443061917246284350092362315328048231429602716487617439117884816737505196531360578046286040203508219217436674421516231253675735752988649144773608300421312482447134261125664745647843180804264195011151770322488740105832765593312726069440216524875976753280330327551543648426020320270316091758927741569583117712351818450088198507021360151606075843095353397667776281702954597897739704063416924609311216374947852635519009554115928285260281840464653443786662318352738262189188639916449026224387199396332990251632111364773 +/- 4.77e-677]*im
10; 4; 12; 3; 3; 1; 1; 12; 1; 1; [0.044772024213934890983904454057825932001448976957808979966500142232997634955036013413790162210089273047952250018858840278662649074922119362566140376875372197242992187437351149038521470815690552866871283614983955484599055300108996144811576571645511622632492131516337533185327021813516916553764015517277833745097058169457791394764732253188707862641612380342159537706505074797969960703682949538522453600973494112967489386538332045503393912161203341231944532206834049682210992247470969398342920159184805419438143469222583433430329780271393189634018230191609260138117013355077567171013511883729159987601370633382847098805903180540332994434162501144389905657422186431306108382222021 +/- 5.68e-676] + [0.104665726888376476844755789895810046273802761405586718406499255594417316051163458548901946431582382957052294020686538270862672555351048001179480842074467762744911995136257310208705644844745803299225529041041984004964123205596040098706449690378253712957959052489382555385963408855215781638868600420813980575879701334774254359292786557653132394596254416639411966887183066245475742520498080363103529396829256112958313924713463042819845357570363231235907880253593589196462295941884746653463016922928883600377244994355396717861522172636800624419535796681262149680080205374613296002926024295816410683291467967278946081741473666427120959659597940045115758654834774352063155480830273 +/- 6.22e-676]*im
10; 4; 12; 3; 12; 1; 1; 10; 1; 1; [0.207995466599372903220144173002444251446966013778516516445410699905977902667288850626858929612232879652485886794492121976449349033300540120553659463986919516880159211976604069756379165422916894118555136575537290632342547240831314258855744795295262943373234210093982400064781836970657529059804976642858120446644010807372229550113691229010973535472124463660542796772941699059556067331155159293408864698711337639673902982968738085652937881882931743816832969287962249749101760244899569946778807262232398716734266806095931849037811388125728478233624250645275466201057340159909045152321492942630155103962324481204342766466293614378476088642268078191043459409996120248580805775138937 +/- 9.43e-676] + [+/- 3.14e-676]*im
10; 4; 12; 3; 5; 1; 1; 3; 1; 1; [2.38325959203183603196364898231392649442694832473796540527989243407070601485480379807818926027452044221076205826499664514711984180003119009717370793268210286594406013844185407639786317594532493886926372064343623782676137079069140311950799826415771152665619343941298252973749263991743524651151691245318745274084400309848802349761774384982262705009461371521083794086524412581417845753588891069182305700828760885102065721442545275454424377375415942153599416734498654689437810271400764630890983912824732691840887849550315901265656239103342949340087191975401220021475814877913982611417970751795044293131349680740541822879179214932649566728770366172379683854575800924385401814304344 +/- 3.07e-675] + [-3.090919081426178010564259545050169942707536008306342423619669656189896720784141194287292069437584610378154797183822620751785602969989759016535248445991360089256656068289301876731121398438245736791368647271334877112336480884963912414982682473710161768007426752779942152775415481387141312849816770796213717451403849276731960455114154928773696727650634415833550815924970203141676582025383000626946861282740614892926166839542088699732068602936432957657867376476695048537350503547196062229671286749590529343138307923626016414780012882537049595205599653200659656705987123575287582319283612819822049214713091563720352131959144956683324249580159341473427604715293565523410155782786648 +/- 3.64e-676]*im
10; 4; 12; 3; 9; 1; 1; 10; 1; 1; [2.95923519375761204950854559587962968438946322449023603750733994585911320031155853605791597678793433117295627657092949072645333586830193393555076507260611942457164707080370301265716056499643023722480829091858937665416263058950840996559608938256855931753113555364814271300380653597461632664918397208696688925059004380832417620887597793818013956561141499554676531712860238506854302705888570643679870930846931804906489035543652516886246512520330941932673151446813892552948465316533716014230867608127840733649625969820889398788696904937059831677353552991899177219294015677653930461487895214689592366687804101677852356097379038456786517359774678014283248824837581385431204331847325 +/- 3.85e-675] + [3.717429065977110521384710741640203834319611499843472827479208720893931080736259804696537260987504063144883835193778431553656652576208978740858609032591533985844854395310757821458523232600426667432659513020940941641256875747451775560285351034551392407517744421226254872373624132126942057321723133434067178293666027228271190710284025747790585644566102037343482148822846688538157949561011924755297418885919131676363559806469500916820319382441237322808659182428343527526036691553939159429747435723537191240758364462356646413520837998522637039559020016180667152029299056202603379756108520626783082627910000526629213136172880741994150733997611387992120321873558208157685930686696771 +/- 8.79e-676]*im
10; 4; 12; 3; 8; 1; 1; 7; 1; 1; [0.30056276204319394739524402281834901026682766032278100821800105970366888771459559775867051698124286584649481301565035155425072419028771307860290470603341589590264595552362124175528379837525636912432295415277000676815569697306455761124027952314478655997682040586145983374153938309661331162007790454811832644323243545851361991204911138461967585912911298175357064006501710697093998529359247895101310084610394142143759185804942105602316576279726951991347399587336017007946594406932580101826272068592252381135368914978201798941192459308870707681791585827815524991705513164990058470254667238528716865037927370598784044454086197548247345606162707744960872716486537645732369739809030 +/- 1.56e-675] + [-0.054162828177658352175560208535611659923493301265393100488665777356313511081535713044799233898996433534313257725133092157744890400023765615914352195565707927609445885235577087237921428825400378055830272581994764028792839869310433512145281890088675407372888277585525592821154439573682697911662502395791468635273827845187915780923474621360746119850414225030987052724694318709518010423809281782902243660018247544852086066013247738212884113917374424263264717051553934218157060066889132296444543006771937028933702368965543747985419982211767079900353831441075598260453176651556433836482156439186177890192559603851688298618614622012975278181881886278638053081312048964176270429964461 +/- 9.06e-676]*im
10; 4; 12; 3; 12; 1; 1; 8; 1; 1; [-3.26488107733119071431517285203159902328002711193665732119251892670517677618641243204637238202635512369119841235659727038101594083897577150946543288195248288433859785911028155819934684982962489712807863020795188633405783331111775094774896551860599646813602171492462932117686300256201025271866498766840731211653896827564718612213886285086904886070557429048517379241993582278398132156663746105939874087689702541760903752228644008497703909831727184086770993527150039425447171745011628777354650045426510103258049653673880768696400654784448196296918916988398188186013650880605568836091193179990897292638777357441726191200598650674828240103069752981209712895409836182992118437702990 +/- 2.65e-675] + [-3.11479505155090705404540692121234109556596959049403038336553743952955648083765499981962745349292435387221977422615618864425612478830393220301496593551772137294662234674869991834881267258094543617620209185278611527380766164431467540876171609510957868201573807145438888658041984874952592016264017032331578805471891512695076548898425489532790025018676136650710881117121553966400815547703160902502179968245175729745294746321384582456948750580951356098908697625601709537818523600305253777085032414845281092902657382634693156846952477426488425359559977518927816559878750529459154193927075446347255947811188520387363920783669302513670174785900831829003343266095287382238412570439806 +/- 2.94e-675]*im
10; 4; 12; 3; 7; 1; 1; 3; 1; 1; [2.023853493423513812373789162751252246077826325736281563265214439564152927441977826757019635543135909469923107296016792865266185948768258461250754822951831134005183979916775848151675687624920549403052256581584704618915426578474950191030729933584912797636553040034484286866639916796489836946876758013275686502033287551275938500379602947621580244141951133046234677032938507157926109014839004692872399903266792325754884496682618821263875571647637169836821547103733693950665537055551625110057269929158590480977923829246643511130120519454886067918010245682218564197780391137717106295897859318832514315934252186503875989738674135980499563923149644687157514963424668431214509588224452 +/- 3.45e-676] + [-0.871855263120840134937146282483710907262630233474779737018989187478131103381535537005424417251790669359945830712477531373907771213207434294305867711706973995427484045474100416535142221445622284195338718255749425544658569218118768170945279711848651136319505887733775615514929702395609560504531444823944279281431421330614901390417318090813950442586470094051429174388490952701889237282808417614620263353431989830264143180513941030976601052218983929979335238752289031799851524698321471319589100388786413649362050978680289093174149594284815563443882661841567434981646341128170287809879075301603906910287853048293773230429122574223292096329943269429245425799583030539998582283511162 +/- 5.33e-676]*im
10; 4; 12; 3; 11; 1; 1; 12; 1; 1; [0.0053158754453362776718752828498290030364677683331212450728451835258686166916298307114095436936835363166847461005544739950771308708231854459723320031374817247395819950159111206525873649879568550767867408167645300041578428454203257100206701528024113614104852666037430381985865665225531659446286734676594042945194594788115706015115379894109166895680233814035559359492874931977110509054864974005691572869333201248920570865678896980468502735802159038505557745651874426001254342233987261884288662643696865520970957426567427218645684022501286352044910879360796031044812325419711872291506247330573298296561725640440383177938546576996024698254207214865049605360661290775459306250116891 +/- 8.73e-677] + [-0.0173365980681997560726282822720962789342849850907347520900045990900479598476673172381648025248564273202778375526601045569684674241616380626627089258624479755774517316600111934463012095313404063402334413024281178616227101088215979612394096195555780419551615833373116012622069395456483081910960775078008645819789705850631874218175669095439118715584977282258595501512047514815401717087449490809338333978202588269656722614078903469328015531563788917026423683816965199067829165639378818631404562509995681474037733783320146907918744484337950536575635601806688988562118345672847862342083271298003457679325362834013022425130386664487339057749016139939514234289338471413191603206530981 +/- 8.42e-677]*im
10; 4; 12; 3; 4; 1; 1; 9; 1; 1; [0.024718838313209134708408650586096977226152597356400290547283502983131179500080117468533807709766487625027370936413038384710146985579950307836872013690723048896835875202632636134399436416743711245255956986494970931596760326829152707068305345784828537673851702350629506943041442377521768717912887325042878435177080942418964057916276806600882965951110837733864608988298163249954924793454098175721639627033963338142749797711060039842458738734014452191109928969269255084249730575945260292167171492503885652265582762171759181291457676705678772780075471544336976566117504596059485979537751782471230646194457294298352459077514268699575239983506233107574878291695028330296099712547444 +/- 7.01e-676] + [0.010648621232532376837291888433249957561272185732624929541684404819749086462803266684289949594478231337588092383304293057994502600200673975931248076835970846882370605522501072270945352211901543150962238075441272375769621195048390109201050543784865395468301850142779453712063023355697918470072960670718572352565801927844788673948029766428471574118405823269163064605659630916728417101652702608373924017868669542334847627356234956268192087522574636166837184068614100204194902342869161440132894051844616107831132471454647211083732008727661198176339561843240592322209413987808169931167298617420954380073527271779626280595748963753928112816434155092122731128576967588253968186758835 +/- 3.67e-676]*im
10; 4; 12; 3; 9; 1; 1; 8; 1; 1; [-1.73903841790680769296074950264525464292409089740704565910865980621481698065401168720675999533362137098431020723516224892939095211591931733679264057425256783152901910902543326994661062924518654735341702661267564252973911250191406102965829713716119027776626866909549610187574529613935894089655373278381568036444662345456915265274405073151301070965355280814932178023598399516809021169324008211786551862642087441373035443626052323130750584788356857480785998883701353906548903545096428369694899297127594713666662026604883081787675798881290981336002753699042049925334144350215578722792395038167152724299563481767798818446420696255244896822639591379104167020350525772210463623746347 +/- 7.65e-675] + [19.36714028637200111985013751432251953916354077940903388688338910115474917462373205083684452274919735495159864163048499592858981827722579678076901165247109531816373945384249830576858340412056604429735470662881949795923408205987050208497145904743788538497101134810627572999678720655482760121211218534999749689576038090252274345466253440075193130599744660828210362405391334866856420286751220211801625872647936531730846300291166287741196237891391254994282494512925560296510140956127176285007739933836749757302141628966148767818450367274971899940178065042928272336199113482067589387200633332157796633143272841965147229714560585859608322965224144993123291774165597909724649879988349 +/- 4.05e-675]*im
10; 4; 12; 3; 8; 1; 1; 12; 1; 1; [-0.105872169596203941848221633729076423021525189561183045135980169715476124151539802002311252705886759195589247828797727415915643183500560296565944591297122258939626438398288894575233479238313021817366507785055259257759360725875950245898768237264665173918706671351117167606019728337239218552971257375437309241564931272222735501741623308007028810095708979340533384843975643889713344078488384462595589538580852240933915011527121126669656661981615523789605879183919054508589533327558685570076080997147369040351028435060760109158162154742182332245350864077772248944931016914805501568437355026207036293579129231161062231017801878698064043038940967692906989047494410178568437806445583 +/- 2.40e-676] + [-0.022431703239554629171161472492188356320593686490323941800854950142063749318657010030368358738829469537895258277617539670084175297666187263646502766684440850842745044946231400962231154586295915285331987031064860620157535012484024040065878075466096723790147297041954716063517272751780888720451421731347707040124152213155111784697047272869776110118468997087418437527548295973470841547968610692383023943754939189986958444916482978820594121171958454230965079626683511389214086770434009421901196893989345993038416419189170986900088443545852043648137146053655956951128775542010169822904197989102662582555992927791284223988355240672131348261236838019540833706745386109759306496736037 +/- 4.70e-676]*im
10; 4; 12; 3; 2; 1; 1; 11; 1; 1; [0.414174966370824274394709094843096512461188084873288801538586434780427558064824937721225188947796513691133511210481358469036652069251153772018859442124336450337188583427687615626367195469195892141457126790358027858664515554716340145849774216453711319890815609309234865464821526441470745935571290416273348934379691719512205839168477775981931488860591145579563506332819954498839506931642292395043193682591761665811526698235579705924588491727047914694319695048221539722987147378997892875246401332088030236982263919556262689574771661697667681158336940356877753312788018023461069438206662712765102435739508425995687271793754510730569002352576557018296254119742767103254064837569909 +/- 5.75e-676] + [-0.164049526503834779778829710850863409515624817636010431645534470473462410256124151615068437184310488693063325168829101033236465021479295160648501663671501254858035093793221484564959163438041791338989481001195864183767010793217540403182507921309205923662646399956138202439077445111948682626861468431281560474647784613167691464144935294224615814795689353985000444545452712563044457748825120832290890950834999732779667413521218691014298551974846506121735761315229669715276184264537696498666112908734657228074547918724103492859623043188525841073275458655006123293524446930440436341703478835881060971312530430682495852873139685529335739767800943002872822284307372553403664843091930 +/- 4.00e-676]*im
10; 4; 12; 3; 3; 1; 1; 6; 1; 1; [0.10174721984674673165869451539913392130744381914560752034697500405483568166975181333606500045267646910107855053136315059349080751037167338001306129234965053056633141115534533615976701179613106423875830004233726088818274934633183637292864388734762341945454970530911294255206520529965785074952889679522642277726339439782570792668668594627060048561737679097516400609437028257001283559326462046656884633411311150134000223953370329905292694844721956051559670504468346830694052287050182340595404905928572410809715198122256018769414547351514733062796713594793795452559140184339231134769593192634075248933157396551041655231336748681350902632483892861141995080753291383516063354643059 +/- 4.95e-675] + [0.131958945789138671041146105345831719530857437959933432578220557337205359671840241356109294937932156089255164551120781229038239457130745962848986939268370796402872591820728643089753323240068507386658739919864125963094074983261498034385360792635395185004003302889558842101436013688693524096510241498961196365216085282934125279537597425155869481517879657158051185959525221785602692270320789967732664459402975720845966732731513683628682119952866087823016712684301467554775151387181840814982601185511482002274675726847742377205479572833530859884353093053378839506488095265770518367754864771576524544777965645585534540859601228687601778817706697754655951468413928069326553212912691 +/- 7.73e-676]*im
10; 4; 12; 3; 6; 1; 1; 11; 1; 1; [-0.118864854834121451507014158335121012393731925092526976182167522254327701973435221664755959962458379840924107259817500677530356610818104798878746194979402250505028753738503588824987066045953269046089023939392867334090171229836255056502163672158191885448067815093477567116681096925649815924562181879860139604465975895912795299817566513880781995168644844742737179591366211584104189625128484211880880660598857670073215195189008124688566016274797923737940356421797307584716913096740121705147011405456125591867122944924750077511406657324159534371721475527316420141645499294791753101155494902934265085934001695214430661829939379703949208999862572557040881330337272727024387002807528 +/- 6.97e-676] + [-0.188881452991424795812004695085106268748871106169013435887786698397098517925704129215161224194662990359250261341618253982396999377698507589757609089446763096849063581809549206255917905528055202208143148265091322677768106287141884643292046112151584142549497523084585522067527363611798860360595836639965786918830983713152135683008598021316800911621553593208128542315786990865980451974206493831879602027611343443121304704168721126530973530367782030075892491062775489412208230452622481215133144337856293245773709581766107035511559401172141968705001955119048736639997265875153012840174857148118457908273907967005243525569595690163260225253262767837762759400249675809603334057719334 +/- 5.21e-676]*im
10; 4; 12; 3; 2; 1; 1; 5; 1; 1; [0.857243515636204504132219927925178544612208589704242392985442791997415540050245523659144968002902359499039666040020826148006398408190227360894771396852824246674178019224582173202737454857700920247291946022777899447728147376455923187107283029226141620296035814777651184451707157611592849240499882151183447661056209014787878765429577966131709755460977074085787839766981899132724981804324006767814583550980611773155131072585629580206037853182772980481847276426777484995204515888078488018011498576346520155374388661630128542227205082270680359505444365820931666603989866303762501957114033404399995014899294840967332820358111786788230120719163951068932111358599078481485421469826653 +/- 5.93e-676] + [-4.591857869654828271686029738924302889206718080123593298862362321572153249076366466072126613436282837915194316185548245896365942326367707381660282628075527477233413233303256024277427626103310663841748547763989067957930707238799940731736619812962222838082938163708198536403768810817487728962988253147743705896586510818219554513447022228184691729342138465134418325199197831177863793000287759579649071525547521864777272519895999880981760829654618382363428241810813813557366599936769208167630569237946235960249967435516230716046276547913827495453727713309866041073772301076080334817125455454956135688448652155976200671561872144776229258632326024419304190280311231811040627367015935 +/- 7.38e-676]*im
10; 4; 12; 3; 10; 1; 1; 11; 1; 1; [-0.30734978955874564762598016678116268025012957144057524361758367898003412192739963734913217794741632025733659179283782356086076303994587868103534451945309478104982745283817545596917979096844854548950433187573622504949207452835624122876415909357599049336728880651436021302552655533794784639595085234158873558867291411006484807011249285708754933771255439197228056734506532270536082687745544318084664077308311046573240990350006715874931464584739788844404789245434388289315534050379173570057103999267927392479572649259143267648539105265556463624604332524266949845668889365124416979470379503944510607061815100619551787343123809741595145328865923610661881958984962878110899664451752 +/- 2.29e-675] + [0.065119844964134436723464652420259805784238010050575664480636636268690914432014196342640140642955915956512532595483472623740123107107281850501338822465757667412811522366869498554246753954593233840559906277548799747247799063728471044341979059945242168586190030854522528141431650196302353191940530702828142728730714368104141466158893348001755843759953217558694893096148469333156978133865521977213452242492077097797452285683698822738750781038737342267343424456576569570050127404995344918714585546489412486653650358746654407556088715234434459496990986012481829089962165086229191147794040967308721638038980299595387724355954943729350218219137539658784830271852089944006413752300218 +/- 9.14e-676]*im
10; 4; 12; 3; 11; 1; 1; 6; 1; 1; [0.001214366137180753634386337282798952246541409762173853765330827543520922540519824164322558803486640099525269156421260251102289367494287063369672942486657187152418418504081207118090302823662174192919321871473487604390082373786729251333615011595860720746841251982453755316049285687148792234198658114017456647912678994395480150451921890664299357193526875272732385972415712435770879199096839016327672868854090881058230138307398143337776954694898436680666185535793527492467138129997116075753098920821812564022539230899743418546631571986691763118539236982968471451502836947622169392336002238961435392122167996219723941515164238147297586022161813960913218835593324365560097401979713 +/- 6.93e-676] + [-0.027031017596041557244468717427807412301209082678101835961628130175299852269772275957864490057461005887401878922706435069571616273209407439954423117159995795975722910050712616987494629509876325328085594650075068783131408926361301925061296971564705034167460304782010615074291468811242158440361877877707283242262817357366433775336048697141873287421934421005968265472643925384657704043257726926781072907503631318340500697118213669934249208323635978858030467085178735661488972870666220853711782603029114582815023654864130316040904711707849572428783200726312638119493214142911107481925973040902875190287073497591556636576044952402342283286680862124015677980839368066766597499598772 +/- 3.45e-676]*im
10; 4; 12; 3; 6; 1; 1; 5; 1; 1; [0.457461297620817648494134837735976700811576995474368196039060609253765302065738591618659631657730665875622912583804900816535042559934298978608225024574553166375075956623517316120372986200277815930994048380437279495058068069402348893940406555321745183376440015425699152292856201036209510855600781097901209626301424504090328031143489482955416419886029655094956309320636567549175512376624555000476387987633322712587409328596161240731187031081289792708462276584159081123942285195396597112370992748627238186934559253267648952442502516933461171138812091756610031666532173302265845019931480124667231818641523176659686247559307414004245858443929362593525311246020381140400257441473070 +/- 8.34e-676] + [+/- 2.59e-676]*im
10; 4; 12; 3; 10; 1; 1; 5; 1; 1; [-3.57532451582125985059185131470887952128029015489144703163631379926968583134359631104987891118965777272105363710700642078358686998953492266009883041604619006678847767070795031299296089991847974476327952342894260597072183699178379964103094850162575018135370685977240818259113126955313296639085177782861534080533624352674365881772432081479010002963284149935856102259889665203041655107786953652258446110887894291200008147086974118393361077117379013073481439239455475648859410600048095937470690300441716880455371662136500974149024810734525394325331094391270105996296829328613703482146738369933761299357932488285763916003618780830206238851941750769796190659962538269983296906000497 +/- 5.54e-675] + [9.70702287880620472506662667526152254046948011857915714007084450245389847756536575110406933951777815799412950555819191799364708161601416781003132974239236058411040973921459515759208953568831287618359916099250608977752974156143410239376985377600595489693249536634930985688115451447456422995864132911720790322847054666954223070835676955959307897073843622737838966005891795680323386640947996783250741004170180662159124967715941370039094747370040909228132502317400046680466061623321125968244287117329853308034314856900404510202012299705127759787275683758621072231541958457600369561832141365074709210983789965403575025179343331547873410263071487531836605848561971633580702444594068 +/- 5.86e-675]*im
10; 4; 12; 3; 3; 1; 1; 4; 1; 1; [-38.48819579030534632915149930017166129958775735744810061792884161337405203794602554632513517047074815952775124452472302840843346374843255784132307857351943112543331823745367125342076717808401763879001688544418011744714908473442487691154532295414331042258667239333902155493767205256517043757844382053267947142760861073439278603827305265324625201753309043269677210851466415389589728578303473802534150611446524238573360298849829039746897654055441617761103243191774935798801946109004139355635113945478981720207921410756845248123377175184051437174679803874878137936551183454175932323516780657123201513869183065079287294151475079303845358310681910551350882687384305928344405030019436 +/- 6.20e-675] + [+/- 3.71e-675]*im
10; 4; 12; 3; 8; 1; 1; 6; 1; 1; [-0.024226511856809007351722993554879449729592361009718743131137789676984647229903290135519458266093393047203797700860635877804721524845928489646710169385326330292523944046284647509113542382592688303943793206988873496687881818134035608078809631688285929429869040105464310561233506193125326765064477849692607431058483311958073821935127591425347745784953940135637055865554800186042112695929974147506934930377658752193296673544966552431265268532312259363195502893022454281779528594419352142701729412485080634903864243195373719125845196268611942763864885503520782290236898849194240458282459547403953353793118232592897234541434318795295294639516626473190911950511811601467087488977768 +/- 3.73e-676] + [0.001062854233226969357736627316704379506060737357884799884112739331298315543147130847854868050427459763157623994037303747032065218499270519564275464514016044750717149628952926550820847072967986330001656452862168566813448958464334556579385981765543335475939429153386038681383630429174850482010794959628839107706918578649023297816836343120225142409613499011411250949683724727687297990852946182665317460895775888177808845268633062989038766247291833239647493037687995713154287433492823683297831136957037105851507497268819114566560830210818555670004908301022104747856582402454140321924917243693363128327058327150626403563627369852556498678721602649993535568710522415514216822238701 +/- 1.22e-676]*im
10; 4; 12; 3; 5; 1; 1; 11; 1; 1; [0.048447678199409538737587996570696704572376990069523741884322083741692551940483417842885087543828499112996498297901691670563851505951262400391450862066850960173055835891678132807076199260607699492880239674205759417364250556777249171022541699403591919828891519037358486837068843127003943717994191322010876923810012675388918897201440304387074237709727051209953028531289458510619242120939133525119279317214507108722398839654437082935994073731926434833608645693420357803997619388287621604091586698267774423662093875878814403971837172222708626970992828143898297692178278831809586242009766211663212614305223682393613559048391991215584857525452113342382424602961485258437908439185024 +/- 7.90e-676] + [0.002125473950546785669328821857839548490337887380093283471220102402275888068571718338835632103998510706050927007510330604168578530180158278324741923856658545571109439443945700764478521462880101685645622722691729005654036966684198192311532189769556660244243977362528650777074309026595432805112520673739852480685744403376201062605659672789083636428881609925673110083673306430939320841511437890238643967407407277337763126992165129567334167832947621646899245087523635556282620926313551976913757730234905802689400944455663290476727597870678991366121480129408515679871696956029926859457512912579778636473722357264575533390032361964798521621312369890555467936645519735977710472850747 +/- 3.33e-676]*im
10; 4; 12; 3; 12; 1; 1; 9; 1; 1; [0.038991807675016012216599722677392247928462958372665385355699043330750388869797439014409171430120145265919735582008239331438591130075252553307901265589385636753413234050563504135554658266631692651073440397498726279678585803555679942066016537461596848474717922090033311209734433005184726719195589342685313673659098619723138884859224388615099850229115673174483022415932713408124097451495025851614417011508374655972231072444510942090309500250776644284497576378880971832298412748049264987761994522076183343155638992931611088365684029800042690807658586209145780605908817062843562322969223587700478036666508077004934434254712810631759683434117651070992058780924597578427160656781817 +/- 6.20e-676] + [-0.126238377028593447371978084226127907761119320403549679514865896293683638756091223439799449537928883210386467279028571402525177440227864160026134040963747871738584759575272040052983836720447352789060605298734961011771175700985093246217470303757226012259521441593191325755236781205574366877431265271073837960205265246252897179725296516326062345297644213422524948706609269404612477679380236134312934759224281135341808896698479159752647646427231495653491138745381148514987460502445411547618543619077586187718326687999806855813642799201167811312441831526462543944540314980354880149070431237163841557164060950866085838353504588003700337252310222060758454640622896024303487782394471 +/- 7.50e-676]*im
10; 4; 12; 3; 4; 1; 1; 7; 1; 1; [0.01475779513770938577869202188277641377482358455971931898845449052998493984011515598993745188481316409159156465805312412641720303390335343354905909691624231633024221614471434324869469911560993596069821931695955942114493676183104215995046475841742914677824081509774654377498271131985902985427400256196509017314115738726363384723669297969107358545493865980271862271151396308229566418720641061812714183740738250591714454855175399506632708476013334267144773149828670946017364872707400123260482261551253443646092935870729757002024485632239597759974587052431425845109919980058091253694082064931989042988106364798683443517701837593596713056150814156575599815927215200831829916403663 +/- 6.16e-675] + [0.01458500784297087197920097101676327496571184145413247772988552813827146626148057833656582712735117546517306529330950723726096314281714628408972386607423430729392607304156312296986226050392076207169352186544662248556119067984142737425583698636837269692127634477539396169032359708331671491583126675111211530475833310771781167915001675792998611257684648158673883879396899072303908884877526813056603800949408475753593844808058295916387413100300263950308335783036859217095184638230877854323876401832603768151195619107637978516548639162656665410754142591968800238484819306880279779241246508504301393595976742801859364739096804216225667620004265349410679898048910525158578150353250 +/- 4.54e-675]*im
10; 4; 12; 3; 2; 1; 1; 2; 1; 1; [0.477837284178631564932329761623476159913377827979869800316874338463906092990446925112309730329556372742706608631217155743463887064128070251619080721067162577387446288573972247093949463558316163070411175917325190960481777080514530699483610137360858781311607720677406920818213306822850726290868824839445432806626911501701812547356272323395746433381626996409206369975700287290674166470350764944687086044408231463890136219621652534740542489105650788327549122896787104755852073630497936752917738708678785226713378998607441527492858390627357715496814217824511766697820183852050695443153760256186933550082553461001153345126405631315676952918720626232178678657221012267871933749512452 +/- 1.07e-676] + [+/- 5.50e-677]*im
10; 4; 12; 3; 9; 1; 1; 9; 1; 1; [-2.436446687050229888868255319964642365709154648552727846243769208610854399592682967493491944141961280850397349978593263587816874034236065445151026855444042512705418024306304457676030878818152841148097810793175188300186946104663884997404202608087526856969936607045772067532038252360835498292252766811212452473720281561063101273494181728553579528854585603883550154506706177103832002794574502625074917172223995627879094691714384608197299197255324490049419296651041005437910020465319838600165393574336156978404936317736668438667213593461356078899603122011654552818376002545759403234620389161681350926662514274981308020833702304808174627100687173598421564512620959392094860377661498 +/- 7.46e-676] + [0.952711186048108149948168576093811225852995516999215612124127749869541550660988621978417980024658777555767661434429126833362483835408660074233610809503617154530861632716921245440435411610742695447161180060734531008787407642815040262838806989977774176546154752447281957072231086723821299462148492733141030437720557543844211024296504111771415496784855883723221075754122387802880995173691926429012840714313441299428154329035109972205192269792908373260358580974247113434240506201128283044236163693531889047433599701131553285880473660965975040950206617068662443649396639368156969766551726701526867554635580530198989543914325486383249827036253370876231662660918937148114048486642743 +/- 4.82e-676]*im
10; 4; 12; 3; 7; 1; 1; 11; 1; 1; [0.180509441420180419270093835801049776175543924032012113183669222061433511120753472916971492419508047346347997183341443346287697159267066606173686472556225971695912344449759332953115397995836281752488519143795385821684078918898786138828867033674246595924735923169252697951703750616572546489152811278272102213624204272309506923109792210944722204565938327527570479492399056996946832250636002700259592664672569699716243356590064074885307770005929597557939567278900160803826979557275825864989673311564876442359936456427610232695106945953095728931586174361702504297904744451559042714902697165131773815884709221689077044058849048121780301729510844161626862985722292284159123373090649 +/- 3.79e-676] + [0.110928879960177005152733160819878411888083992950394242307231600238827400331462360860898704906713760653924868058195443673772121148273280037920885119524048125845833275345879802176451279184899282901695305170958324352101326532648970327263264737127347528109699112329238373228334846266283688502722910529956155099898481613055747955509878291589828771671864229488157849037632789155115578317056752091926198716317964954876200060735710100931349030483237987861194047535460164631340100212046212524420271214324931177253529220053010044611900104093021285784409929252595304628331179791653138693914484237471256986561035138201263190227676952223874913808053033404061390598657754966147248580614557 +/- 2.67e-676]*im
10; 4; 12; 3; 11; 1; 1; 4; 1; 1; [0.266577425205710158567787268165952818671322009444129368310229940154315649761741484497710874630716622358737590490094857381211984434787763999341161630448668942969204978728085804654645315444595313395733144629885543541352058238586233479926780862440682892561068488611228860034442831787165687468446272675663555184202735587507082659896610459348499112856792329332950691151920909502189146390143176182356919573813514070356104178242883078948206627221841237398479729892518003195541182744215694719814213333195807270128787154720049102758975964950031043743749097433868095086510892591136221850044619831692020618574391793825618201616744168307101242523189099950821194345148752259479769727522532 +/- 6.35e-676] + [0.225326222547790440311534329186505575442753599309720983681517253752627585158979934447540675776268671221153836469446596724282489861363359620415285036687916801061918471180616207581934086671083172847649023587436454120363183215124057517474193806744464010427480564786462981549933623151705942876691740629756428207462542371329825735099843349137120356348118249958697852785947687600859436978246861894370175306971149928367892922782658784010218657495266287970941047540407601825423949814595152405173900395702420698328515750718797692557645202886640377545490152760372239707031457800513865917312507656859745607135076726280796224688267232486679374415932934414025511773479924565508223656968799 +/- 4.05e-676]*im
10; 4; 12; 3; 3; 1; 1; 3; 1; 1; [-0.30629500260132654926075254913159702798308167120800445921909885543847838523573613644206267577072248506794286464392206061849890889312900884327986959645512046896137651279491108232574404417172054613665241856199609334938363775568128603612877113848635802774676941393067654269919039509868350726274110604961445619292872836556331409727437820727671451473425921652992083777157493136316560230079328255740295740774667601378813638168545165796476087185860352458127883902366213521416875987793448487293844753975798944679755160320980090054490200186601223799155474994903113454761065081719673768129595294661570431804241520657950758522648729878424862727879357585411836379909732178019775041772434 +/- 5.39e-675] + [+/- 5.57e-676]*im
10; 4; 12; 3; 6; 1; 1; 2; 1; 1; [-0.027233460243720612234237320497267009031163779767682477525241076115228720973229687245274652200977886856116495675591088152139014888184397890533813859366097449217141406755852633004820031701048671234258056646455294318904362680855117008748967229974850653944245269530335114931063458924048851826893704059162273847418060066919970739513980071109997650865796604666449006524407348714008082661741564223163768981909508843319690121583140302252045291238081403760188658746781613082017333750586369185907232447044011376060221327599773531832183543861095068049349310336484123815624959171458230868449587701203895940385287021368351788874108526094875885722849855836212551661256535884865108595685588 +/- 2.46e-676] + [-0.1458770774664334872161923931548750982769864655830952744720404047241274824031937166359269255972273572930595042469134690057626268200165902476139682197281017115073823137441831374867424370169561184124167316035554585116358472643550493940050321888582597848291470951435132923998083691493567413792869489798868226061998625443050085658894001592758630103033262489676266689484613931181688926143755986997314703190883074292248456903272193859068719347370427785363112230660913639420000036520472429855638308738165263423641098853782104676927215129627549535332575589596050246741046508049312916169124763185020417971902768216344856929274291695528789608683653253428724789348560942196774107909479129 +/- 6.14e-677]*im
10; 4; 12; 3; 5; 1; 1; 5; 1; 1; [5.86171999419811605576233840611908801601836173109481487502170586440155702873967346086011315101890858607306269730788154583630017277599863933865476708703041311547521322740170805110871852420839094195649415878234472517449444306748408532896606916448659505334999125291048732376770706557214166567530777618880257258175016849563377235149153334340408287895758876392953684908857516458408905796006599146655240960987737909994011486004393271976397911616359154117428674433727597051957722823319525551647060635318934980711934619514547949360104819223615505792475749102073289514703178393100401355410625777939322228560543728648012083916909891329181699971776525112912335019839809344264459649753200 +/- 4.08e-675] + [-8.46709363822985219683014471129710666900225163504200025966412504808011033265676981020671346098906291064215873353094068742735098563726404937426838340688749232431061136687827534948336987423885726152020253688789902025341913420111791097908559977522863777294189031399991106473907745490017289373236532527858318408266280545318632253109580141017296687120404016218369775127980073937264153344288161844091786079638942518823058979535256850789851136847741522952677287477571592228226450979848322495938239534884295665755793194317980059805643211036586295950327251501522669084318412815567063290340045429358340859964697689495191609132688295668935790987767611892380972770913393834604452504165010 +/- 1.34e-675]*im
10; 4; 12; 3; 2; 1; 1; 10; 1; 1; [-0.378309224632842359339066889751172263419370896384711127416449175491430899392675662861872621599992343522574589104554260224267532321536870086973762217099381453711191262509945237064502591858569127081532611730562868688055770286337163297799087562663171007256430938065562441387163618942988092520020586586057308750459177850751050691203037479929850261489192225201555903180917478077389311665267220455626236618155224986936249326520778294818671193716630572524911510536947046455720483129913653776913863246050802624738382398820220096484893221140793489239730440088017998955550868632163587620461237772542917477794563239161459648014502918017666958127918959405106987413471790526875359349524947 +/- 5.57e-676] + [-0.1351225517454523099194576274144140043609170495158969916406159969715171157609493043104633099467762737922706984796824600983136687534467021524802700074061363562753635204647306402202948560596238807697397229616226568537706153179057962448142239876112773805918912098983341589155348127738107855224672980515853723489341561754785623604148058448020126004597810273302833741514072872558197629699109220624741503599953407912912908195593720475619266087537185536861566156235125567027496812256136803495618958992795796886232427033099743714038176453291203170410748492302579143047564755263255807856875677153011127091766556758290251764857923361320077578228290905297066589707249395166708281945397809 +/- 8.96e-677]*im
10; 4; 12; 3; 10; 1; 1; 2; 1; 1; [0.389530287836016257497361129322380015428082332705481156632956021733156838539550946024512940178839669817530662915151775710742503947647675568225396604282629024153650932761181046519031586677534805252535460330485504931206732603208805391271929447845473644307283658551938986743419629037845969179460950093823981947578772079168911863180326825968353224043985489503812675941365311816611317491963272312119692162647733883231658003039206339784853123841662790826658127849888147990180139585938750641706701843762596357328720620239600541433298490807172678033302709208443835796769168439188040542873693977135643742589171746980485835301527380861645571910827071262630483209141616924005893317484502 +/- 4.10e-676] + [0.066200579765502872891031027843698309567726698344650858872003915457098047062959308862615404030788660597198421943424286259971640457984187921892128462203920799005116097643200909299806050307844038082510298287705311772517015061592307090482799456429789287446337110969271335111213490475918487905400918479932167043436227624942910711645499609072851493453746747082201500409501508709533294335818495488600054795599725375573397060102820818748941038745922991170435616056153967748393899193839591065872975511189301404117637548563883177251643333846741031697875665871401566942784367139316242730402068453425769392562071910346871828032263638520166497608871825787821015974481531434827691910548854 +/- 2.42e-676]*im
10; 4; 12; 3; 4; 1; 1; 12; 1; 1; [0.003285323147547861077189886302382082426320058671840969047166898526299336325315852788483542149528275577064704366536126277788241617239602344673449112908332495810420783409101220443305675668448516447374166486988541167901085983476717179206851701362113673850861007222757365159570220568594289110073625906537948171598965091513251773838862428639173359376846765222367777505197607474168223280181587248601237389528471741770843050765229495702278575337183015687743096786168011756310092140580369835425215343175255282929074348769649694283647727341237050725179724600068886214321048660075528225136437505674878834424744046258485732730783589715725305791211736110436851807562970954057458435850788 +/- 3.65e-676] + [0.007680258852229473972997835504617645516226999613690360688274450885540559127470383766641492615107266250392319453875019484640440576790755797490052414665435833005964316070553239790725381125789674296954866302565316901582749571317059269726947687136757765804133948180976420810612841202747799236926765289953375251812822728697733447856915058417490207692362237636638012127868250473538209432405002803897270989348558618481933048270188363734371405858876379057232650363353522864091222114469777509449572680579653053753285881302169886454607569139821881254098881525834138431627215578898632643036678679867674495881494228116573022749125214378502284474183978557866555852105709862643738826782405 +/- 3.63e-676]*im
10; 4; 12; 3; 7; 1; 1; 5; 1; 1; [-0.470091790511743792131919073880009412252485624800497283985213630542637542737766389845869252152939056999106011010781328449886138795333398588591322137299750776315776997268993237569369015246264491884464795583809384474986187618126195284185524447964260791425488371068046638624926555789312138705849305057951498088633100628746368900029542585075258661664042295394110909533069921601879107136639696837873647176779274188391964282965258797431855114185433984093214058995387886378980677583720922840534338423282989433135564408001245145142073809613805259072356834751307259418093433300712949213374194195128796087651241371754617181163793008645539817271431129346918763312652825790339025696754901 +/- 7.44e-676] + [0.231776120199935900513182847782080063537387042306881432188311981067267526332551222804844487021116543200280601275949358869462966485759533444861920296870919894085598117035083622091492871540527867278134765551799235269989459155225146627282933104018443368403145231230018031843080512443414420580615845290493379885609830743224136141791644026529769397922735416986103761098377149331369371426312610728862431078030087280165911602448897896712075533878600528184132622304361190586517148371057478928884855515681162928345851745487242197924340898323086341525211877417589398551817885895696638941192454506546438231370430670070648375126813295217043645500502005169038089997636416349963184030392621 +/- 6.60e-676]*im
10; 4; 12; 3; 8; 1; 1; 4; 1; 1; [52.0734675346357638647178656476569461701388036390878730049901181315414803676996841368114426125646742889137653249746428329360831092552253779523625100154121719934949961280625858526869175256119179713702584479637836612852346130332371716380185430341237753932981221672636455844248565723918776077232818388070702586041685525218152460179865993598070396947394856968571072395969840945589994291326532194484404735703103466278739365476501853172367641762934217101485933908578545934710646517731287180250939728733791156484236149967862107830077289662261606904326391865648122392784067064725798322250925078125320015331240280338526770123099804215462420985437553231269665992754802588266543807812578 +/- 3.01e-674] + [-74.0324658586212690904602306190297411702104562127114024151436046378552042157321439884985677438492326195333335683302996979341509320976232766501350823290508245279074239073824297419965379018613567175253312626750427715582553255198630632910581793804512634502474933504248701739491996338733039296750039045707095461337736763248111858781049162773299743922968563459176991414892416733363486158975332670490637068710674275142371705160496451681270661507367665622333060751714873297915980322854110352918499272336261351554976931445572787268171088671009302926371952792313271727464850912301910984261320261824297186823560494498888617995735239414841921347214917453499890948243796813626824854368132 +/- 4.52e-674]*im
10; 4; 12; 3; 11; 1; 1; 3; 1; 1; [0.202864794693878285517930981355922566455344325636369931463133247104408348437766593924590936600979909071011640916985465921998895123026838849299319542178433383528833943966630414252893838956400390243145233099278358682514848070714457840445546105652873433553391517247067602072269462965639574398013084665516006548246604932208356048106139946037040067806386172952040142713824692797731105318781541104196724838089029501991177401717716248780949444380891229635531303705936672072637677372136098061198261505172467517680907831190179223603888718003968335330790282620621943166504346665536172793291216971527594956622631441738417249722405063684296593282318200283607986683469615953460111911666091 +/- 4.60e-676] + [0.171472726323434754801974499488674022876456787566309819748060070360084398580913391340875891540023430413269796635692419841962011985477580148651291103384258420299771038988338033800421451734513033747109235705629240794156955613756863257012273303151757941666808281319046328324288746582464622244255017706632956190623283805898333935198290561946843504643951998884579323771302343746538357278266908481465760040228837306213314215218289932046218454186125832588384361068404151501831420325145784432147591266374638949838797564731230691409186530819720274270415939823167610970200011792680399791605953239622575323485515901588591447675462832545428467677371485879748654088374368401039777471948979 +/- 4.03e-676]*im
10; 4; 12; 3; 2; 1; 1; 8; 1; 1; [2.17252540955294871365669781078169772874150461760810905387490736228234611623430052988395711600189951805197271276552830618785738970387845179763266947792576281294508085946261150314358948080438905357471264537861518772594318505680647847804594283602690860851244999003500658476370810109801661948420343256760652478067941217195899996015284460456098794411203016474199331631606104964688643639679872036832629875998950773407988172644388103045730239166776546302691959104261966738657244735244872269312685976556243426823210710353308876194044937106886518948040129202938964144316066265466279180120588805439135316336205136875110784393948622465252779737184000612392721456339487542899072996126651 +/- 5.35e-675] + [4.321047456404763145485987360445778735907240606558678883195667832974166150337911997397876213516869763299292813790930293116865260609657690759698111139376475939533475470409215236173809078546285797582540363928289615090037577008418570693119988367258488769641253036035736842916933345748063130604496020849384037112911722619500152575390170097118820124422541975093728650025252485030464452391371516873019729529937215253303088159862414688451946437519393844839167920587849382952655954502105036239336460051700629530200715703239332213686170578177583179974224716764855107644320531257672923707458881049149213454025526996134822209494895114019681657208093367491798729945075812905112989287204954 +/- 5.57e-676]*im
10; 4; 12; 3; 6; 1; 1; 10; 1; 1; [0.12576525277807668135335991603004775264291002815230719819388136743979973697960574659552903657695649986169879979712323706374029085946813316896516888835546568170383361500963753640547989943477591557069122645905460485534034298196955465010990947486917529324749379615547818837721076235848529030527148570512326694460085427503022125968309787463563465746834614417461866181413085816213672966493520354561352939662700881151383037324813080967487501063967103376017047185221767751915314076937074044883427084458398688103513454822499372089464271280363714093767865818948633385680033304216578122145633736682413868706292411878112469685654393196210785486652964944982243048499661346186276539815715 +/- 2.26e-675] + [-0.786870447758680759998147710806958681406626804735467027940643687397686768542431478462791182425923313353006985105161352179202440659419937943622868663267048914570886749391063296479622474197313016434529024862559018561108139246118656157402837198736635812484398672572966042394360475396966558385534036773680646549492462042558912122283042061377295192850768660175112463234447686667539927773089038205783014317667578120358616404917942012615959763545336038365585419661433070410082176792300987217945776634321914618745197532219981792017271403506269581947622015091710236452216161388709199613166449129958653977290703987994447453665232430872441156287354150252264839882112380259276008906732266 +/- 5.88e-676]*im
10; 4; 12; 3; 6; 1; 1; 8; 1; 1; [11.45081178531991175790719459886487614755247419226655510258373760775732705082047045234833292444778261793684125281934512433970942586695204363794914138237068581458383787145894451345722468913885202037612504955568942193022420847557182438209839596940674479011708487518337740164494055097573712996121196409566312399498355399204031188215047871987416623829886663705757584527241957878744278784253591344222661189340848198093907434361225397218597201829050121106996397433697750617133594396087150506142076868808796220517652948601909937275390890700316504491326191952132849923586526367877459298639207553646259350247527986698945757183917159192824585102024189935355803857086192996810838573544366 +/- 5.85e-675] + [-8.71273456533249356356712683694102745265313939529044272598259948654790163904531558164476050292840616700208303706653645362717650059163599287131712656158471321403089021756344004960261215915355406125435044978340749835816570763988329144369184465579474079559444027859113537494722572441237597930399367183189266357581860370411744054595909894588591206052401780147673345932561186349464881146378277072803647469016154098785190419874627154598824414450933977360866921033883377595172756469990814354303550750501459003568558865891357402186335488864584197650693241277572715488266134535980757103263305637241513097495079558765627276405073984518741221463323684358372758727991296269223408578657006 +/- 2.87e-675]*im
10; 4; 12; 3; 10; 1; 1; 10; 1; 1; [7.25989055054149967150771113061312453593599307341922538859986807444126875632577254359207576067547350449466371354923484011084441329411055627063822262782803331553097919835303337156132592026739877876753424902739882224340093931058380638710777618211766647319375962689229096717068734347937554744404606526929379472614820674713531855973984798729154304157074733205381485621336823262049382031088253160375819518520036092335800199214236864068634751580049353747698250933778472076110118072066288266852687154174666722434376915417212680160545759456877784918082046907730748991103380053053227420859745890886677326593196431287924016327527909855430486953719253883342167662222948766574763731116262 +/- 3.48e-675] + [4.074177026557711160916520178213701236733260982434019753182586218722187368356878057089286862247747867234884316675346381182652731864675254495737879346278835744427446287082082279888360741201052597924863263889039527755293215600117379946832262374008242196774900298498789004151120416357512007995564411376481164395114413294489609470473841436130274248538518592532138521454277468864151847954655159943687388461028516700464128836702337968180527359568490012676477231888193891453160491269156299294377132115904065958749844254874680627677702688900743271118450750399268734422246893873214468478579122533176712105997199749705207892937691134423635757967291518904898667324201529040882842015069337 +/- 9.11e-676]*im
10; 4; 12; 3; 5; 1; 1; 2; 1; 1; [-0.2208342984774688319553915901435287211260362765122670909446310123358272941528760678807783229713233354241170718322222140168975573822745571416432004433406356175726967257153822224692743557453418906731412476931403447277869425158593586945278888373201258126064703104303764803840741977593198576063372892578545941091974909852076165882908025382141165659887158640329374235319176421725213019078779076385024089146088188640249168430050441800798328573932864064385821919904500929895241380629963126459097408703395475644254232264833890117311607887948809646281619528936858487519166162386630412999118605970841717952198287543639293053822246082145450170393333521134566934461403292040929943215906952 +/- 6.88e-677] + [-0.0988762129208460339565129131529382169870341761276119324625630972410643915540385193351359170613230618718367142755584326698786310212684431615669088648260578554622739254567769556450483824156286771617916893146619641899848175776743054552614760043329057301077280478616770314538224250507439038695649125117985470549509151336138388662102840417507844340737264416069261815996201691821267105759319720616310806155913019127044625062402444462650833811840818338262720183633326055104593661846580747508001390053119358741413743748299015664680592199974376923422598943337387006626398596694828430407749521841794011166237988431954127338922929139397633680531036990845271327155197575946885659169037603 +/- 3.82e-677]*im
10; 4; 12; 3; 8; 1; 1; 3; 1; 1; [0.705958351220357551554935936600042756539190529670301949246877501829854429219261394428632645978325487021010562360858636715069834390072538504743182729874699877315558455414126278198187588551048324461069210649845684990708486720499588864971138713233911874462295857844934399663849759272621468108121243528880065844821697139726111464802273433041617559622169733596854845252072926171260416453902105608448522265263507621363248049517279933041143224067203197274429025205109626905945038897378996107193971279317330139371369496695578121991253462964425359787441144781924888557740548303802231662566159149601126095898088371854238600145804360406813505357215079827961468840347925538717750195731296 +/- 7.00e-676] + [-1.003655796487285929330897332068691152796275576174012955002960749650322734078494481152024031865557577844026431381093061403465889829166282774173766946963959453798481676399243202896097897396058836609253266117751279835898879163629267850037540521835143755309916291406235873444880225832528699987857695585534969251311856810287756543299847210331957874786273963614673196903037717626318001092793653972286854323024036210636818509280863352074307511280887188674959019948541696700555091934710426995474914128290207048720402706715379649347117944101543606068689393044127561144245569955023208626505792721039654724565445424083635867054119634469367620411397063595022118790098582640167492582124950 +/- 4.81e-676]*im
10; 4; 12; 3; 10; 1; 1; 8; 1; 1; [6.53230949884809655501370741332653306888211895089009365859456590583238988638939486929612962983216914123869532026013343433673839016218222682732423358396508240610617170079381262636190466942045341201295221204467013937697542345972271083310054271627391336210546808433271960535791270135409634928069824959963669649297302709851491452615052875919435586395853304023375067369068426850265574158210636725982699430523561446470623720808135768156151708897367691408048294698188504701709387133391749535345020205982236813207596044690258262659579949035401049603564048768737517193779158216338545209350088991905857825616488482118254971683876941858952777442439777154934611416513939822971725835635911 +/- 7.55e-675] + [21.30373922473438533003073248809613115243240891451224251072392501638998411935714259937732666830165305544442827535017517388183625115376940213354202436893304545837032178283039364732953816384942204350196354949442385067420151187322916662700849823738850591959109958234286980399846874560931613986120673772547144601730037000717608544732460291473635341820262978964007704184192138463519444555437872073695449423431550458027038047667413955135073406678678972749159459336309942783104124077753412311008274955087837998208241732869949084387559351364305539867581009280651566106889300978477915831584365820981938122587519027273952067830357976006174756345836921298237136151084550929853998595247585 +/- 3.25e-675]*im
10; 4; 12; 3; 7; 1; 1; 2; 1; 1; [0.123728487319104102698949793278813600179827466421360005790722454968719282075735058598169055482649506661465960456321672886113644801796506301128223863664768371466879492426245710230398233067007577205343815682028988959982140967018503895029508404309584732736403990758080287404524746531218917678447295790799191446707239390553576662195898492541228285268328468775784192600858159657943051062343754951959976147475284583734902527755408961016198620192547887713009415933395561660636801961287153832171749061827635814142869068565491874962756404471167095457293573375891121349097391310987781939936143738415003017122761095419877564479719661704953337791533965104244579804913678211080850866444795 +/- 5.05e-676] + [0.1652707792730734937704055601245309069700393788384801324585694304638422058633333660822310060423218799934796451395923245159519757899547242605638174092506628321918560322846055022910845356400385625878603007996895998279531638942929602302070566771432954249303404186028125196022299858301805109071541397356388046139773510595730771549149732254385286725073970936173361874524524920386666490112159834924064198809978694111294322311079406487340009368985323526174821890354380650240327097893515776202882160515572201975475013185194748999265667905931698068126422469067329910840252683263756628627887588112145865338230950353908078317243621956606500142421399952371122561633829794019507959130173970 +/- 4.82e-677]*im
10; 4; 12; 3; 5; 1; 1; 10; 1; 1; [-6.778606866772178574876776360047858946751024163764510703354210180520478316808766691542024259549133692374361053172028724641525485974676964007401488836298168521222571076685214365924521383080993456281235268024105075944648641976473860006186608938498974817104111957780876352667363331021173502679044060633497207716470885155836482320637585820162994732286341945889065159659078844788720244157695922271544048373453018148666362858140819715498126974923802301495573687484425385359920279766476521858241791485790410266209864312399926508605020130752403833921930010984553400999347254586443616081148593051447575865506072216912604920103651750442255919669457939298389549701576563569666057337014298 +/- 9.24e-676] + [-6.494864236316854407183281357753803084279643665430162116452047252862142377580537757933238750844529062557239430116799853303114003475221016171272229970626553507600647801263629020815189799223734863363531507385705918512258589966219098374803997811800691009450158357220867312009781686315503995026376577921880881260403645106653050943136698682074014489153823964840643668481595028605313510422552497169332621433501821949279147106944043277469840604256375652207143265697332789567509703084648712042754429674766968977474157961660151608027901284381746810311955495493552739295285082760805099708216232157833228981775265251285931334086802956691622834288467656086195322352181866288279366823230364 +/- 5.60e-676]*im
10; 4; 12; 3; 4; 1; 1; 6; 1; 1; [0.006520169103830645009796530933771895430613589978124306426530621893905301345992743099315372595857585176767114753344552417683062855398427919549574932925045626936032806356729528640847536052303941648140024398008760374121123554480087474108807485865466033799677366554569078603632401518670874046173230492003426038321059028128623916373079328442194207364591109230208822918571739387669478144292222454436440425870114088693575956978137233742466384046407080477602471546200048394786649771617675043296179225483671122884562257628824097341275355225730683910852426217851516175932827070266514294546135827171029434206898154924310715314561190650074360745912747812691476334468203451055447214969781 +/- 4.26e-676] + [0.008456198042603473033396420117742986713130414961024624092500930279159506158509711912198929152883950824802638971530857409925592129981849024248212365464379526056555889595306546909601402822260408948423890188131468543875119377744842594821802073617950006207975418447426140022317432972469864795252868612386217763162961155285628110737611401307815133597598485083920806151935319047798478698516552783331635924284858919408128535422113548064930232626854238726026964397628074711278076777126726711125772544172480633171022253376167355298578999619697915187665183902825164768171049679367633612890488642866271875147810721835003324291181007934110761697922689516153082643066472558532997725617934 +/- 6.58e-676]*im
10; 4; 12; 3; 12; 1; 1; 7; 1; 1; [0.17577393393221800390330497975705006221278358510366901724904136355225662258855755754756901332934069919276362958429032851634080667456357496419619115696135292952028946794431478366954688215427547635679187762304538786315915494294776541983846608825534105293254057835680816370857980546075896661060805331498891463859218596303867635475385023187279081438710351031367812854648503119195801381505022360751409314419258579656123842815520037302933126234611969325168470891313499888849568961517770055859466957776691741617536378958868520258263206056328238880599633553837050481312134181227172260857175267255055989587028813224214422126651198376764761536237206927478705914309098533385574446726335 +/- 4.55e-675] + [-0.22080946199178282035466003974201456605776046942272976890437812937450832646800226005168827879202947439101480546848608809545580024572594697276115857198145492305687844666142024416387146685361464059177697408109834032540015233118735084200100274539802992770051071065398723666998505553859254866428152616508915810623854371205586983753527237873863118058422720154527022389365257489480908887993307473984029349415285511657298019087452527406891219200888378767477103280602275538001815007983958527340253517712192984092626402801689909751462638424055731445269626711651395293305355922697723503784560400259553833329664341101555761098232366789884818413083655952073257597698957638176987917298480 +/- 6.11e-675]*im
10; 4; 12; 3; 7; 1; 1; 10; 1; 1; [0.346094139571946799120286674536968492153376047203887158340233678873489611387468586033335444354224139390656405064059238728916098122774633029475022165710832053523771483155259800817788058276244913866632169111029343229293876352597646597187000158270164354408922551100039056692428386887130167661356232778840867440617928335029527183958862798945733327017235857818250600939865710747302833923645946662504662212247630591741740215715236463284526914802283369622284247675022952234956384238832471487409231500814630411454448206632899293682967332051130175249893167006558087402677179251864738525183035120579175207850358183041550002065279338443332823516179721144932860084193957634751266973250022 +/- 4.14e-676] + [1.120501076606013535148359292226525706991997793005038751589228589515514442044332593217456677887637183659540746065417556550316332183636095613467857002942053029897126725669304629046414943864876478738240483709945606468673540942140680010260419094430417331423488294111866024682618721354018744228446080921053448784116686987311585413518314147718568781798275283522218174857772600073940688399830261931553860603326695467442009542236675379017504222323531605380476347199807439864251630424276924043252402335581919292286276496738283992224792938711071391571134257916886275047669633327873793759602276157122100916289842861630478655327374880488915834488723231616143378159414159339474759602067632 +/- 6.03e-676]*im
10; 4; 12; 3; 5; 1; 1; 8; 1; 1; [-1.02795138977592257704990092350071568144930679570764842832790832823837674377714256704435749217312458117684274260173528583133893176460746130718559667584759601715909125566635255193026237554934849473127798495189649928760747975047398304194424642869704618784092623101193750282783280014337153348404535671709662518547872088603020454276642210247749828009455398315692703095471875275328005501437558160938057123886914025105651280099360037318388973366353033551935153674181951945154697129527170524710892149118870328411355232978629801547206366759169899226648529871217017647915788646784421752955193787717576675435737899529443624861029156201411405306105207854547812032370406986399811475645446 +/- 4.89e-675] + [-22.88154392168497554239792610995104742485865449415967460447922603563034696951446565514206265262909924426465042099603889159352531866192210581820766675441229307192107200787853857673410779650441512723926129227691981114576259529085518898987651729542107099880984216946290954702666586622579716720738011839544111098018677486031457620889210187529491791503817842376426990498381116437870827677145852366932351964375819894484948318943484860216715924621680208163163801765937163407506732626442688994110910007214461047288296587559577623845572117054778065865476010772817131485509514853392120512828156051118887403477880685108042103266189673215985014227400608060922054188097677282368868565403477 +/- 5.47e-675]*im
10; 4; 12; 3; 9; 1; 1; 7; 1; 1; [1.288329036736222485625739885592972366659143651064356650912952512251589830176586616384843098456788840558036991444954820443332101350082063143590658651885211600636395317562144586442646643176273719490628075191264305986762978332847552252717126260809085751314210169117867502524479002976035363165271492250585243251885973431516332008680891285347364534862601331245514156549862183871406571877314231073417014267880832030132077135044406332503202620041450869584469955488969246500655923048879592948646847554666043672559303880237445094509322361286785632059419823627794357161648451369708091053316014871703090845679654325417547595327517793761816281928585556369098180770752481499626701196148909 +/- 3.72e-676] + [+/- 1.03e-676]*im
10; 4; 12; 3; 7; 1; 1; 8; 1; 1; [-5.46255717538288622602715528457718492198889979015625439174463986487903019008759032509788605869820820308685410143373875770886897565041906650845720147990429733887986374781058018765278734743768748173264120367187196842826918228595384938029561955443213951447922777916334545565691870620854491091121859428515975196823384851606680349478341744574983947615477873731099056423484660364943526740052677377022634736358804587340604185779716119363577948736974135251207200103564372420330170506033776759650099906548491441084634586608209766728962263619523965743060112054089377608437781514588577703877765482487912280766603490235857643833861899131216224206725183821674878552303252822936978738284903 +/- 3.91e-675] + [10.96206505231892126133884653900353159473973684054415871064575663152018747146241881936367866050850794616564111132048734217946984188676075678009263408248412271206337943047546277557606469623872399687674175871657088650394476261923076705662539886553139917020788002490112684026531882116592248919868863974059661168854519376052236213292708707535040146667767498118292982181117683027907951867147270967690734773565082532747351711876310652512866340631069970767520623634083517446869951990538803968239897912686713842646093771481345703902549200665914090432064156769421190702340309529309636607137350624081391202975743145811395804987565088638915607555927491622634354594155189333510228620569491 +/- 2.78e-675]*im
10; 4; 12; 3; 3; 1; 1; 11; 1; 1; [-0.06027155021988735740719097324402183459785436993033800610755405000604256830616368697524646822214106653518401529947620851240604140370675662199543111011509999537495702615207083468153828880509598963754265354719557802048079067522388721552417263855498506913802304213448980048896415864748654240629764493429692835384339826562574624167814492017450384113920074626774370862383539724515592404059918551072249283537150608112758437764382962903840449518257097548316839433401028684940948082648848130396686104806269175528328609802498018664962386647011811025403277001106197664642150591734864057212003822476609084464233954837053137261932584258868376602220643189839765676169207946975269399770748 +/- 5.51e-675] + [-0.08568761972557582934331502999082565385930915687561897310937474715106339084795468023543512975216367424373050430170765656816943767956826501994646314386871513111812320821840193863833084012640718166443172998759889939890174456623805219422222291877949457563541116680884764377747140080537162653073888426898737863631132736950573936630409615120828186951957165041060501431672888137449096811630428973773542343951769855175945274483985319981484760653352585402553099357679738756069543765248869987956511887920315200582404215110610984305371734107791378713816868224318649819138478254357587988819651492002686385253505315063163813484403879008950276687751008581768478132719157137204618475188201 +/- 3.06e-675]*im
