4; 5; 2; 10; 9; 1; 1; 2; 1; 1; [0.808685895679194446812766901050260970357957656720541015157333894629569426222972499259976955993599398052840436442526304526443981785458536096409947421147496547290841856700694438050076715407785539510959645064619103966120519057630106665135817644545135437202969778773111391764840809860500220672329792060771703129353647171463554257880507615813682550173580729074612278376894956191375945174755384558688154538721499644472613865700524596238544024892181597316109774179536485325285735488031256828210883040941400969616156213572048963979293443109898214877208818896876867864129414641621124514212586255314211105393728644327920931570419359161808707471726241079745628928670036046646591145988573 +/- 7.97e-676] + [0.463737912807805081088650520401477588582531882601461363778599849580864449402783100087845434924859861209649932147994951205715818325051405340595127574565020331461253332138896602992183052278535614972845345598931387269681485645863787449186459406818783504454118320525953049709620912826978923738941766289541336767745138022270820920519488257514338409182211201927370499744256240996234835634137727540841248278614196561294487382033437711531206870882750202048083090504606592778760782695073465847739879384988168576892187253808269301353311197573297631691174006306284740160139354025258680826459730046119226140708415591890419277318723319677644401194886545378823139101190968649958730426038132 +/- 3.82e-676]*im
4; 5; 2; 10; 3; 1; 1; 12; 1; 1; [45.8316058384012618041277847922418805405740780704385270461907500383156867646910557325347965489711678516619017853745366099068603456264675355583717218993535052665543707895853151246445217806026241978506899144872268960605952509320839480121993358876134952810168429748969579332831545215149438156452800179800554541339356968561849725301471468901446144798730483994203873333205780555639241285652822194104749914545066726224809184676509291642303568622271713567951195581943523353905990901455967323979103636938874540476291242658743171617974596055165598923159048306100123381117016711284838747061646507787343213824275420427545078454917457110912863716173095850712233555185195483625618658307393 +/- 5.07e-674] + [18.26538265792610776090284244551056656980298332532244107321996010511339335838837237157190435997619796193715511641761287043422419427860355104282977226474726678080269634313399275682971670703483032074711790394669329254559869067649723368059680278694266634810798186201268661002358749305959180636978796490237240718943936942833258549672252559468074210250754958925145115574510149184086633715764695895955216854142647470539506745548411397979314356660038275058081677426591267884439973041034464239661433674770870434108863324607105842257991520928165653151674245226407842579597204121735775523285376488937842284182899550860275778183620755363105992774582794559700582333990688806751759621232207 +/- 5.70e-675]*im
4; 5; 2; 10; 7; 1; 1; 4; 1; 1; [0.1049354780947048948988098884754641757835279291269156479820986327004389834223392975954728847803973821369254091727188121414325747778308407082865953254202695096394240054670997021026226368654727503432468480042296316332370412779091936533509553304062309426558472299553391592484724775852280132032417495680551881324756350341646023511529489163469036693843873847800664892803745887849217925533292860664510105116500106599054364021242943723723865560734874193318729200546961550822749017626165120790591370914494251045943938458260122736675855932932510417356726916495352545924977492921489083688713522002575007026988788312541332640586155250142000638798791091228690793290626135117927113073624443 +/- 5.50e-677] + [-0.0679160244650274699210704767154207622444876974682612967762270034859569225202392218256853615571109897997072791617214019817928567802131747832866268493156065426065023985048047102401811103458748644046751188543420449444553734634326556961028046202284967702207815423762202270857826643102431791388942516477674211229610995358859640932289369105353506522557900618032870983890025043385009557857811802777929337632522433477230874767847455302121478891659794795728648139922406489603722897666944652476657549944960601982927517457422679501823517437525009799736418355897226361097584218558346356168256609796375508265776403898955962387847866919697001035552473183448200318185320102463854005841919855 +/- 5.33e-677]*im
4; 5; 2; 10; 10; 1; 1; 3; 2; 1; [-5.48058903915095179067072585670989232379097289537947254976293635574774964634350899275033937941452636452015163794219700224321633828541160765852294822565095594572994696525396034568396974023350759986381594213989460854416899545456605825673697675340502935844731799329556005120798502191500669836682872910036733890466793920410061477472155826009261780850405947614165786915235660219655385011957713674307053088301540265777510409987879687889890187508751634177422435870987764807828006915302941740055066358727486072806224773009173828430416301559564266946003042763221832427186881583526536601130418876135039595120590142482334650824671824454109104812927581329946049530493225158990277433005277 +/- 3.94e-675] + [0.810418946496395408653438017645467223057269930197888825467526980515360396881013302499854328298838534961545358730243419889122190616486702307497326116335740725112920354387102490016294876743576156658340285056662663645198524012562436424418860395078337901371299075623101726916745790443109180987715401626458160761659345450624116060355580847309711459982552600140686333330167727967530470211221785092351579939160483243076174315837433493621376477354422682854923677299076558633586573579265182199386921923991779316388836482990578267580216022855145095911445055093351526461601300686541712979959375386219713333322411131502397717956309669436257381051738861276953919680815788813369914111837383 +/- 8.91e-676]*im
4; 5; 2; 10; 5; 1; 1; 3; 1; 1; [-0.200552480693320227510336490434416184732964609413272008445790278416862084244774447558627136586539236348217254063083349499482835223422722326602168783482154727660405038322952759429497581150656462548127299185559261523452341136522613019575854134264133475368578927113624867059324628956736628655528209299677089341682869148784397091430072856985584748229153245486999305487919983931709542521325304821575649301912788825368116183702858104449104417989623092475684656602592135796283140819300200686064265003584836945507603384262618109942681832526328341116980547823665791788621153900381772380061976105174732482129267787448188622117730067072256751750769071201159819996738430845943029959464766 +/- 9.89e-676] + [-0.941465455627993603941397678886910570816029419136099260961254223871406271923438625361005699534622304952137924947070713841464789662774967441630423440148520373151553519937507925341932809735388946014166996846119975971324640399202992708012770998417473801034125383346198930801690885206540462551552753193040374847311314605130032002713273404072400877207619827501332717630567811716498993280551889130006746616851512826583276349790471829966383952972020187790494457680968397516036506424282801362589259533514353692052694285286527050391248170109304717855140527039838035607098079580441091953010024480605963521517586555424595569982628959669691267919516857286407899083945281389592031559357050 +/- 7.68e-676]*im
4; 5; 2; 10; 8; 1; 1; 7; 1; 1; [-0.31526952719747352053454162370939088538320910199284962656644519494589533029132631276674609527944469374960687834727519483175946579739691041063711142732908361107593633235275332671195207050126487959106470171520215324083861026819343469006639873411347207681606627001607506118939690229465420303992565564192497078206272249241533088319187651567855713512876069160377213211625259374180259760162348913381121314054674338793226426913812293433011116776185154636256519618483228889912734474907279484353006993412496731745224982371967865565194542380933304102238210825544238380531380012911754203048263015945933815436167383920252919025232608356184800509705025089013600999691492926327369481946886 +/- 5.69e-675] + [0.21114448667203716694475400788235329006087633860577002898035001191036859736167373370762453095589957744976968987800981145843554428755222003876442204381861568203312685828667946282231930676453181601397871369310591900672403031960191744092402461887134879804722112334236433722785331361901311176619423547086238728030192006845261945874840640735122583816217421378197396560246059890076421317369629745821081645596667469341495834905290170908044867919942496542005677368308215109094680071061043622816202670698165395656319238671031025599411538438669065087376628599175788438228759768129524554856673201316530332892108825201037020484840148847534268482586957396442515136331713849097574804762992 +/- 3.42e-675]*im
4; 5; 2; 10; 12; 1; 1; 8; 1; 1; [-0.000459327926343003754500633943980378559666067078044389323903342007180508631187350658076187248642929750813882279487256318829911741979822611447945840867877921337136146317035631534336522154384190601174431835744667918413354008940385468997639959996427932438909058646189189280177539013504710831318863927994968962294520810037913174154758314533060211170252424538343192906597039590274799184597955999280370996049253559448309781835359366476614763019071739474951836488667587801725795411550488939800463827401682223784258624246927667788144414900101617727929047392674962865454297683353153713273549254038264845305841432505913889495680760795202614506891263134146414521846647769627545120357532 +/- 9.63e-676] + [0.370052125443399287978313024643585129262122421560000993161878019635310466396850214991990957393655396587208479734951999841621826818100989675359936885863525303823940690469277118334132885878638092996702539803094773321600788322211767479395683712624457815415415700425592943276817354312373401524538346517975251906291049787527523546217870048279762433755839075112996561349093701171435198979168198255313364304668036965667772303294852770099678192803871316011182371362942171922192609275454345132064009283703396144905943156092323574277049633384356500608477742649716597128389682647824067506508459712838845308586245657986278598560271747139514928480745738534856208676753004158296057097619802 +/- 7.10e-676]*im
4; 5; 2; 10; 7; 1; 1; 3; 1; 1; [-12.67388125601700910157905305634474174010528646201529980200542907080452706869532407815354387391393918175828202667541312269559602853754113554653297680882663698964270291900632337617468110341480600366040561753503326108860386593759211479685941619123614256255565180859559685449007236745291018305154563506162595308670486816783357621790826757174790884598415062485268619084045908755046412854922867792396067250181057339951410916463700866707731664155674334951576795968273100400629928507351165228742224816612413350005681756062823015003737147776473411978626633325554467627863606046231689179298047301172009365914120138903826524283943030849605910031994693871950357307918027667131535033175380 +/- 2.04e-675] + [+/- 9.22e-676]*im
4; 5; 2; 10; 11; 1; 1; 12; 1; 1; [-14.32886817136992767751547076883300374916727967870187965712280473227552619559828443445175621644896932430187262365851490631852602192512515746095890207664705510127953280059609947993557014325759199151185554218577852340509228521039410793528579736082550482891205327315111797169747526668959007211265691580862096911275635690321601193976858195521489577147922703436516006661715246190855069736522513787487727938695498264414322121552631900502737575242089735171922930486954073455930898812478720126098727886548845631340177375369337940478467893566921555629169110398066498581225261474954805809545681331340242434296070841256046619492778448929376784566988391900419420173503113531457678934542215 +/- 6.15e-675] + [3.62234493438651913628490899661776686306346586454624810381451112279009227057962171971762716270275773763148262760346205129518897473413033638501260316071812575409413135224990596766235838265015444325182954454265534393803923730441212831706435120700966915597306767137552769105891817003360651611661902616196043425699655886592964551770231548099445774174722602085639231683050702837556881708943186408756408256635689844097959039699516841012921007562173465293754026275219158654330716518660326803386721140099522121188963440964582421838463623635985891007843573983886635071875543847204790859757886382265444835085579610903928749672166530368540616016612766624833122736625755634104956219278433 +/- 3.31e-675]*im
4; 5; 2; 10; 9; 1; 1; 8; 1; 1; [0.39805670636086051256439791464314385628326192824274778096017057650944714402107019438978048933252399120619040659290661417368918981939633029302451162817372409212173067180484969466676835207182219789225852056719132077316368235372054948133235894209912234726190491754832166349395696013437415269422319365326036687837780074465736955316577141607630282079366767795923147567237957302695623163571715073385130838664099769309474911719754470400541510876643349343982000746023972428685631589007405870893453764495255188324532431705141938897938322929039288647580843251956206829453083473130849544050130713845694267281781842184848589856996067952363037323092222258381597564306273962315411163843431 +/- 3.50e-675] + [-1.74045855295191184384269675751562862621861084207456771125364073885646304282795554381923732742847220783717763839996452249363878160184895467877144174071643436161432914791945392064496881816796056101638924802158622280758830040250114255937553613582900742855242398924722728083884944908408270331496727790322271825005856327053999144112561780121979133338099947925084779857610567704571041354418128567869020814329426049478970690573791772375893328925715939596549163850931699519077582191475753983975231497935508264838611929314076607992423780656291050209212710676895768355670291994310537113113679330486694290027955822076135145269620004881126878731434274990458034623540623701600652933687210 +/- 3.17e-675]*im
4; 5; 2; 10; 4; 1; 1; 9; 1; 1; [-8.3479864763844634303066561353747246820904862580080546562489224114236943231251661104541941107485297554111035806269861646474289146821300368286730965231857589878779148806487808403585460776768833380819159987961511457909291041606974566266121818328805579079986462705799145599106084088115453375178004041499573130236930353414034331145470911144967064490877415330455646676860281506448529897478437591737268189022437531389419082869502634691569931747603721436143078323845732563370407406113148480100181185955911225319118083352477904687149017901501439849739639500400145700278162730733547768327581825220285486504390577774755752113276196870305726762955116966874862215383534644116376323761781 +/- 4.12e-674] + [2.25978780822701388119140092677592419550858980199399531132576940613546135580775270215130915946339993087393387234223096013001562322053005459276653884767089159588031681599267616426368739516462048625121783008988357324148571301102966910376257268322406544833775940425746999304605446068464089489173147726051317237837388631917083407968362724383866202493563279598926751447958544981560283709176607249745367896726146748408434616871680567659520054517412580069095525448560104181392674244591710376526820116258886346921018419838078899378854972823627819793990051725442418574747302624319804029521912463325719680104942701481644189201710820741618119369374318222953243203278349909842747533734065 +/- 4.56e-675]*im
4; 5; 2; 10; 5; 1; 2; 9; 1; 1; [1.55670138837538523851513236437935027087124771674002392072021278816320463634930075402623353431478782434073269486109250557357309681342070645238005710326649283119801245257689093543811111405411025680948965888515527753639664732634120944450150735839071626450887722390832248184998277821786236892827211925845750115833719826373133361818811117474386448916846123262318056185912331175385080415438682215237107019467193470651954086529708960681593069157508468118982422091730849987739155998875247971016142156329672358206886862749350801320925064589641467409994266594835232283069231868570351533144525949248611023151938934661485050306294766012465015588554446167878931280806702866237283918656022 +/- 1.39e-675] + [+/- 5.23e-676]*im
4; 5; 2; 10; 5; 1; 1; 3; 2; 1; [-6.43522578637745500871753802810257532330258139571820554834682501931288025618235720295882641996545698533395594982127289375368771634722855384964983587331914829553477994460110122146649452161401205023368817505649934427721766472341494539911161443208548438622232829213288697749028603647650949493133789199980437306735211021366987326471385960566430498636274878599167227528326898324994886126708809614525359325586931455029942112023505816393346155686641774762697274441086071780014301130360530041410778462639642647855370172679536307505407370646713742195121755380547838278893408359056635693986308390403937589692924094630415029667904145105383349879561462791108562761865062649625656006376698 +/- 4.42e-675] + [-6.96787629704763723015651605490295268333033438937671118489947006031456225675868796133940791227587322015270919112089928462002509007639283138973922030559237305972342057231316132604901143166303893904940321589664787634918005650999301115703263159788113235470711851810057855364047939220564789922167072928086363690630403816317396438508036778953752314932756749438188219726336219357735615932724405867966538045446390916322714080982974836320809699426139748947556516243626522611233042797606582154049804532232879358700234889966180044606103175511489139615016057655246676835244096830486029383632750522663735399172244037783569954065363228204169608863724265843149388765697449357353080659715641 +/- 4.13e-675]*im
4; 5; 2; 10; 8; 1; 1; 12; 1; 1; [0.41888582055768444300992319637105171055303455612301643528552981682826308506337124075747746595207323403642956811494743777756952438327970430294003934395097025657454418974523149259555702269502927784212660106664038989414620599725149521135664057878778651385259783281208021949542172329878756550263190266774171287620555471268116015808027814782384165040560291471905203189983776056918272588134958894599937549244662970156457889355361899563893028977389256057700357417018378157520677190202360700582591758773033737885112948999722431052795485353531243275576809082887691661157334996173406546585360585137981812940447559109670904116786474706534411541111325141123616551714890645844513407199452 +/- 4.06e-675] + [0.33965320362379820830108901133260620162909097268913021950387862991635985702880487821979327494031248272360961073409732611081291345606994176284242541579397846338751683560482466934371448089976227336408093843880280977979849152104603297561323136159542286787794922454822230251991712339760645460079817728378142298350909461766414411115971698463746604991531436843568226159984675180694035096108892828541219065172454810219702426071827552056096680898166825880801710869554705575816144616812271279438158892626103237932922472304377622555764815892316152092002543190970837495596977433044217115991134060245932877061760623923851303944898607151251828139105929534584303698828604145423851126408547 +/- 3.30e-675]*im
4; 5; 2; 10; 2; 1; 1; 11; 1; 1; [-0.52600992328334584853399245854237291353548199504020895221627701251257521938203177495337685371501095846352674737529982279391462174621696122103396546773554466631247477645137996189547355461345218915963086877417174744585629179811766887351279237900963612721177088698962422674165048767783178486650026822736154753095757168089609315124010173052372575758107965390916989927862351376737088505717617658355060002313254899532109565098218566538727326537262760351860611957836849402528043576007117027736781160534119107022555514034107738045613855486837551673009638693232024525270355310532822380978283605539528315839420518999638967612037125369755526628959420544146588803237829267157124226510578 +/- 6.47e-675] + [-0.21956473920986694361403316477619768370114178980233488147361770081772341442217922316067338659550682771050113123344957208871987306140780915897715254710415320362789989758610027035459484359039482037059695524028926259345374065033372243578240190624151453377311366380175188074480785440014704529396221875912753517296049979639396978381767934451675938219088323752548954291333896543482014049961959654500190090183064409528535605642875684038369414053254308486199863557442478518704730132271256283609024142795117899329268696911317722251875046061449515289126529405156297443972627290983176275007641906568862323262999374313608524438630263046124875080928747471787578096087800437128795673839918 +/- 3.80e-675]*im
4; 5; 2; 10; 7; 1; 1; 3; 2; 1; [-238.1159965690335120881262559433534414099171494181970980603025141161986428245492098328580043180988628140516884486770051036743914617230081066034719905149592515369841190359012595916307007300479543257960890529843196698471577530604986243724196020905484415357400519922905507365340705831800413917249104487703736441678730548061758925442528525224012799688097871629372086729640830531965374790308226091099583819697903002605925500626088656361619904385360672327392532539344354759464025536399295522234343983781119083473904763289551633378911824724969383933771313270721440608300366550402468887360128820486202710799894165643319966115363054858382851685407519279716399583372945176238936678382263 +/- 3.60e-674] + [114.8957707553323314571629707991449396486645004290562853738018274610616784521918837800096591378604658344440264725788953674041774290768589658965512198110993319205447673053136369411319233301157222046528275537175193531275671694764589197579484358545419754449232373979969243079901329694209509422262426842564941448679666651453582165713971310514116083334811802436310603111022091230002105103634775676231100362340190856473568492465289109751581860244504870871393235688175936930687273900070046295828648301538854836638657103029374305212518535918192634950178450002583902113234697292085960796009288843004167524464806952394216227822236759194899899065391259020897265673745599461130612135644472 +/- 5.68e-674]*im
4; 5; 2; 10; 3; 1; 1; 6; 1; 1; [365.7697786126041759087949365825682911853975319773892935734758904602640875975831695320076922950579931258019007067318931046730189467989117619517593445648751286457087828174092606425668171053354862232390219918164828317455336685899060493384533858437449563231120557869315526859271566261239049911507818777763015488832179544082953424957273518837969208941958493481966590842867903581241969094036283128520645151939678870914683454900710697179384314582884817184452422977656389055070846980834478923659379085878996682976344396319271481345462041974077680610161725107426882592694396730185951807534414892874929785568291345118959089988957241839028325146135438376537043285964688112920410831252741 +/- 8.55e-674] + [-217.9302253607441350017680488614785250420549153092190555085120685604170500507537383948603786917156886342050719474696934507285956707813118084385419719499597409863430299248576085109675247856001418382703949002914697369995921563099351651356091103352331032761318804718210506164565231245012841989618291689427541461850377732278802866015728087130993204862707613352908092067523184962494111097903304886334905993536753796458657837187147507136179317805241685715192879659911413346049358452009495994066910059922952902452825148822900239092509628446877764447690365852054212960892333414170864459584545025023124816572568822030141239671729317605944887101624519956863114690820425210632038216606384 +/- 4.57e-674]*im
4; 5; 2; 10; 6; 1; 1; 11; 1; 1; [3.53448440488224279114312780908505277890875216148958750637205325877048609295795130707661234485802412011131156631034033631147993523060907169595754722518466117822650448562370323800484302423346034534795504487512927872958411203216804824898280695600255561266657065221983530814772457129232851591336519146914815289581499983850411453886634925072647408280881010180196192546615034518851902418684062717115260111624483028259831321097523723380115039881205019155302474271198928273309046742139270749088913543794050862228827139527794177196406894363632484511718809959923684991754020303388531442487960571277879213221834081805121938248453876421248440865296862454869981301700562808787185535229013 +/- 2.50e-675] + [2.59482425694013200208354271681815224039732669225055670327750395061265947443470419373349298137825617883385153152853598281534460330100972454446676799884182200324406129399033169987843909622798103042434622640826247702627257794013607854887157590236481464318158035734666684134215745177025802155952412873253020839143460283245241299394208353248059728554630110891917434779294143972576172687929156914219343327960898733836382129471868122806653965299568882168586828370473334856981261810831290769539798764372627232336286930234554249551444702717269823885920040837229692072177693682883580239055442902702238393734308685640514779856744286581614700033939147395479949072308564732149568985830593 +/- 3.87e-675]*im
4; 5; 2; 10; 2; 1; 1; 5; 1; 1; [0.369350648737833416917027582770493085321529477493173981435701637948869317471344786781078960859296955186744105627186957430539603103932679194624240599814462861433205361354144322224396295319294223557439503060057356567472780154084066567045475451883824307805769907662915717857143392872694768909778390669795332234861650745384971483672489169172654538596544398303763686876748829505281661719808709612934387368486737476288726411238224635095870560146004119259678658874309087734148469802489375560881495968251196526475317917370679781320963715859436844047936915461432772455165699105145745548302198002809364647973281648977259287925915060899656697583055101896522300759729865766442015156743635 +/- 3.11e-676] + [0.420886646465789524187299623323988171675453140578822618350966812102336546575843012455557607551973246943187044243933268859363290955448632801025860228790333491101214644774218420630709675727113783038924691628766464779009794891967777955300072465193363338321673707248324966877774766328179955216072811259924906037032125371075691822738702547693954885223742958818816294815952000510255668821185265268635586746501202361659359279557668855293378686652697278968105854648835013892840336249167855048299564847985870810682368103632084710561279178962043536357709245702969689057436151246187863438662418184845168704415239022849801889894754618678742289036327465550031591756241435905221287320603693 +/- 3.12e-676]*im
4; 5; 2; 10; 10; 1; 1; 11; 1; 1; [-0.69606116755598385399937483311100651537167692808840606087471599400707826806045000176098417991411408506654660061714211873165510914931598193054286786422728060391550171131318784155414526017742937693381299999824675521414310300890833558386571707374266337021774161035317173005628058362843822899848585814353926451619656775025677722562638263740915017587749854667183992164415693787044128218838945222827553561274532516262396048931676959232455553474322119773265871202908577704475924421252764116140614920299930458773440970737859992524131699885979587012972887087731673667212447832631080725108367948319718023721804955137587130475014554392782481235059834663650784699244435973096668860826831 +/- 7.60e-675] + [0.12414053510713080706294096838373581477011199442455555838255047016652960021995681947455267335300665699138867744713271647182862832808378722853604702210941166247180729122643022129902948509021680557501244330280490044353667759068891761098694369954282647433785477141203838952958571924076687009552980710857665766966305907073285070755411559284591423983454712709326433108288965130501487093356398057926011830410709362002856296715650346732405198449804015547914354845657407183138576284622819702482079567701832142401180248063074500457487767120488929813169590488454818766583873307030467965822509927017065023649279794489196825902641816303173634205596262653044965700211425387588411440699706 +/- 4.79e-675]*im
4; 5; 2; 10; 11; 1; 1; 6; 1; 1; [-158.1270367149662384275365253358614003378253073750946362210895060135886827029301033141994076711122280196601597032718734901855547228808617226762597624032523802682100114452180122334981237752496964830187510071673627887348419783238933668455889535935341493213327426483877882767744561259383976767878132296559899070849004425952289185141099839524755932261374906643132323122946793087727441040091822186267695102073736377559832666852443627844464596005276663091209014731958821401231072540969078689204250197864630147984575019869356431975217367329644242301280966021638652342344727522430110350747145997196215403104720930377068618608857223134199813009265314939630763042173818604281574178294860 +/- 5.76e-674] + [43.3744028347364105885609453141106887563125073068203549262556112982394634761857390980809727536405298965204013366104557796815579049678818972099046443051662028827804855253694899873290380772396995637137628836833051615390898270260115113740192056108784960179842070763114020872176861798393656947463122021313093300124951540723730989032038719460637900173850272185990900293799869721947197647358472572747112995704887618037157227337736575377339605585134332520468286218751967752620995592002690147964744586204976798920045469619978032599178018726661218393159913101258305365649754241481185790439598301918925353298839053249650535997987128122410342277967217238531079106035632626708724979541785 +/- 4.24e-674]*im
4; 5; 2; 10; 3; 1; 1; 6; 2; 1; [42.7303504032058217048620416115674160540897024432493483215314126507842758859285397998381052107969113085169073855712212989720023965182720513735687957116146023088262518055471858507992507436004638537315888738793767045382679108923214008705353529667889709347884413053164497882987638268428002531205388521309782523439946317861689962334207617432240118418839786743774390123973307910816938146320336545536965644811802374162324882701199313225729979601910915802912689827467736889624261046083248693223302496465176558339877003907787189896653566493536000605599972999019670799552369963406366031753039083004384425908767470608275682966945174673351642842224475538747127624092409881459565197306719 +/- 1.44e-674] + [-67.01186760059279064147020872271104619972609832038359366822324431622731632340817315512436489289832093003852647250180748478834015266791424951951602818507714612049754994516929417726027986581644378345837760681322883874115126210606650935683660657677428848364096104838522060286709288870980441520086583168653552002836468064861688885400622789634928187742787541967340131719950260506642106784867762049351222399620243367908750405793920857688178886301678754921088605427448914977563889017596944494891780241221060953752620609624881637270788999437752730946915775976094586396980666547375804338613412408248713513199287473665443199566433315077124277523824976368613329479163417453994088931225115 +/- 9.31e-675]*im
4; 5; 2; 10; 6; 1; 1; 5; 1; 1; [1.047930847900332146363821112731084923977913128181898331879275005279626270335305584209351627696944281782381391609105398261849994215189308150736007383539623807412611804573774379234776356361074053790927174177246172223046153446519332417840316407818370276494463859568157780396363172052668584492382441782543213537292987976427835734749887629766737556262682054527695407208927940226890017234682473610099010682137668454950634587458399721534187901288716422900653002185407932552532982596986416469843594240408372344731044426699496439613955808824937898486599671332731407999837531926756999535588803234942517706846695397351764750106931250602749267590535951883729868265402575973351279317334823 +/- 9.98e-676] + [-2.673587218315335561633900108402373763617464345203063339263583806840681256358630768693660503825554312992496931388920753422513253363211069544047177834342136352480115066925273912247544435027411216170274959246613228770121410178552107427461407398294489568545918345996670918390068305872364522511619924670109496982933345793242626814590171631891720156071868540346793829439546422458097718083976989560452476348959376637842497618618413061261068343324118994175982936824335669430353376137411070478318083054989924927042400987178396987248647192312817428724259231909470286217304284380959446142461330366214813684917220191736012093656906287162167081771467325650443988600561770341411652235776262 +/- 5.61e-676]*im
4; 5; 2; 10; 8; 1; 1; 6; 1; 1; [293.1166107730017964030831090914783318633837662155451766976920222043730173498213587201247266036395960109902739071183050577496315747858966921461359398241651761354973435734693586275886245891992376603264099627369632987415844230447788789052700297148383813833756455068201983330811515355433712966602465943603957969960340704899346869993569796567383694922286482028758649738970852052977762828726420586182502293443205195318813435389863846336831787593811167998077818036154668064951316995828721458106772385126891770888660206208039235822395635689765823666603766321332902998242636835511466380661345515376201278337427543042498178121178123961379231005441536206977543650220962411563864551299872 +/- 2.74e-674] + [-98.0800740628514277569292013202784807575014416685106544709011055212450126696650791460813454524126109424521881577075964593547302472085540226714431464916209182378569430670827605363810101629720317881367583151591109208191899502089154719433310951508138199675384940300990054305647397263285064700162829929667531074114433558529535148261391888576992134653228222636304185897378844911176286161639896404852072957239376708438675707543545611413427006258291729745233376573686334758441116259268919931006000977177433595616967798758040069984205771714341877472275317484071525962870572370585693969056426208690786595702027591080472029601835790234182947851846763110684043728043689502987066797238995 +/- 2.76e-674]*im
4; 5; 2; 10; 10; 1; 1; 5; 1; 1; [-0.796203802617630642663377417895862716941279979385510480245224682466836999798257558171945639154644929817842933650030184147211210520054029246709961003276099532556366096639288622989291796747320489826665214710717121031331743684155602579707141536045843096831989489510040996412751271701659736723368935724568794438358512970028772339982773701562484033938396177800388666455073690655319077554140062973781279545285454015413200554078573289396709027706040711852671487270972967370207736163173076974102654705391950412894013507205447013645235786000690658033125309936195101745218520260099535318557514513856976751835062336146407830985252353125479669142572696892539154039584099331224114938531768 +/- 9.72e-676] + [-0.065866138313309909228812308412350352163531472824734727468555573278764047241747546777138701455564102713089636154046310331948798261689583612267212852570423240173297652107642837288682187105902337679127727314688164598892738601121749917038363661575781676171720831947518011044477253115587516564243233942288211634572843415981853889461717731673237015425400781839168674394165864799558715273441603120365399054737545176771734191515171760759994877664408292802718320318596697050556033201163998717641353358772669191530206586198450950609807574113064140645600130798763865476547903905771142307103671217835025760836519003085605266900736400389054916296903755556714961948050198872165738872236722 +/- 4.54e-676]*im
4; 5; 2; 10; 3; 1; 1; 4; 1; 1; [1.504172323886287818766584688435349536652224759858959054204886610468628105750869340881095562069006232573576256009121788037569269257568241963562685673595883750278327568426756638392957035841732681909212304620523656131998227786010765912862223567887199194120674159062861814224658160855595514201346838448840661894530748756382211882528133948166103170223627050642575303149518296178512734435097515386133670713515528647082591190886950949948207664652428239561754653508367193828220130643464786448468451973714129710437088101006073519663166340269126390691982280416081091492851508250337956381522650864365337158936214743930666419568403378335816941086394519146646735341426176324645173449093687 +/- 5.08e-676] + [-0.002211068032290692694781366790305744804128755519590314077767502319672336692799381248671993845848159890830418819085742461634226945338568149894831783261969626956598753525835405516890765666287949780650848305539958666002939541351393792420697753963635539053621684069098695125797606778693081091952434466939826585558544867531502163877663515913411661591983593483083387131856292685918232021570668946919004917272882136615718841008906354348342037891365600708799367664391350838082110108060112091641108145490933385062336519669603814844888252544128101757000391983479489571584975562878322549060473118222036687484869689924213303024903873389570983123161083570022203628035812489893575234854864 +/- 6.70e-676]*im
4; 5; 2; 10; 11; 1; 1; 6; 2; 1; [-30.65306377671793577335863334105682315861190977685065940044095115700914870290071913683644455119854862569771010713734966900821115204047619663994345971151925053154174213443169127051614107141027354924530529707536598789558312382624215972740961682011549404115665355865010714900428235201594297453577206414562045321958688684985601183107578819596113972479384065158235981221814649819466596977232041635212415433804025785365982209640954430727800801831400931216338309422095667034315934978896486781933549291755644929393758334372778361237995990825809477764732630667280815566648108856907692391509795833836342200202524900158402356354451454692987492185332949975299016200073822556134633882923483 +/- 5.71e-675] + [-1.14569726696294116805390872312493067206990731931849377923091692718482034642774769880765383147547612672682032683203642161062818400716856124370706009696485254447152145034461173002606953600663522394442676146443344869979426684461377426555357113579415328445589073636844677958473501396250800401201217379514322906691042876073229030388362208958016070432804253619980425411480270660559308236966903866566079271994195335691167666493662141927402467333206213434031406440288120576664854508615095681328249057520423345027462847621413752879668868697162702538198912531205532395832700784121171977874315292987509863059555440355447696714822148709013453982814019358627577833090383755329314950259287 +/- 3.74e-675]*im
4; 5; 2; 10; 5; 1; 1; 11; 1; 1; [-1.305595536859511867791413427861748069661584459927134724828742838690598131676114247714308482243957462881005673663438241771272781970335704652358790029301394873832557245761164367318386068327374200322284262130629562741964376809165923539273942795922857687666118915539364332259078336804289573478801146220854751109142820625459181496868903472468013257652482586824950301247670694272817022343146679104743403387008208107869352785098288017618218772086097513771134489053721259753945440675778427006618138313942877208441201524610163105968052781717945523294666367501120349310850868411750059533815342592558688442401738041679924794853514019985675946570405553195236788028388451266890114770254523 +/- 5.64e-676] + [2.043363732317028663947623719923319226929269853073131637347021646665802260965369165276873300140270519847548644654592361885300206726525587734811923789600669134939157117280818798103735995388237681237242439309565756985000776193790632278123306587743517744220347908314655926225519459758984922057772663529475449993530282409433845613178229392382016329442180467801891103952481622927707806523354946098764149692398194601917301944204351553163534800342099686627026810347563730347411487964253953941214073008994971816173490365099380818198581249660940620523486822152570258395157585585077948058737417066653592028280794533769030312087638336763534845063983942561816331200066477637307395610776324 +/- 6.51e-676]*im
4; 5; 2; 10; 12; 1; 1; 9; 1; 1; [0.522175927556134766095672769886340677531860676222658901295549300050945114627460405730373343596792201408842039933168140089769808088073615067293110402340655279232588990152452023107934059444955016938989207232023153858485031854622044253042205467860424486503920793141409560415370143766564015975619519554424027578707119247293010763475912931717102253156649954184444387463789677666560660406104217418672527854195072015398003862784167480715888464716126236625157024115287683680139542790923367848347901534613731022528191823694253916300214102086508683966256920637533971643139498604697010520462305098952500084049264523512669594156016432644387235397771963096208747515503792038875479740604514 +/- 7.75e-676] + [-0.232299383195789604157501728025877964038423257623653455083274918778568844633934964727953158977201190580820466597799096623154538260424455906012409078967078936175361602499594001249012717096469714073379673417634917709126769947140426499084485682290143090291193486153371872827594595345308940814588160559236288479075257914495145318470540917447057725162405367775370407447730420023433298920197029793468573501658826075248488893908684037110965514784562561219198760655468077249773516954904508097011429323898133397264750696999439736011173373940120793540482896742030783021664930467185426359595784299363958413451453167191241591285068129152267983801450416882451628930687274738749556741117008 +/- 6.44e-676]*im
4; 5; 2; 10; 2; 1; 1; 2; 1; 1; [-0.0070378029366111527237498174608512717160629722875826382965009895762467515317733487678677460878252077818642981765922330645029726352652622718124967152286992231589734925275608214943033896078652043573836400737824434749651855866483466004723062815526130141881524700675576718740049916461115228724590833846290860565616744822114801400773555386637157481671143670072367184211173044523932454934326166562478033257844160148830486850075874917668894340989835359386074757184037904845954706080310402739551466032581699636940275447628666907539754778132432946540539936588452189016566829146235639959816636457747640044540493339231248869830327969745686552094650320716915851056898059112953407395970847 +/- 7.91e-677] + [-0.0402422937171575090679880724078547124052692164035711320136105507450532384119228200393148377685830161869869445229494150707184679663643658945852862422605362847351807504453489887324443021905540394157814021723784752073617854590686458178190827353092110951015341816142583484375610779573583632806140368404766976564326025155831112024687053809930031445262743409223638280628047723128749480958215560250581657069784953418450160952930600377111807816297738510557154256154580609808444249461215688233793636064357706812442216267049658250685602655851172518447742270222636119155455526490082636947157429952526394707906784592494806970703810048234088664358453377716947419544364993980804937632211087 +/- 7.78e-677]*im
4; 5; 2; 10; 4; 1; 1; 7; 1; 1; [-0.86366441379216654156234357391080509444720852889385562325773863116478336326640504748302639105141944806597592309621037797901739903466573238267987688124909766441023529382270081701034363507491837026992775372811718938264677348118981474737298443088748386655183477172715372386048232319815146020876839843021981870938627559358422841258318501076080405705518878702068100419525361549862333524333649155781810517084434640925755296176414160213044113391813408381682697074643525319021305257393106797429075216514712273647025013873193577651297214271538041416139257464880561145109262247224201976465355944266058867802378689757769221984519299373261320542256944836308956704372819366250266231728280 +/- 4.45e-675] + [5.14529688626090395030890846063481646928100117206495883700654424451600994395173715108588953299301775753947834537438180162086249165297770695283152101284116192756316805672096489911036884097766484609308143991825226266942694573122832233029152278046600276816221232577243553286666448366754522611124940085741993425404762180266710560003100177380613254273245597796112295283612262659707140823977052153780101130461309675287760913948110582074509683549783704451804716789790727065107220914535059218276934502757957822887068174151924965413577835372459678571272389817385819012501685580024577999189713924469890746241746344991633605082288880702426368425176417047930005520358660900673470374079309 +/- 4.65e-675]*im
4; 5; 2; 10; 9; 1; 1; 9; 1; 1; [4.63620300497718163854081188166604829429793378502710467474828591567241636116101657009902827811486162115164562902235528952201696871236194168051855733319473551195121361343556913102699336068238367409218040137907939174896806494361340839413914126607910722517934611418084312624055597333769936388802453499183935087065278297598921090637836009249454018749720078578173452849893874078237885635841181976837501772610732214542330006762005358831560714620003333541729328342523276129371421733051891478956064913760122500108512272464011180415737370837403630340101129058527293537711290781746811945247297806944050997464489897607186682284290805707317009878898299920308764113576834823661814717941713 +/- 4.54e-675] + [-0.91559124527829682877437355210770762234273050109776911972735402928450900137929739780799490400367138593116928543295656021491995195725590748210795006892750907475329390478609993461116590592971200561808558318158851153456058363972289612006599252396942699929531423856277550987411470402033813897932457869196457215040901723228954107957497609415452892935105266317597326866217202193307241783819595605633918870488797974894352097471889801352285073211246373166584661203697960999729590346429968246158893160558826268118641099314173757704431303393231658895076918821842134794330446614590805258458742815480957710506242844709935392386983238263793314929651490605870463474983391170536186435555598 +/- 4.75e-675]*im
4; 5; 2; 10; 7; 1; 1; 11; 1; 1; [1.61520969138736804050112147018937643490971365793617904068736959993864859718595884491179965055994552255797736375981933156736991402267146031820323357030888872326918802313884154018917250313834788665264768181608068627752587651348534114097940142670734159966811917082079104761667180797751578346659970918621316402114557912741078215775865084188664801893609869140916760071152545220829567922930280878528526735810402435068606472959733151514877839181465559646206357983365951633409767763814943833707492260349918683719704550984402057371513924327460706784942963136191512790974796725942481695125040988971203140749193232615159082494032117877543240384041987039945207563097664087417063227837507 +/- 3.71e-675] + [0.08767424159385755074277888040001346291900292777784414976254810581034728103092038907601542038092568517100443205728810380197136224789543680321622218276504507063140000618282751206140254342508771060584281681541625426868974948434364933227198014809096148345968344015371017694616082352542607454691705922610712228760712060800853519382225637069100599789131163006258090079736760962530389689235643500449364871654148609997002263359371079753270735399363158587402727869939924327894304554076528667684395397231707105108695089750987317186365579291012796585292165370895140378347956278843734986034001736006442540603709846847859144473641763008038121115529695361892553670808491460269334624623909 +/- 5.07e-675]*im
4; 5; 2; 10; 5; 1; 2; 7; 1; 1; [-0.313042513962419653118833476290758905774497048140981181648504685795412681679208261734945556135808186729946497407614278462277968465790606129894491639081555744685751597280265535792914498038617150070315555291894827730044972344945141789451439110933932189878157684561179783492811303168436499734751450678047996794584881722993534308219487353979484792688692872694256002120057362488892764075750345500230276197977860469751119811157103319717295996169834704048905823603528104425886935856350877688460579529051839843434509821426797586268112088355680480255576598625739005841599737591990269657420025833192937538776677290852507544498086829402415779446193279884978614387797695609359922888855044 +/- 7.75e-676] + [0.655617584428317525036000619475202472661318888618215177452188243792159787804222688151230536400932707219454032440983621811864521382776454133050161661646296522267693457624571959875721484967849394316611566812384625502743224385215870772946179719960025531522569261071322776305114243817924335644943816236871827730517942111124366311113194146522040554741341801193052862355472294391845310707346099548636478039007735139421037090524145764586715867630195047349283791776455240466298197835942202321880245377015437127407988712686274582586466615234846361202737460393327115959983339231711879599962095237177667116856885227731671920752459565554489469715699757778966824597643439899340391895866447 +/- 3.69e-676]*im
4; 5; 2; 10; 11; 1; 1; 4; 1; 1; [-0.4145945409410859163860646786793346395960197474601760317270477062477459506831159218709714971850440466053869420799188135186229194610817431147300579808453668965009054937609290262824941228282181082251527747929646405006925512485732975957867705250899720497776883829898794330097431673681572317922230666305127520275989211106304766331207941525691802582666622075398683432185949376761348668674936806004446448195747205068676265231416539920602962038148594388435529964464059949160843447559640045925830036906033229447180762097398907578932038213491727914675804445378804364331575751628475184172422452674780210696679983487629588963299721433489353744570494191281957194626409727956776771086658812 +/- 9.06e-677] + [0.2945960598594793430211197753558023740970063938458252102450052838189296146001809053262982435968452421157392816578407273121849365692903997866619853107106627205507892430481918516597937278332323499379507668276052782428003639677494163270062771148234904600245993198639768854738434326022516078453206847554762154264536706546690334330772508742656603072268031817443057441560748786006501211123910487189500471049734572344393092621587418460949794692471129719735317522549248659812100139092989618007313444508137621802526056209245540319424021809741638655503972849462092027510487058131775636312783692035460415399134317758165763157597412791750810128981651558065536418156604137766687682791419314 +/- 8.01e-677]*im
4; 5; 2; 10; 3; 1; 1; 3; 1; 1; [8.64273514168558120833558865757609242966394278252339513264301921001123939445758926843259738850281564155099590557479326654945179980889168548880173103390331555622928477588268683959153818295857069389584634456856206541675772867384334711879390607740626686538396616156970253741556355986877351978946089797768013984894706512029636314796591020081618547179087738174027867620356707402566602869456072323264501820511900835348780461959283275896053800045347504147027421505603287069949596977673267772464838707459859763027891019348459407232253943595784597979914315387808721097272828001638446220399955969095006826364902686275421360871846889265133642062833814600306817345328979438574217630250538 +/- 6.07e-675] + [6.834747835549420131655666874214230252860315795891569219687533793203485883733244452030304367297794224176881639702195392487332063174416625278320380639767536136395148230902805041992787136534323700664530892103190814723250269110777481855910876159181501132647028716898767748278650400113258561274092808221322672763228424772480559219957296006940044454804645949976425970227850224242858886684769784434871601050895370562124663466327937561539440635535172527700912026102826547987718739695475174963736182932825675404615713267954639155139371725976489190479427116935084579551008743720976569441541489750057401494063790214687370907595381832285078957938300952267410861682219258507875649527032834 +/- 8.85e-676]*im
4; 5; 2; 10; 8; 1; 1; 6; 2; 1; [37.96176482413316437528558803148013354578664315105095211304741707457702440744463873547469836074732078727395982316988079392398641653491657413272146339885680904754155248035381613472658406843522719264433375431099504273431776268348468809768013143153353921841500638407786149990294971142520311297935676484591838238251807462122764913929115730601220748003913487931428361895152313962287901547318775863502368581952077919175473916830817489192018051802409380302115267732591440926363158505868109214886290526181663407684968702551234589392374365306925611011578985852889995677086738180977179679565280349356735665421755351994809837149219457975032136697257733868410975299201862823824551864856931 +/- 7.04e-675] + [-38.18899149476973982787437027870439024035687896088457328842803553447360838533211300977928078517025504649278578450992909049729726009970327149844514492931606226521791196165180670936956774708714057139191953495930010730712953053371743949473907262529876580499848838143444439737904888686644665308872018914548176534002410390378577457137444260653305939625195883219058441412454537844026603198214297284815145968624466254132106555412116433840766334241660168791289138107353386698270847541467263571485162888390432522395685104108264986903400826245228195266047746842010328629254268872541739937389169457602167334496126650555541055864432070688615209495318130383043306542495141566800994005688120 +/- 8.76e-675]*im
4; 5; 2; 10; 6; 1; 1; 2; 1; 1; [-0.729975158021645225356206236591615520980406269815810525112562436172607141893628687626596676915813980138572709536143378881974013465281063213900391095313105469763139593837671341483667898198961632775898065523113288561751021373602412132116509570222262219175961909515985751209320232906892001907281596078767795715099260003955348860532327613553030847580672050646822651297689128013497920741870303609927652777205318791191101028721149369171459884894420175491037819229432113031022430271515718041734906233467491285050785376303530368689446759804737092943662196892713143986132403272650778256275563284949873662511234114529814230749180963769005516630209572314838982072411758758919402966631109 +/- 7.46e-676] + [0.114219273998832308789554811935881163482072295534361524394875806073501165416290056463979770268974148898042014759215309797841223011657340827132799512143845410112687692035469766969273308720149435895165382421980044820482384606761553861231560773214426573827789341199065804023284384322042355589969814436276903501979394663869712399754836358257984132108673883071735595038028531230607475109437149093509054484331106059536874184991040200365886116769534377276067256587479262544163268263481340352719827073949922173238583294468499770161003449199594340913507231601957185392955849719937208635476746872359507632659126392371834994630109446418863463653071267694947054029415633691457737070174033 +/- 5.00e-676]*im
4; 5; 2; 10; 5; 1; 1; 5; 1; 1; [-2.537411611819739453319899016290161796014142864409035419039765137809191648079898164118981590560112010521835866985117844773708177796241975074918064741787841137041603781394651568443898899098100169027606255833319749807895017505194771475495629419524278064425483299247255017317190618735051808231462615458847939219658857514399934692837994110230906008539168813247858438009779425746980526508474832944226385464124509243710516176438110568933136368790090810151426083723929528654730956117166649445267920114287305827343218933421562655355462487710571494474391024267647383551940496859714223615679547475377701864055164959147541023398654666301471102828955583553314440337935674474744604235167037 +/- 3.62e-676] + [2.031082000507535449037545845081204113141573264615639692570032713493471242477166096971066828772841978284037511663166349469788853738819640366847404252379085047103544380330813042110185700217095834944397221004270926127155794948136339028503613709480447927639409423379777158982398578908462775510639985214078361464144208329329733694363040912993569204585480205769982851712044195926719072478558393441105620630347492535196727927337443545641999559531947288158688949878591038769425107500070457124297585626958659172793283189850016643863627212887393342185377102017015796424922342808740674447041365007549276776957419064369942205348423478564936893796809015056577106216781913330802816605301115 +/- 5.19e-676]*im
4; 5; 2; 10; 4; 1; 1; 12; 1; 1; [20.40723664400227287624427574662802319742908158199827320094246792765066217937578063637017499224912124009101195619094316167341337586062508759113903328157484104611281722622711254396727617187299147656511827732205811033925956241603287251108797963522560938077256895461203920095717416649880142925950339079450306263511971546852824734045295494760512407726767105589255288391456553478879201039681560324780131750151953593936334887534363483350031248665760773275435962406302724317294848743280708866426417491022925629313711383311224776151276698083524040155059276264283707350982434122326074070969881284138141161506482421864392228997503181152770531832865947103495755586218003903382523918098647 +/- 2.28e-675] + [-1.90070364969766975659246564283089394205831600561407782615032630917872253329971724005578339782436084220957112917507188257285013940303955093901887688886891612153754520762527582530206961941347823808151100079333212111992590291384092270876530619620014311620701673710280510198989432946170678137759048393301091917684655820365874001136894901720197904400886589164070003231735771914688802737892448162981389171236860838661333098120836299280033726124552638749233971184192483478509380283106951129419146065044866170018177658841224004568247369327246195892780551698479335071951766253515904833985788549781974576159904518783202585186457547155013767216214452679581913502223832930855851124210118 +/- 5.20e-675]*im
4; 5; 2; 10; 5; 1; 2; 12; 1; 1; [4.215215156629997959993835841539483159275750711138963112394077336829707592008392113123133548081901356938475728487006301538816807779965386779922448356599689726876331683787549634734400371842632331171753479857474564639503025390192969251586093538007420374721744296842965533967049970350984258255388238322345790759466614079542851612423818168413644519512751520489546724128762443377211158165498240413577877020775429640013045017284916937818737496049578036731274323771113846374213278493374182302058702522545266596090385448100961149241008587710351440783109587994815629139656960770949743357464792158430232194179473431287291714433835924573013494553985925810210294848145694898932463082087277 +/- 3.82e-676] + [0.620309425953648000457040401818910694673901165374476480695576121164994556521870194106305069502703078706050500651748720714979889063128723451100057897285124485362635412748396125174003704689785234866592953734076132927382526258553252207704196525827448639989894700465546684325637749359985165199909692976679337356214104983730846392261405455116540166504560097354476866306680747225435533619923260992761670223553540430811646726513692328992843671869974496414408682712006321974809688282295722545191206457420649552071767611866904518972118685269724120363274743153786961366342730740456091279152358099184174018664787250246737444741038268271014126932384612534324180965850359959068585067032793 +/- 3.43e-676]*im
4; 5; 2; 10; 2; 1; 1; 8; 1; 1; [-0.238935092580217000274298804988613403722593254425799438154054366000445869441487914726301103666010644704703815858772300903793142299406519085948949579241601483398678006546287453515253809955634712997595104472930699068226429456380801532499949475210846980952801052006266398986325656240630315989513302382704548187809665343119332858117815469383292163673488969154664937773051236242898290339086038671987756012950338183795136305749585276256543337841489273241433973258629902517599655148473167051917368911419313174101253535898145445368865138034595405392043333402388639347098615712767935451035048997260283616889341396828504992320648622106773787273640039896305412956845929060477171783285522 +/- 3.94e-676] + [0.121058346340741417955967074929926044937720881548310134913303155369418911736009430305770399270147013659513402623672228987991476908487061438470877289269590836083134324952431326641580224870096556017267121174125125925745881814039879684092351549132264641929442408443599473319812911165145436197014046384014780139287661666631378867391560416774106676865438975820697574726583080658875692782516538794230552362109425310985401266270934764251659105239084145614810084993399816228545565617455488486033793895902634730499386193802141480709197833998298150269656617382118060415162333871745544605281625104558180338853000920124654377684156957660841777221132152228550758657376783864989370494059808 +/- 2.24e-676]*im
4; 5; 2; 10; 8; 1; 1; 4; 1; 1; [-0.067338753184527569352121515799742128509667660567790375002855655261359076072956210619017209997229633377569625112321189581636563129906276786117765142402066168806898669939030894746033505554792077280781422831416242130060411809608886312702478621652761472591330477831082219032644068901803878651259107167786278230945002776652280549944933461807036329149529491777028952603939752651545483382168671766833909865429778309901566222413309801462856880508339866940453475906064378879218670940125045008729602228119184724329638051600451181838373865336127613066509265687187239220459450599254349368387131338739932529661966179502846876171462509791800679222317069799304132086580751338368780071273435 +/- 5.53e-676] + [0.0410537513582080696984124618941664996635645905249196833365084974649564705331118559306591269682111580638132297854444537437703463274149583549798819550195520699176907845917072038032364228699635695645095570316449527087442928698303320852431979261172669926683772780782550891941517448806047983400291579667332506419390559478490681727677468877428632955726982527767885124537871118027724470460963445705417233643216559636791907718636156008522013321649493143525900122495053574830359598483369498414538244884371263562373201213872927207841838277339240822018454890161960313222990274593137174649969602191864686036297385020071606670262695847960608717254852811613331240460925142636862385662850973 +/- 8.16e-677]*im
4; 5; 2; 10; 11; 1; 1; 3; 1; 1; [51.6084003204401314716007398598583857644159929244101777331481423807048252179092482329608090640221166642083091721018094609637266004305191114347828315929645945711980869883501530989080918275274300838127636456376672027065958428020335764309202250439464919914819352922885286423974901446791896264752343804303367502019396637247898287078440832615501916021160783133679335660983126629452058626271546191372510108734928734223104539696241234276524686185604998050408464114363052459862724477553167998625352386144156838411427828659754598291892191031265124970304487348267566700703826072250417412607625995457844166568897825004573630741618248423123196441089766130217238194034089631538576135233160 +/- 3.53e-674] + [-62.0482874273984183438164786966504734543449926955117723829684172206054007772377388156557663546207871812745949177406294407482012396806445932529853699895201420100266209133854182579074771073310544658449046756644870202613845201467670834795292283324515202551185120466222890889137787343971291510736387558547562663512010451872517679044120753668331469950225213970078506254161623462524441804607420662569015258667261822055888083781956610654378004446089191111242567357346270067921714134137305688635174532848354396662153456796053337985284684846089403173468313949046586033954801691052217528490605525651352791706064851966194796011635873195860026883839098933364092687406883367677891690085897 +/- 1.97e-674]*im
4; 5; 2; 10; 7; 1; 1; 5; 1; 1; [-0.908071167971424515620352269738895711634418116678861690355592600515543150913959985507902037866723514649342724387216544250351751976341370792304435601404595869849700784955612045577096129862464708430083481648456254343312192436173416340710810813368640578658552728292926658808556990733715284784559496865067088978483169699530283137075134883788654427257890908189865607373997089490085047673301790720653036301481183533704317196450448460584682264191140625585269173344202274679011273436768695848482811038768088104690731464398420709249540723929636013960352267718427749677479975993500828151694595491889978085550037137851747553072778899678823405575400380836107623694174204656089398431045357 +/- 6.05e-676] + [-0.633307473252167454949322411898369582714132856826876017448789044303646499764123787044655924382036420312029226588279317067648230468946467725886055025799047306490381600502538849638024002733401427135333673717622595367181006735729142023614822790288371086196196696852617451895655234721964607716323740474913812560438166913933450851884670843038562071145221173926465772316804981573389275227279857844611828804700984841995784669482920278141109101625970503343624760058030458495691247529905386389234645632731960823016950889790199554509703447474244925350866660864386310428735853166503677926040547743571539905184867174375180860650194811897996650469994519984123921145067520757742300415633383 +/- 5.48e-676]*im
4; 5; 2; 10; 10; 1; 1; 2; 1; 1; [-0.280729142650318954560794447284443451167089996450662152420463875791543885201150643887201592344493848160749282754365046191228295895726771626590744835024762706447284484319781392353266456408900736628729059133670836013249456979642618864155309498748916651749547902359840203074468288924202439051247304720401160654213907884611697971336937681274212315734614642575627197143926652623237817107374633358079586772920834458698094155732262726420720519796221378142145948821415490428940745041957076942704054461734001625634744666851256119738590872829948433474212093712630906410967750302332480761430742720246052379433904431668876771045920758297694998041547417801871715168000785374220445057046268 +/- 6.69e-676] + [-0.304345493079396751945880205172911665767121657744152952006252954846511136087366527158566021738943951919550992153868109220306911194311480651285045485802414401518803356403000579315014825275470645434485567292236149506396084920767053140446957067960760881325455875247278293797300038943675734898970697374523169058474977407876493925689311069966352721793369059757930036281701891277427233922811238487402910944382200100348311233734560855274474637871344881748763646262555580269216209823410173866160413275798331934966995518249131985104807044099445454001763512876906116591610642440791269493878444211687182332775458730300421371177389278611125418687217226618205435837692894569643340402252320 +/- 5.44e-676]*im
4; 5; 2; 10; 3; 1; 1; 3; 2; 1; [3.715745525550264649616825754046604130456099530733016187054284182738676376320597985736832017513923583013470976439225987186785200593763778242582225211909764945070079413096587239502350750904211408161518976153949570787956517997739716355722376510165946760339305369317646872968563492650473224963102113102293340377916989504302153083630720107138991706950135469970327463037213051860733418595882921165513455413740535091371427006350119867425257695149154569730753867705111558534624234917592657466516363545606344113787936685869513211851318924981002248044565757519172532723045744647701920602561857277632690380316471526017369177076352553932551002449462962211116142642261274309809121872615268 +/- 9.03e-676] + [1.167566442189752538114765538687048035813614752257374068294767779557386696596609451639362926873046201683303128929690023189516537231773273101405266152430969045035027394570333685939127930937949336467193893485343080567578477496226385910149389418327553715966550907405334407463916381871042111091781440832200778066686859198680451220254437184310579888798378637660166713222289277376380157814877595822367585298436451837123651149437314681588436968202122092668254255365847304723668971434961263827428716589036922478765483838238632006587791877478582593394659319932844246602501217689160104291502501280788022505669244984631261183404433863048146319923534169915506238982547158960291379166782203 +/- 4.65e-676]*im
4; 5; 2; 10; 6; 1; 1; 8; 1; 1; [4.58432778266453841501149762659771982322251918229623797197607181896483894615583659267480367939772136184761722151618698142321672917424692153069116030341872119105817754796532985584181845645538418800761651142223378154510831329122173904846240737845072976398446912093200554247077992118545952575206499212446236730831660694735907780160945258595387139063360191695659126368730022968200088450846293223007791097312220503576726195808784542000748343319288643573226482111918821109063173617797274382410515458478818840246337600310800683123558312465201736950124313761407632570137965856870617068722057568209920850199092151684765280269090593000027956784345336436826395619113923873055169668195361 +/- 5.70e-675] + [-1.68395019164185585153454354224906800777643549303103949359870459198420292645043497051897465291703610558659458605796300981445488463536857110960362224150474082324492169220294745349013614780801141483466116887384950119468054666873390143759625270565810044704380545155281811664122188253213076219154896812465732231938747002997424291341408291699089336549809268639745654846688361764040996480806934084928844120169568845403154636915422232835060284445026897207173045018330534139587173876551026011582033574396622520009017849490934723513492227966498633090372946639536737144385081781370709152426136383301351025740946217981783661113934475751825614451785490227893746927894773084277788473670887 +/- 1.79e-675]*im
4; 5; 2; 10; 8; 1; 1; 3; 1; 1; [-66.2814270840184132706868323310003302271744840349410120753300336757436954957387209365478555442805445987504047349862310832150437467087406256676547253371879183133414548510734317875432677400568690681193947620991911265720861195778356700509729034441849798230687614811379143114778723049135144540261717859933416323454815195274751553877773370234923218464758796128281514941856971247040347609296824737286687455801530215430759308925440000956572839061088063513454277920409716175232966734803497939964557860109841604623665809490831699177004881663920029377626429657087876006784824024557528112231389921265126800544447081273450749403221953834590759989304041781975646203277511644004519205462769 +/- 6.17e-674] + [87.5293317641694673862968099130618300927129234774086186090488977595329225733695211989711449823913589434285549609095978245389047408859398493050528882730581842800613428142224294467170669828307645171628066394655901753904128169385479871421010525244881382184901484429121843382748213350247527093569815523057308813425977706567549432207070350090072184986356998970271817847360101541156573780844566264251438897221383697037425918726993744629413460799356143063161262482380826533414524588738521091573828131143275870427744222839823152296220801522450261454392870263276055835782760438238629911773491765717172963885936923971316991967427596851515487008237459953109809218009265290676612525852911 +/- 4.62e-674]*im
4; 5; 2; 10; 10; 1; 1; 8; 1; 1; [-0.217742443299456405085198540440108213879367569779274534288550253030551660248117103157138037845984029600228640589345122739733492682348884652131208414316326319384898528742056928021653366047086139656875345103516846469503111487065837233511366239860301938163332133920839593730700898973279937007377724055496192967065296276799047683141031611491755912721035860850046733779127075967626113745328754454605538506143711904099799822179837889072781417439504244541920606532616436999326331300234771603469202316196461495764017178369923714261317659459870251849623512120437584209538875798143844765005077036391807174815567812353977558384465676457867079050543499992143376580450192597471820054280558 +/- 6.71e-676] + [0.371698325072566125969215582974578081285913101795154970935103211908356008287759709524099230902873125851673636689120972642941440185585035972155692996746633311627794338604039240445180266666976960138837095836202773080751385567893404182249563810726798186585629801041955750074444568627793438178978471682837612597484743643013861582592725323706251054309066330588406963741249714397659339192572856992235589606332386475795584157619521334095631182274965659862349451064650095396118481946271901181260287402210885053456721170118980526358060086240470966428498511714957826810794362104302771624375945968813430049888343308069254784434083029855815336614749104131955264592585359317777918937470867 +/- 6.73e-676]*im
4; 5; 2; 10; 5; 1; 1; 2; 1; 1; [-0.449905595477452458605290184235015649163692752778438596707646619782827141651317162138074394130724086611608839034982351661210265255421920884944296155156439383691456547697640571815566945317039283775776363650725963323804194976058540922816712942260631511637727193892556899904263148980446394002538714737504940093056027160824156233351191860521702894363149601273995022742161037445384774010832061657999428061054284494507353419138798309773717458120961996269234086441722163233446639001135371920394223032931284702848191700469148403737353966279158761755715812493159895163978595194521095896918931526029337247380191183589099107398132255164381998319009408570977195729958525130587088256503875 +/- 4.59e-676] + [+/- 2.24e-676]*im
4; 5; 2; 10; 11; 1; 1; 3; 2; 1; [2.620312280834778836079788323850679024540825392695808854043633419435270798034260376440725885934021763863879381850354240582354079067101305247645483665653730091382930414889456365778179552429252341908876207648859782459649624386428554787170139687883440537474703632792230202853283330619226452723021016979083248893172372656234734943188785545680094788799053955374106500132080339147645287752245661919715478498341513989793049197621266195549008418704591097118595802068176758441814476893508191529843117679501321155119457631408749897307258527041602386500837497383019639856667000631846233040292898284937778766323360528708845849801755523782125555758806674521239851654961906386072029855093788 +/- 7.58e-676] + [-1.686646661801485932411179946704346670637095303987939617199413857754444757471093369196052392785870554176058721264470381819104618358380299367300487260793997306880715947642127941107831213143814550503772924804843326486256517829121695806717183620383735562480030074860394593683708231309156134202969100111593632283632861643410575855282354750778330087522800259176404644268834195708617524186420074799859843453019274346540149449423654966369850838296239561242910697351063618277122242489544961176479560601520545440085026480262136423306093564352417457608024752581656657998195567775195994618020765930245026401081563656295471218337503409046786662913632510469463066540815476183827430028061797 +/- 8.11e-676]*im
4; 5; 2; 10; 7; 1; 1; 2; 1; 1; [0.129559033085501726996992129040497231735478236216682493575636858266265576609685685436392273993768084662251586278506093587258613456046764392084305316979933897788098518406384451864374679310148744832988776742636986839070826472029400536914127124258206436924104567868453231172342294146691265901964579408425930093577962962336907389333594027840357058398011293763225625233010193196998198878902466273873811673073109581228427069393311039772873231301645474091611020601546366651383352078003387632899347633427353379907240958192787205873982505289614677242883634240530753877815635149835536761026750049149021637291694055388140044382837138964507395887548754953692721019172026433449287182997535 +/- 3.56e-676] + [0.229281181374397213330503910450446133757390628929985878556961096462438303813994676520083954571898521850880983950585087125476537089057163537561636262748727267125968103470051887657850009328364750227551075812622688275319804301914792436204811359218999377261548896826317139654037209011332265745089271715949151380375406611376915399762704398157405252441930729356389737480420916462596419339102996244802375100380030757938209952193142229859596631072281861926250368068862745680062853505481929604803184836722399312759576414158528206274884458976278851893594299109783552820288508764035477563374665538634111758057297832306972559479867238038742721504129889586365377680555055303931930213037027 +/- 1.91e-676]*im
4; 5; 2; 10; 4; 1; 1; 6; 1; 1; [63.46914593684054881650408268689930998187891083955743194975209331444752566589427418420759137939824676249666685224099028492051558105847117905330678532474014927188988359295792558417409021580125521662500340351433417626586943396486120996587647777392762162037105459528791891807511773732880314772892799849214080727974621435916751831523284385622401241090217120191436745187979696201817454680093574465948322952906901844707596035762161199106865554897884746923937596689924299994437069373121917470534210730906121206174394706781460945031004845042214608046602019571879291042816512347560521248570296317829342886508270701871674023451978263597896596162422013158268842018926574408508228990018151 +/- 8.70e-675] + [-18.76770371180965345409568375246424290783624740160301151646574297698519592356646581544957480283317505435694756985688578694176454562925454958603382335652855021420164891388163775317495788934645339638495776839204399834182038541995468032009409134564151767521473934303059365670698301537690277695549100047890336544170646095154315073061299856657032104804393466551418465757801894964596364168026005622444703268445869099217183082815273635201743203182250299566605474981048219969720310527563902246137462275709214927170798546908168512536873112705283869836548264501975663140461579920232820940447431750774090297750832933048284281991475859153167004995200036680137018508997809306074652881505331 +/- 6.17e-675]*im
4; 5; 2; 10; 5; 1; 2; 6; 1; 1; [6.74962027417414707127668156511766944771923806479399662403351491992717789898501462458342886775759929200979358950778500641468208654776213650969597396445678483708248286476427702773994661390756839642720001621825588118613821977614913883034338933275127962651379263520999739862457832717745122686668133333431044226790845128637847630279719732297429790801453375668664270067937223787805868095481662498413289640332110476358172884918408187469155542425729459170638626760535848245165627539475734641298393685166901734103555587984477017838457105245733284858367662318052153920152388066198370271158231802047405535938427087725867226876421656331879330712536670936264095266967471987343093453600329 +/- 7.98e-675] + [1.70697048796955735353930634897205994421565716317699397163159637090732364601297948561156151903360784508208057976405926828679387964331047892666686979399799928734187239564196103257166571121738123004280920869531014188382994536782753690894180370253454913401678674014765600265111587250585028824256830212695554397490649370357261937382873747334210695165019176856514575103480280455304219687085662351182045829413776371486618689532810651709239225039547387272405616499016632739819094346879550609381946880323588872390890027937072992139416634579338935360681580259386898799980151131792721395539291734110968185970507725101403365003785185856129368873326553109718574493113584711120736994990047 +/- 2.37e-675]*im
4; 5; 2; 10; 8; 1; 1; 3; 2; 1; [-4.69693321515276976513301231093503092900354003014261879173180584925683427218122169607602334128826221508174860968017006303834858933752860025288797979957186602881384588268332238092863651498820818803448133023472428018026641788394971770239498644511882687414767183990831854974492068527503412927607352553513909444472539276484441370360868403982913901389801085432442078279876032664213608397094306523711442451409495370856835093723639423314248552588229822420131455250134319005166214767469042454038116810206000789049469267907914147253098233357379150427705487466373215482265285267908707810313104072818300667225155504135057375096234168641288844650248169986995028064499223619604242174625457 +/- 5.32e-675] + [26.85715523956763740661340922178893634308841596300638979799962875794482242370294850041303915818712123838546878970567235130736364180894854027795342216887342889256475801761193319346123432135873614343917792464564640170144076122770567015295008185955938961732271561278630103091958828953129881595592131750400345369805360750609145457426467393234688868336818821293011541672941001475319982092443600548329053527721337176527995240014830720581100144457632537729263332098685486054884380012629227855970267226464553440368196523457394309691690660081153473460301911426745222300975404563677282148199331126498620018568872434588043797658852095473932975788221874141867997202690893331132670244014944 +/- 6.41e-675]*im
4; 5; 2; 10; 5; 1; 1; 8; 1; 1; [0.33559933377669231409643798007181364099031958075829260351186888876799608657702044721797139101545807452180541243139224505005523737425505048410783025570811369818522750772520291675866820873753314282199767222104327202442635178215536454948668484595069381638952732934239205524262599447188878918801452043187789310338822559171006478058854690087282191780752845130992940905344931041050198862975326624808813081042815296433988954292528474847507506936286345393822179586914452172185599561593127073739077303988645075042830552072657953130551823511260066376962566812346503891172037227247858524696414106847626503629934125342064168238259762067265390828276653902379789027465369004339735988776251 +/- 2.15e-675] + [1.101164964680560839640494524271581500231092766873977202253000854006667015423644226334971450960941680642479985962142209794309425923647582525164135160914218865133454130451724337577404238481501911326683741096489740042794980232931230764977780274668470272623051628706088927694622960611835979725486528016555188963601992124846890552309957225947554535484533312678773892638495558118383045548553500806664712315232366947563176078374678897146614453831031633510876355985833968566783504569196478447601599938069374549499543699198745412247942078776162418817755548062443636317187895278448435078594410007699027139509768957952799498773382846119204359454882206105191945127776367249269215549784563 +/- 7.88e-676]*im
4; 5; 2; 10; 12; 1; 1; 7; 1; 1; [0.008065851534417083961036893693736770225635663904777768858429365862753599930014112266541084420046890391716097164493249204605625474236470604050581537274904554615197672996228366551850119882134633598819981744518629717480049854574513723150868075026619670859490183124493864672287178489807091070431989234321586419283339548198699233242410874579421210002717363847396767142358649792847134045720880584360056677385851962077590173904656144833115489956979456263872805578955513671941227530432698171737581258959281818502890280492272501650116192084955302403928835778983051516391336653018026405041237594375279923691364618454628946276968550318106867955872475625640794961073804261013567815006739 +/- 6.37e-676] + [-0.299888913119835803964805539876594777652957524191985286461355755768290473201693802004152363486921141896929499855077336980065187643803302344237479803716416034011205689751875040910664762242318953471522029279273176059608946485158175914954710020037364409932515625757144925571008737086872662784537595456006105663705665427220157426070959173357866537879959446733411303494171234654643620755076801685770525473935587909899320084648229736841954749375368929767030508632206250374207712678315475518964049646059834247049062110583218601840283379249819645448813576767485468349933539522910126749310224556764054366087715463461564888417301391221963379906626347378741356094669208954691720170259153 +/- 3.73e-676]*im
4; 5; 2; 10; 9; 1; 1; 7; 1; 1; [1.04101691570457284065451106101927613205779311954351072696445715200989061360371629405333875733901458412965773509658101325445054699574966085120853098387312429010374979397588935195373490700930716167897835743236434136728993294485330699093436371390812050964623969912194867819668783748021138939184026149531073122709013739761246864641755748464846484316216670619678205721930854143834652852099997615829135048090913255469157472403052506075959463320776523962232264877563807765667577173789848741312705924353264111800349373437072010004907670888564863910386950738467020011376932129450238854616037801199364372093810558220276999954434357294620338844038357620161756219301292399496011850638720 +/- 3.09e-675] + [-4.068646626549144629777635922219239521047104951452767992569230202124456476734712268935743777073487180355983458366763347146388070791351497967247127354296305305644323489337250886159761518857180426215513132609913072425176668904952264207695509196388502660685546875319716803185058227292693870164853255215515522917633965767978452400184535449983297831369490703518255126919278495886439822610973838285358637616245719057531169604867002382923793145537767910521492352700598982243058747154525561876723156386089007570507128111868888746409258026321114162934389029792985386824285730912310207820546457825390280838402902085013351165744567941246502521112222583648228730401770394557280006275914819 +/- 4.63e-676]*im
4; 5; 2; 10; 7; 1; 1; 8; 1; 1; [1.118169629538049714679859297054558336156847558613636991609949612475145428111376549621200789079406660813887967727251214887944098794986198725203636068078104635568060280761331548194716931368846857653974938528508741999323897222302862424275962008219718541032741415196647794533193411578564821289969772797999687661209959904190766612341954253004256020418058483693449276379834825014602133328168812307388979023527629812244638625703997879841508526388815062886338405566909131730534920331767346250718216032784398257026202023726638766805036858673672234138132980201604350656860203450229566102781439212900448397779539770105844907727448587584932849720457068440379432325001030551445816449360590 +/- 9.71e-676] + [-1.174967188907461006275233712140647127241077561413794156756423230897183217199746294227638046914509496734045998437705167318060924547121889957440275048649553709214209123541710561088040993504681428103418549901762847405917701488448952736875995651380353499737687776832295596616436496745711129722161151183727823081860350544237436625622468302928267498014171716323675071769463609400026688434572358714230022755922291508236057581400517089258653202821604760599779801279108895404045224396889007744957821869550943851544502690104282137120099141802482292482100669204442146847632397901027613126541530644927175432684850532810812701412256771541726214685384022684373943302226546424258782892646727 +/- 6.94e-676]*im
4; 5; 2; 10; 3; 1; 1; 11; 1; 1; [-18.88880133765850121197573759455422946726583620984745167703012320053704267216858148934613362185977507808582889574282308254521501716478160692017037629765399132471085567239990506147321757799118284881704864992776759532642405774098524754784305821088194791980522693342550736786136568542831004956751900498980120359809687167496548728492275470577037211586658072630236562124502708196106476824464789075341723688550659303633338916847628175631497109763640252234302242240195648831539713086190794483099062628701698397248890067000286743646281343755161295872490720935547537526817415643651546590605070568222360403063930887062799414566289815952541929427715388445661221064190714944751694158697782 +/- 3.74e-675] + [0.72400665877675011060691209660484198678099393843848595664122901649047615763361681376171155228072297839898892716655287081510807401898675241846150955797494550294570491659624223903953934791238399385921175211697501902915583796432092489574831478395296266485941161858840645075383290879568695612703720835780049441357338307008098843547581484779408673711132843253769355237038527752893420637763346861268028801973615475877740625839635484124778251178631691218329461564524966699857516319607730074132209318475939322511086988111032114049544858043204768086052141243536536021464064108567309520846759501049845205076871931773744054390760896569799317614871410581494243860800042922095386194406109 +/- 5.04e-675]*im
4; 5; 2; 10; 4; 1; 1; 6; 2; 1; [-13.70743014177521915800785746467863068201294773745031908260536647905404931545287076399905762442307223403461967807997684260957564143740364127882697589719235113009457922536261675125184971957453393863766482086862105197300932103652298136234163270626397553709024261604230290508066646254211019628813249033123175552363860610616760287291712264554775996444062818800455993905438515660913278429268884944288320033630548003013872133279067596111401269895489026875631920526337234928144586139766544770821315651333215214428077617667435325446027387628975229695918488763343256379660450304996525543714047137385492249864317759911333570399814171311217154342110843564330842262048415370774572249128884 +/- 8.65e-675] + [-17.08300732113977965653830320643201236642165207133737453174905646295478360420112155754675403908868810660322766812988645072290148518910241342457449421972305528822406460561765191966738137749174546468540904729914258440579408268418721354522866114801573492988100368796822634680886461043662317645472829989767390740556722827777283135121872488400632907793771506545528351009706263957762524057503770919917374684171069367724294016523327413554890568117172714945647795410757609017732987418438987613599026354984788644163442395087712105957234438951288607523933698495619512886421307197689966272153986915462235823136086166883037036303272149772456718526607199436566995313067802864062657898208284 +/- 4.52e-675]*im
4; 5; 2; 10; 5; 1; 2; 6; 2; 1; [-50.21509610358824728562769341039136142730188023510299276076116484158471771777085622468830955266788372748786911352906470810761473120266685723164213732093783911545917375433105971318114646216831995833750175828375689111430644453056546624096458327479857435383799568370193421536581335722599923576559022342292223236853852625090974449228933413113665734835069391963186220627457278366448920326823302890473579486784685546514645506105558989677157058500983278360863614888646044392700445243059743485994472662711620715060174498109964911410669086971898318349173916786195980951836064263459440245908155606574115356279526025669942475475923605815573892557292803732995025922536857998761961565000958 +/- 8.62e-675] + [9.00324620904769985355521219164295253109077198794465877179675165315242555034523373181539494409346249242018083604258562455540038382711665771499943832149611129106674543854833657778407110109287513624134095419061720874120585451657900261269470308235046791454803626776961922899075140936323083579878751664505534915930666396974349519060750937007917938185015603162924949908196235488293681478099223165806450534493402362068202948492976906932554035763520223438822620751757958818214088526452091889739640196479562219944755571161616695144372014587551998772863630707324918652427208103738666894123738922215590825800213816529508567821473152750202223408064359969287488177561196541854813776465038 +/- 3.30e-675]*im
4; 5; 2; 10; 12; 1; 1; 12; 1; 1; [1.618962335487827785181964179272853889696098224641437209785186256970997994392274992977703053970744112574871205279770339556466029909042716940553766140700188862230144966078572057638562124235733837016821346534726238344908967622075891528684268047978161286571254802008275028748234950651709400578386923741045114428319246762763556709834109734839440881926993709989328834531019090886458833489492634260106665315246586122435062734519062655419479654511809683690526630143599919675075216813429892940070420654223130940445257922770830035601026915432033106224125812632168021968489355835282700133539046890366105632737671528818846142264484823205568489139073151061375643144831393729011012818924376 +/- 3.62e-676] + [-0.452364000791703351078216060131495021686498336275350160724315700075888391527765333725258577342359125146686837668353598138871750860886226152128494766891645739644419994771789198049217770448937329254771640831780949397717041303382715608605004371205916460490921145136756265526965432894511230414354424792276829953872170971236841809327020837489290232286261117864119380374615929630188314778552592830811051809216790444031010445175475324097485687598966920186251342301866878857362085587016317075400601278873581940175045045581825050145360082274477236918497076298353261003635712409642055979145221867162471521766605014323026685189975977909421579342608018338879942851573025315887273993011670 +/- 2.34e-676]*im
4; 5; 2; 10; 9; 1; 1; 12; 1; 1; [-13.10488291435821996503717444026075239769293051530837930981584683991663028212995578483443900965704508828572961678495078077546778680512249232739353403971051744619080629256742675358562765439828859175523790812470622639247395435380871826660707009968665946891094758040143560806243759182320131244298680595797788747942960389289187932897584742246043395257634579805324110234014184892182276531167374090482752636388004949504395249811848989404472396577350069244594085150028327126918656890579242067057610838071331964413076384262900625537205658127143541144681436380144674036051529765678852556066286898657123006183508808087788524827998062529218599396705143548515301325528696659297156061988274 +/- 2.87e-675] + [0.64091225924784004222436349722621062926028177432789563943311694738073593437559198903999813444995424250197200655387857157426661267710761477770787474599764432557486953351361666998032112691074676829793333925436794708498701836877921903981015566087433453594658607299300375651184058166983635480233615449237889462497479612240804689328392478979948861348685729577185725037697561150917610576240104230710479212615191088151244319269525362166908815877884296678545059702367619563293463947938883824240640436222834145895652817173091122889391943172906738201879120274247977348051491791391142296838637798677170803740408652779439892667533298962884149167516561554205932341939091970885879937577998 +/- 2.35e-675]*im
4; 5; 2; 10; 2; 1; 1; 9; 1; 1; [0.289528080093455809320815374170438002248605377955415633549039244320154200098273989644501250008975759232468613240003608549506991857679225492699239142539126641895393397450530617407805780335195107219380463717436171464753580718747126833405986785062004680562381149485980313793068634540402736514348870705559201188405084330048333123490832468054270915192228754385478886116823897219377106666118322968605282657509523394692817615608162384520611938162828021210152543271633420487712021139210703339732376099188693611568356603974637069705514741601061583321751083625698214753959778559716162502205643402443783927759800448896927569096463012686102162228332226444532936051305598413873476843335794 +/- 8.65e-676] + [0.235097789587501921451055403522135659036508109549945110341772702989171089661234013550840223475384041253860278994966233448547579027841873732899849562420259499255746435620126623913196859974729307554996901463256149092554618759907865962898525078785543667762878175722506663860347674060241982999492915772685056488592471723338430087166133360243406581034849598988531972532816257014330984455621189697279994451062610674042190293932949977987055742981186532167703232417862575565489716557478997977101393857109701196671977564522184674312755971977214222714576887892853221780501041084271419261244305125989170402604377999717540607289702266290750172840941041384495526118698174482416463251928490 +/- 6.41e-676]*im
4; 5; 2; 10; 4; 1; 1; 4; 1; 1; [0.615805292020820722648932520427109838005406232363196466805019790826131021250133936212940766362918629906193195990005222867092774581885759417469909385378508345292272564716878023699610982870412909763818446117204624504279238276720746838503691191941316565241057172113511474918553403074123257421983299859602128779867236336214320346159956315422216433453311807595258681745554317328366994323266421166103814271352700706716075016599615482447637069071757218480821666636616279733232834296669095605526365362902601607962016714045701105920844844174164260461419903510721173272779273711621186936944752536307231004060045588247984657289189123320843649692604422753322236611355971699320921527456490 +/- 3.49e-676] + [-0.301548223220010692375707492151448358722853940162739115579382219024586541106841304118566785715872088388504144662052601271355459653670645279181069046278972997375227053159767519685765044991638052854455343033810040298958817973289085539633416686934514670291200190139204318525327156530822801416268205044046273075400266075501804275542261603689167097250022015862785216555105187693763815004141501322467471332519283352858322217464617339832570212481713632972701447244348748212401774295683397433549427170210301331672440069895153256113799493732496638103095694475605745968585177467870970907818452220136132097336461072392706343567674332659691646147589353317419627766693058306779776668881258 +/- 2.03e-676]*im
4; 5; 2; 10; 5; 1; 2; 4; 1; 1; [-0.0743308711223789672141138539558350714493328710251914681163047130275962344178417434737078389366142223530366405836649752968236265308315342424636819867319442977667826842629460571122806189127610650430664032886521095062040191527534571407268544232237414108606294740143011876886566551509922876062994962274943072617227649930436918494851633279548527468502307312423333620518206631281123754353682730832725907641270127984852861441151530258076274209352792197519454266238663253234018317890269519709233377833166916892198921866440891755279239965609128008154951212388154247518606440765154734337567240448119396109750114391175998132593513592476038104479227135741326471143230939930067361973935027 +/- 6.02e-677] + [-0.0243060628465533930503477742769466122013279802408319965374533727490618480546713160367508838449663164107071562834644747690672599143472931004956002928861707484930110772552037477898490320440003238021884981415098670741019513768133339890782267748059073890726607205596749937643321435250394600403080717740179527519219313265140582418305805760788160696589983112456556039312444636068915742327807115560636067040311058862386205313435277129066767193285677848150866679936888836547628685981066631142407412919086565620570607331859841165581467447972318295457813760026356283220040459032184326503696109257546212300517068451617744080319213858849896445057040472926856283895400781634825659985538123 +/- 5.87e-677]*im
4; 5; 2; 10; 11; 1; 1; 11; 1; 1; [3.321020673632098886364139287119434157063453140185268646177502555176205177570028382043027258950779444387352246732830749423617518326488190886284169640641734277373372335579852019801279380450823364414818231612355488287966051717595826938529176627399809900589351463067418344710682012613673147388152891720651987391371832830299641851686951019173296991918560258327116446025384767150173721923912699493819815558287866771122789081208218377622578128136573623611639518619309210012433237820439922713898952499348998794340326570431645403703215733496048728918550579949862695581085014232697923585001659643957742352561475251883167917293610587913802442336382898448532058220088641759532181385662586 +/- 8.58e-676] + [-2.687294610977020300251621561667997488412576803393957992200510705480036754768092399530201624276253370469071084378185739077232027030264098814386658418021698200371396451012302081944876604278963261455256951975643309646431882261731492043933011261587772475279850046797204442610220986710727760275853796027085455869646964810801904137204418276611668976110374830150449552741760086270239980348652140482666908211560659472742676651200359767268227686873023314168914694675948875871115690435761982300708638905667512184599226736034752802297632811015347365693860572254567412618074622362767981445112897316278238930110222140033361954798546757448344871489620049186996474931595984038947890902035248 +/- 2.46e-676]*im
4; 5; 2; 10; 6; 1; 1; 9; 1; 1; [1.70467578481963285762696914673122671071003209782984935159185493415002580043290238787669752818583738207112881275560099406861759034038347293441331128957838996784994070615525410831322234867938937319705314393086178751110607482713367432619247091100917018795836364986162108622797360996679039626120795308276453858001881939928066696821802398478657605779209326182057980552193530014404413751944844120312302538389709662483322702468021571294489767228581170723694870360322193043102083931364743402693125287472915131826424090516278980823877383236453090630488342660403761882334874406374950581894131130541202778837180950491875169906562935232508291424333064569749785410602647987338400753832432 +/- 6.50e-675] + [-1.47339191016395983046328641045716451358913446847582635227698546367583111959810710203987531847539915756026887046723985042552683797706220111367297029990539723134544479015458629041508964564008457590662182161588897625581125787139586293686594253070792966613365045781690161789709918804153151551905666965191660232194104244522837727585943369026220605192845390554589474149459307586803953598357891812382586694830578122497131435101118936365383153344879133380261662779363452071278990031413070769655684512802013454164965353639728396870772374607367394916421412081869714592960233454806249578898564757921750227392839156119595933220408284549812806704545027027027596001331504074651456199995714 +/- 6.40e-675]*im
4; 5; 2; 10; 3; 1; 1; 5; 1; 1; [-18.1638247814950074688483461024194263243861080881987761779542503779484736986332499423845460877317922258578656261164769973639970509630836692751982155808150591769878630463113808355897611500057975654552094485518607973548224274361629090565779104986715216786000912962316796595230932854505734717833488558676174233710305351668271859160539243088946794871229586330219097667059472693241130562949804645286195885348088769065760916121758594786436723776156566322238855946477013174933245924809644718997531179299889170719001907889419422139947143448439677806798155089329112040041079179466581767225723192459758048131118753149933362963113985364169432682733785214219347533707561538616224633304859 +/- 1.15e-674] + [-5.95495310163759266903276314602595417825727797771709027759188568929045603530295275057146862441255954723829259988307232027718896634079019235869396816050374335959811309167399002446668830809742505750025239249165967302923792549130077435824929167173807090472058140444532913491776383165314768335426122803824590827132116059203514069217866098520204206833548326405235674863130747514674801434016622640979085933471955283226932124216304511463282318660244162600985385670579390719789280896966300851957379908715558513110079251328482967321148694084573516688349391333687148643663853840158133831168256732231213824351794790095244451073740038968483978704891261252136655165794585234742472019220446 +/- 4.81e-675]*im
4; 5; 2; 10; 10; 1; 1; 9; 1; 1; [-1.15640417071074075835782216541753387743988568711093439222157109556575098698028548446730914440162838224166487683985678379038060537077772814560115798687722505326239235332385350375372164086394589938490225741923847382738976850113369197058546388790676201340594615929616208659160323912662803021772758243498715491886939732070170252769608407639528220279318245739098899960040203848500003540948857623168774017098808603540148767119992352903159045516110933260950084583484590481101540559428559778868181462358631318096152325620240684404528681773644218460171044527096760547277018373912363755761144569730182429910588951682784771636146906173764685296078249852010261946482731243098841565558259 +/- 5.05e-675] + [-0.12783328198398343037783783718105749992015452224414382103777984582249265857845350336706369132769099726906812759230005546115657311947170650967168664009188379997759012844357785325470875569482238226235036539747137130287520405527206733481748649858532749904952004754047952620090440079979411249140225218134537981304750770633343576329971904109278234531086608104340396946448136685887476792827571299215942369815859916192903508454665228950501598022233636544971838137853570488101911839151873804809890666536442683658919202574964895433865653918661134284757834714138949201000934775555527088289190645000312573103837591334349980922716931848679687691132427780480701513731279920819292570896812 +/- 2.48e-675]*im
4; 5; 2; 10; 4; 1; 1; 3; 1; 1; [2.99896824850934693549247260065846576156807310041400294280708181479703166129441995742757218895191612034413755365871063625842125283329979183045035425431995893169040124699498817878484106563914612934728405157219981291495830817682491253132012686012012138332006493425431717481799045586689702928757113320826265917849976997277338630499463825749962594935077319929296787710544104236570902863510732734961593254825079320418969804872467819920265775062089399804456276998792781366578235740830701020288194847307567010601397734277147136984411892933223394046563611343606396274597007926826753535732119073547620948773345595748825186032474167995933351969740912001165365081810796513316184073478600 +/- 2.35e-675] + [4.883767524187873876361702734324440386462050566933169197024722300030515919878015424615908650797028485005168805181073441350844885536816002970818324066412169698779937295857868542973813350734933092430043607649407402522187072356485048427020091793940480663155197206077221098244890220131975196730156509529596192895966549027585451066288555859382647410660514470520097568623309394591675549681612677440295450362886897352953276051955175001034304771625377076464057202421657019793730044354039666417488769683290403004003647275722851538206486293008656514046349823756430793970966433526688505876102697883065662300469373711648210929658658483865732097221470994133003426281076515865096248714342873 +/- 5.64e-676]*im
4; 5; 2; 10; 5; 1; 2; 3; 1; 1; [0.024319693926524869199721375336958022881989483445360479034527780567373408855770446166060665904775383926109213163126531354032625048616814261100916528047936100491175913091781117120619787977341785851639468846855644730365516712328410370402958462223864228476823484920630127235921390480778268258422692809223603488700525513922616295140568996084262026099155818253267078298718604910668467677550636663796125079552274431163561336840498040588971156228934249480850027246307448437687078994016323760578222793899297554231351583974373990476051335812159708188527520522546706676439553967249663955316754653094824112424980968961530799143296843784568400042250675967500141985049189144837975617843421 +/- 4.73e-676] + [1.569955914240456911418257653559721801409369999767256996709904025158405060847081453542828844790812752258659630987707882179105478016466827309566193744513244606242554938253732769594369824219695084795182168502667681812147960249474297165873923742455842216149987223123459015693451615244678550506877295096261535724629160546105591788300004876400494188417799013464797701970136726675632456765640705575607791707524262208396887576446337716577167152590875810338187834392067623574963539476812624708464192075665365254869178436734552129607255388658369374897822915846802148509050869332621858757809361969604310104955870988330717060151957880484947712098694835427802254533859151665974386951924357 +/- 4.45e-676]*im
4; 5; 2; 10; 11; 1; 1; 5; 1; 1; [6.59479936875231856313335252094937676510071276012871159191773305839515215083830205798506263548810804923973215531009838503189348399697611195961835329621144232146809720153414719641741177632700315076738264750979040171118155665398491110210842599964312649026035952196643754507840714235104420935447780498641301270714756983551066290418244105469275902569843445408210999675385467808884885520682300465550361978864586934720942927146036490075404056479714877754599576559530478544463790602420761120123772366037819792162081341876115515979068664546417508437424447148113711793680939395906794519090433432015796039328191140348496620956831297018961218806420836855502809132528063742116680200928609 +/- 3.56e-675] + [-2.342641409535793166883862048899034091500007098146521757337937937982056066525359043170172151510005447773531910721784061585039498925645767611407972721405662813198728685965747262249022104984368896895943244094739984396068263070615995057555716460676867395432649054346789688592605953745329803423162320603256769257296007627640578453394088565831464381578353209643738682653273821266342758729623862878452111743596752579882760615967284721959082474385455656513556192316450728138937081178199511818045291893151833557284722819614601579954879325000649694319086946785562631351901389319426344483172497893620463484232932398552169848724723300830809428622996559898274859523043856084580513579317954 +/- 8.15e-676]*im
4; 5; 2; 10; 8; 1; 1; 11; 1; 1; [-1.55905460823753246405809683600675933127827361194513968832242952807201638451534197323854525467500772255224380553712799131316791359769658997853559953532387014135486289369850484261967326691288482480733176936142569503397118340077602511269675664623369210791234386784495341745232844920247033939638608844952722745531012671377258236801727344151532621777936123829081729995097076017343229382600402553416554841471634223764076641626331100287079932921565757567573727234665896610974837372593745149479729475031446417436289691831316936097113194698163189814620274803844468580802516430812216621539728174410176331741417741512656373002125143449563045513259439560417831768496636075906502280612790 +/- 3.24e-675] + [-0.395804605335478787270871022952723169188427223554783850510853477797519434931415280720424935923788114287969602227035511958278978775045968631786873541012671244105583814474363683355436885698748368421826342115423818358083340225372524760880196156131909210505543316366503459387621674980693479267387218791857989758454145829084841164438691351868170526620066075392336483084060654781427571443944799704859431652739468316528022586003365493848981461459345216501496394483123675277740715623276622697131055647890966341638269880923566184889471922477575410949717502442643262409855339861220018611688987699137049828071283200970521778907128878674080683897138980544033602193432164988911104133423584 +/- 7.30e-676]*im
4; 5; 2; 10; 12; 1; 1; 6; 1; 1; [-186.9919248478702207332346726082974120257911291928289273144624274005749098907162196622171770145407946696907122942515194850465516650075610308216192556920217431040057827003601249756040746991844854880858672228557041273404808411269723831411591580470022951251190967372922042293081835486388257955057381032547840591395288112656331693557110914030058745310336570509354936907523372101608904805509201692572907378684053363493259200608161410764370090656958428275680694729703837237719257149660350429671546503049944240731476998637481535563113832733608156254880147798550850956613804608191600714462258136971908470457746896077809959313198418179005979183900706258814019320507895858687561793747138 +/- 3.72e-674] + [94.1546039179013847114072037044206552284804711903676026862707914630355991532444120223505144694468808333918862326740752474846646557286169931789210548503512716789732722206070909783884618957913820519805859020196105930891234963513198216284979671877212577328404711759534634398132634173544716823751282123058808726815882796339038599978272531773049199732721765025935443746385199566982780802635310704018435238879135942420017254255703901306988298407742447710836961612383880856576654954046621504438637725678858264956320783874459537153740138101822450962785332739991286185513396348604061497532753034479034660950491153160528686111406573649569479146613178337834581384359561521949936926053384 +/- 4.99e-674]*im
4; 5; 2; 10; 9; 1; 1; 6; 1; 1; [39.70528007925609204216747505639625951199086801565292177675097014861273466936065165052134865694837298672702122029934846718531733458840425360307614891036954186903435113672440499734336125264949303320118345393428655931630309942189450803421927469198338833693840865464515141870817298870461643959528438015460869338190593381731364743276928334019710199561265071662972072940983800388890218812030664932496186255764989133366251684787696907461577619952404267280804309114347727879945927491474677748489905353115119206796354466949895084047209855591200988046454015341852316084000911920509524108238227041013798028674177518349088752574314963262801865601346111439657310798399661374650884907849965 +/- 7.52e-675] + [-2.89318235751656483562626546043079427816543898978621720919358655930404146854588896995004518512594669427472166839478886386191604700761183931494655055803542915625086062458705572563350407591598708173086482932518467851428366645897078453610494228424310852666375318475934076108617693788509750582710628179015953422338468575493234894683011167134340137643782550456383490021387226494511276993384742479194180437271649551071719474035211839502481282754678258251004952247537121566943694471891889840109205413811191502039601106748936542480882574002081222909083514633924399256252722746365881737337174492275478651001957372873187211036408487161200211201295532435614180762348599300064233371194509 +/- 5.63e-675]*im
4; 5; 2; 10; 3; 1; 1; 2; 1; 1; [-3.32645362702971088952040818609972750600271810885628729245860785761871523938556246208274883759798526666360947033001706226150509774427025488712565048561624952562812863984479254927702912446945627287065982301881163359299585597065639375696681531870503517734582367490492374521944828661488370366178889718477546746479887548068652276269047121183960981869343754042881569744107889871097302032305105165881661900453068292591613337937545892162771887282812101275212477601272244199734129983030246966729144535807635699645317207041730441190314662776432075623369048632288315345447984342873182041716223224902773443871934193488292590008417661867618045754280534066461420381326507821314343651719560 +/- 6.06e-675] + [-4.62518414813967943772189492328800719057233123807431827928866969358476943397803912584372236016810138050510090357800057644472157487818194558190925942645878132013456934255398095242873266600721892217346344098573203437412199118965213778712055851556350391362308635108797275662768147638281554357855735685541310101294904327504687785085080936162728828704441202946836732587439879645786429918275256802678971015638365013749084509418971325674040163013985110226250462800918854789597211795546064196927577270096597367590969693675814977920348082035521064643127724504429929652323110808252614679827553155980098189887096174155677259863675411454192791479738686147112081740707126214410396600666719 +/- 2.76e-675]*im
4; 5; 2; 10; 8; 1; 1; 5; 1; 1; [0.33971132668169174046156091561069276511920669858147405985205615240297085898418005761576654644289402554153753502496436515620996114677215765159921853464822624298415864031458529644720375261590830259769741251397769096576733932510629413220903088854321546244586082319563916127725496952077643829612750671821763199766507975583558325474755138670679054526801213492516567666970275141687590810463847340725309559675568719077341831968789010693899905905356336771533160643317071636855923482592833865343390746457076239673056001624466072426569382039101509095597492289648455510513049408601680114205344776296343237155600871953264472015111614126490044848655148566481311513959730625464185391067080 +/- 4.11e-675] + [0.439674684671215459253393173528111718843442680791434961453724432533642836134152666270673760743091729485308717983453481626323440285778266044373042209197652060120120600621025662259515309738714123201610010418147174858630071073931591026330501005205578110480601383364524083010346368929578823188237994353866780980530410221402665019076786362773289359868971838004575465534409981336255401366001407165161845386608173680443556469520992170741257601729831309156975191884946821544235611389850208115477822611857445080696339290011059081604557476612135211159894862147173806944094278546693513541280951745463568649179640002108125641833039427128912046920136171734631182657389456183909770450822266 +/- 6.27e-676]*im
4; 5; 2; 10; 5; 1; 1; 9; 1; 1; [-2.48094815198737093681722860119851156422183637548878227266264923493698133567379560845209528199843683041667279586043262254872538009330900855518373214381865068409578362612815654527332149972529137396741864613745961024898459746799080829780824836171859191983699507972374257154813488487803754316910206255762039919340622762955853078884760877144726491418309346283213080512675165349993720189253021561279279399105771526588481805427952672065755721759208126243122705738291256547294109115528772824118476980787094970708163397230387518085979152461547890585526022861300276629657182141863932507215041384773459383492911718599870260820246775794981418623364648943405743532043900642736942905240390 +/- 5.11e-675] + [2.156913112565522862936431978098559375454052892892114305728611840444752836541780670460831075658942314775486206019813443138860519856157633301871608523191102563049520353816497051841809298861744487300771192160786886136956282279392500624808082357672282363015619042218695611559527248350553222626563022669305691368278305473284391791987150746263496633007328063160549637099195514881493480044408835795019066989867073345329652654543828711582508683358573978725187462000802624578234835594552354342859187333076317703148469204434966869620774672490281418472127182709828044596753997015382890576451138365795327044506375315327083130119885161456464437435910044689377708281748845174095797172797454 +/- 7.53e-676]*im
4; 5; 2; 10; 5; 1; 2; 3; 2; 1; [-1.501304863964601440754585208988719249878817298835357784457924285930509331186174373708715610826310389161472410016082275915874241956479225563232738154447937357712740902146108395061045266776017437467597867192885535995723936158642194988313754375291446315730351202391498913319376271756880546194680707626075491818108152339763269725036566242805316743689964500008099858668060386634673358463539069095833691317883091131664422902886672733854383816766236557746385817946586902746172803993377683925008962852989393218861282819438384102128846805558147852436143587946456489075968902321225400101043939255230615938192574102294787781913007908922159583010799467517503667635873992929581222044274978 +/- 8.08e-676] + [-3.183985324747286344393302244202128880437954594218619365712183883195407422281855307052424178444403288390148847787987693270082167292069842643423686989084386356005097875461288662493297484939936538715440155191179001861645343736172856677123194420594034848756796155821644120933117138335763303433347138053759145521695735421393786104770174083465608482079622706244241496267390599909474026847189983327699172255481348962842611784051445107066790264606791806439744627794169801867706886519092464966463365602545191513628591218164225341883787682181431800698005632014086749596966668531656342399642329481396674059837834093632207248298258814390395997907292768303511143094019640661568453784972867 +/- 2.19e-676]*im
4; 5; 2; 10; 4; 1; 1; 3; 2; 1; [-0.29531297905097677720096803499320371240593481222867914476441504037105094694973570248225625250012760600756028574619080489906322488303697630241215933812580326126057806432893769704950099831002155951600307286458764684715654954423654064109815792707127773990594390471316422910778372229361353118620292508316853957978898134810489606882242259461157866747665785423918919976902664227735159840313447403830360866323740942617560731902011364368329165325142089054990514098100093009740885442082278681669481103484498029206523471243171931327517187212410169833332678388232260109340687654503557964909354612755255248260439342010760871215933873907400027289049610417757541883075736027427867201269786 +/- 2.32e-675] + [-4.461353776177656348725186520520917777566678578581003782282143933821378433539339300071056242344158820934849856067869707299984234079234867417909908999603434810908415574647021792431872338572800282138052256129414980510147838164801763058612103050864288692608567292789961487864279096362716679618888417784112329483974419028090286377081728635257623575857502845719486933947022537346883650263466122957560839247648299676192437125524181942969950534919725931871253904813258626556948425064173041040094020327375994486951318508806479336958763459135300498994806322893323577044061676627597869809482593598455782706298553054086855028860583331166515861726390890698169906692555558246837725370756299 +/- 8.96e-676]*im
4; 5; 2; 10; 7; 1; 1; 9; 1; 1; [-0.64772500422544789886722241536851139305675059352903360054145737909950459151568960110184665353774648468975160387261018072083170225684475917527445105668173847259215492167009081201097740840684592057482571089222793552238290494250944445876076124050158534391054345704069804463847517682886666804290190156978404974068763703381159203523821336435892588408445536624714212589753959481351449948527889683515031811036381360864431824362329124132973672192536998439495440285496938784235760512844515015229221101963177196198867597051797039278100881461269229858876065566763622839681564472043354623932633231118801977436499239737264528297191088090418263906814180372208864576722561425075514635207968 +/- 4.27e-675] + [-0.229718689424606921564399471922759526582783696785524628311588883505678273439287572497562318587631880836995202356584047758252221065282470249015177313393208095646861370620254765173072506800992982301631946457932039152177549293115310137174858726063908383945460640391050507952854462745895453112596536240348371587973029785066025917695822836264359389454916272140697505315780323176660182449213278600224837892203937675741851032313535683970614999868351806032421162415099006326804565610093173129862269521602516365822702825673083951510532715028059662848544201212689495536046809926068270536137207558282336151860682060922601577144177880015480831497673677026224979584283174407300975955237226 +/- 9.09e-676]*im
4; 5; 2; 10; 11; 1; 1; 2; 1; 1; [2.222350737388625573656490225010433916704531672202517016875176147558347712755231790971439793055351414859431267661757100649344486922956049026821265559498159846449860701854930755432412570649358849250386163978607439753547371051014918694581354861781590071341686645051452573033305382632308687386144463651347192346621731750033355811044264565680632747167262621588452337625993617446650205990894720714479152802438376872932619203851234343241593117334177699058598450824531716770245300902371178141572819002831787550501873151033724477519653550489084696952293378499095963855004892806177821827487551464364628239246091341260465153013688677897754275590981642775807398755529223035724619840902738 +/- 5.97e-676] + [0.741203452945465443471966995138146271707780795241273761296617860159986679282483030635070157303998603047452833521906678755673908897467582394185440862588699927495698861111238116280686347642002080394461012894222500186907121426628719228254698503097968587023206347544933636057540929725516896022505252934639166780821948501459979242239567702772748220895917569231819347864350453357009467019526798031569985447604101576943456053457093134873429800610245562491503149933119116158974853664325988554851933343304124965016162225655609679555112046022547359830046830375270563575370271300919663161595851408011562280392587247116527687626738010519608663901397433686704306905438644112688220534208668 +/- 5.02e-676]*im
4; 5; 2; 10; 12; 1; 1; 6; 2; 1; [4.764326310359972573329019194476261731023134976429534055030644615724238908280109795961250218208323462971751890995299917653029719043118524256076537707970103725920041565447142759503635859529869672902522958595582007165487877973596814710479497574787170305937315091766576424957967691224661677344363031250617778102147150832772614640074825245307987079184568480605283546615902112513940560586478439090779632870740375092825142561144914149090809875964359042101351808926217593761572797006594041384353280034735738223224211197553701423547964052589429464133425881833255532500514270320741463445194407478251556646873394391001940165665672336976113512808485055914844434518377960948518459641366647 +/- 8.41e-676] + [-2.549293795101691912531977814717667858727850151380607666339777582832574705361129641281398573775052259923184699927228425631544639800756496242414332346685220380240404197607937701507061308905067100303282686238165213147904731087347124383734443505529649144250517062147927285768724218754878831977576772310460061504384586741102087221767954219570181787141210064355407903381381688596753668078678354291254175801278300388175744513508804967216228538914352239458485336762431919702001793976515586820987020780634805663168947260748497502830425345321859789913615101074352119083066150487097125407755148174373993464442119069612639493217920706667214141268109607479343139957334100771310832110149305 +/- 6.30e-676]*im
4; 5; 2; 10; 9; 1; 1; 6; 2; 1; [-8.11840997708869950806557902614042583755104801528683198268019083523461827112918468208382802440867442852436243066925876844362550194086159337397984974650468991185475822514070928006632234782010668843184733098417246557013287300456146689931807463036920622067103238413371155613552124477558719192220339353286974847365206988100865173619478015439634792415381095024776580825383504304832671976672543980843677385567545980373645822898023345123270937608208651998510114974601168642806586111520828136364264252974173163660997639930727907416738308544155722912322040095844566797500456893785519264862074488877346647184750671758482532632492488304629381861592768150561614500908438159310909311982597 +/- 2.85e-675] + [-13.40172658595553248770142500978171141410098406532373241109781419882930906954533388923432957538986708707176862672259655063614030898271896432470240880029990303708644483258872552496654045480849092066342535130899011598920930727651812003575715467057495573569148227370964008560181546491567051541252869768347339995371130174412499533600458359862568137762224543563377505310116606441540461613567234444592827772277115993321118046338586238382108307691245272629676398489705106038930692614497437277815044733129335052304493856839095387519019953785557810326098254607674025132367377158206031945663056048783516890599801336840860633982888587835170525231529115267008505380870547873567262327361402 +/- 1.74e-675]*im
4; 5; 2; 10; 3; 1; 1; 8; 1; 1; [-1.5080036927505118586190545329019248877646660205067254817919230441199219177429388614488334940507993942867120699604179087822312407246919947305425133261657836554452176548279059793568912687307786257575383240150784132743897876929168163308404769508926164379739799423999161838650183919064509342779598941515807587385153909410698918982943101146998413232062634558742382599236272108063276481724896662991715642825653298052389146826884897490275939520335080653225748852860973220227810104153921843417027364584376003920150350894773345746371054336264129840829384184211523086487979218593009485777494747954639591424683540920281797686759436220247433070757024651455656998696025442320244946584865 +/- 1.34e-674] + [3.9928117583892392640779978270370536604137348910643379357539817296828227954736416188564967046920955377094347551206988746265355937170703408288671752911926042753660703343740355876433104378826980902082258008462413938074715823726362393249933351496811469286165383962992743063680455329706757379066482971377514366424105093156131357151653492568157613885691153755423370794692683132660911471688852796327085435622924999689375001591163260545228227093054488003683224291036590290801196375230704375254319036018165756119453433885195140754217030931845675526876437551115102132867185580882176248219425686654838788619650703526533692555895832872992379949123174650831513855920421721680256781461106 +/- 3.06e-674]*im
4; 5; 2; 10; 2; 1; 1; 7; 1; 1; [1.103491777394339891699127478341144570255867014042767575823229697146658412378950629756283435179818093276544890965377496790847468851353806061919116512600020323664324053462906155789383100307540558667521445247409714368886448785028441503297102009074201887058357699264790312665443901457824319093922729547427613748355450989990171255312600955266614235653658622485883578867865083015053839260969477771576535490545773562001912354269623148917992137464713645852824514436631693091431516387835776997989494006094089682695758516828918943923067426416617207315299484557750450967845141246905292588966209287588708066964338690402410087186689003480025658011157387216851137784982734770757936377176417 +/- 7.83e-676] + [-0.523973289563705409535420724089102422970148564598624598974023660130462663524352647460743902981944765004539322634647223011108911824414920221642617998011699994942099351680335882380532957422563859161380799286538886090497313806682384342732519472531725368166878104260269790181744139540227749844451509363209572854593948682933052123773597618661066794224357347767174376126882500464463337957916815765729695937705117137923444770363607621318739077835235082320751386422267499212818397083165666307118448909693649264692944556041558078061986045606831717587024920201351168682351291542731430195242804576270022969848069318526490755756037924879442153959695293042752678273295860089831796057467516 +/- 8.36e-676]*im
4; 5; 2; 10; 12; 1; 1; 4; 1; 1; [-0.030272870505312856344902225514948369458011138431180926226541433063037196238690121880652198579876692574657261569472558823020937566298570233725738677216742446653950141474294197554364002387653264651644393355791545476805557006689301814326738858681266084919048065081529129582222056562259223721924188872004724360291179469572655865205766475756852846563033659118433182030722413326561247298419955855909160700707742788412244164812349428630254774022878251651870435725380665520834791781281888943434562780358011453270136691197166976807128683328303129695802541213471643708632895792892555494321828785614603313055125239666498583535182447084558272186471852166669197356255704469892936489667545 +/- 1.53e-676] + [0.0564496376193094398228791841178713809855417126699725390420402253951623316134243783102681876874906720734378901244268274189795924977736350662045005447934814317890944114342680632942768929458097606140870138418981251096691072290341991231026876828891415913047895804446726629394467262752369159729675781121998865901633494979306555775434796854035771274336860513856445822159860628740263282895471161413759512993989102613889401885016053305593916782201233385474940388537650456498164000575054798207671081056294367735712220928395060928271907290876303509061622040635015046091716797133642392308476038317243891914480470731874747579743944818882187692345110295711911326652686523964946160855702900 +/- 6.77e-677]*im
4; 5; 2; 10; 8; 1; 1; 2; 1; 1; [-0.021929164809744922968054735103840139975986453262822247482869126442881215784166315347950002475906938073200263370578542676830957022494204453405442104034444651089218570777964331303326319663934947549768721782655359031677177560124303791379941195067625360233284502611015729512337120787201046471039289507659945500533230147300610770191864899074304669068723799137878551086482603619351109543196897456769117830592678537764219923569671665463225303519787541294686988023180631648505944946025416499041736893112113573193292005487303050542620714855608578038332112270895866871856898103141759662224024892109591293699435620251593905917688734215194168370341145650723953599778526256563956779816227 +/- 4.62e-676] + [-0.066186321744349766217213310696583908507264075355488540428001832655509706917880993208368743998171683807831230795526185348974018786750926590448943905776634602904539973844236177647704937978210241911871051449022225210555672026026574983782423502296378664634441677975091543220651535350103578477768405498066735680679206051138270285163758520645373999425787627628572212292080440902952780765785298450697306964293022888691336500433894477321453382538437577504868373803396583951637868215914261572401769801313473898071325106728137826624024889239827185657331917171905911557111642266886304906992308881671573684127696812124393641620244349009170111440133889175711752897856081869059133902085413 +/- 2.30e-676]*im
4; 5; 2; 10; 9; 1; 1; 4; 1; 1; [-0.3013220559885039301432333587927413824294516283756498429116159338858165566406763622252105194316098151394521880206911718896527458572924829825369188518775937559559190897881978494622503421245303528803606254887593431761172043572771737704281462870876824235830351705224255976261634622521678633288075322777847612469273261804399840190423241414448471680316793190774012124730094393652082585710075607395546892906962121344043380257842335167034864096064620170625411041674191096540809781270204976895332700867565288141570353120840589902864134052621513509374339350986055320940601041525092015554860688635041403432110983619716805628757555465356427020914629328797164681212044967383372348509048289 +/- 7.77e-677] + [0.1018674175581210402582275998660670679148406928238737489096636657683438003370712958269802137475717394894911503120243361687810472467797330531308909931015035955486435401728803022904313743545586943841838251707776842745474671340758732165472666322143611983378661806295987116856191850963865182787826028999028154710200989687553892261879228432728940440509131254502115145363125372602531293304521971055172281930327392939451319495735962286767334030083134616594893722644440344699742379590758085035252170074001981424452299716374481292371485009232205518235400451243927532375926682287816273640872952039324777196595426173817912971087187984389012559749665958312938485470477945182168895948289122 +/- 8.18e-677]*im
4; 5; 2; 10; 6; 1; 1; 7; 1; 1; [0.83937635530744717062448214878439896999866223438561439518899190623136735586669593058127789696952850119097982365992365846444191466515934251980999940097969038339842240353144588838411063278958298567649881940417306073457264957332064804468210319078129391371903320277162659008636330097631273884996742407513473315097844433450625737006379635415127749802043066513624976919006031209635459535504926913767552405809556571515444389558445469048062144584143447432628191601847816093736215565294582504999762236409713920791987191629377428005043857828203656844686504275792956490162181292663950973999496420155821892001680357956441742337349940758681110379934832776542678207015859969753867963416940 +/- 7.47e-675] + [-0.68485387531967831090094280712884711744141818855072956036460581963065248400249857054483045793741589723236161957926157716203824690838160295095276361595031088811565937252468699454193594797158226136827355483694781043874344715549220490191107853113895623247667405431540487535418003249729041609881130207205145982917058010881403064531949967511494675910047998280247657650472366885311970969500821811393473932875034825238407091517389429366156254961314716615885968846436332613314413153869574910235942589556361579156648709746110589495606378295207252232338108018074509100406687057548363885541820995386704981373772747662304753289419969780088142917924726411598036584151143547048055855268059 +/- 6.27e-675]*im
4; 5; 2; 10; 11; 1; 1; 8; 1; 1; [0.04587478277697461639463308278693832998100700101185942078606406775529734305766856811473856800162206466947022234455902918102448249122263741622639887172937425616466604954811949336388579662215177331727668007879331276307535817679175086650523254593112130202235727224717433563349149095770985439147909102057108724074809231166969057112507493287993111744800636619750741270793413435289131671173373199680576419885603506003494142996647759733188120865052948683268091412322992525686830709370609220788845849913617787078506056259145351335790577562355175848856324362129148968713482228772250471241619867513866101140588911944279400549516959750958660955277722690061140503953025881114286038149017 +/- 4.25e-675] + [-1.75754763327272576675906029983529072259705741345065734852093838431311274905137215948465826835491871186944278659166656438173916798420191981196973762994558291970704088882556723558762771549499248547956171753988105732302613421843464100697141470511047561912624475929264143568640801851272469093741538890457669589774999397872516682237210977699206402019212068366210204830537781442421648582603153895111600477661895489500880245617053014307179427959373559118746221693773451115113410684863330668318602563182929235570641795123542182804448901410787923031924301587065553224082354219171360024759739864543475058450747539423609335509009603235764083797705318877573762723097398619979549388922782 +/- 3.05e-675]*im
4; 5; 2; 10; 2; 1; 1; 12; 1; 1; [1.674635627520891025001321303784887407489013752300636721665107025915668100909602896504520111488039153695450580563119355564455671286557966461465710465556061911561430086031843265927317740261334476661980164543346316962593441201183379729084839408766144041151655911024470052255612832984369853072170042303190214122130465517612800041130270722999284035233817659999660182611607853249945326308140152735245662225921628969002734649943515679770825691507256456583090065757894210586179295290171833407813359960470052817490511607914933016233990869015486589976797128528602503311087181400458734662394989941669278628772236297978112195624819192731616323091118717558078863811050466005148182603137005 +/- 6.62e-676] + [1.824233760715636068243092602096053684974190837987777304874225375741292270579614002199038862231924884612078577145451046954120249324702065644973551680468298754173018934817548291267573363531221194005259105727585506765985577335808820794098157335286858847059401922574924483529929883817946257627871606401602569864740523456880462685690672536456482601645035096815443898937694659788968469353874838406599562027611514442175240307919164557362402907859400315703149914684492710245247745037003757110387032485254800726580259761416075420964731930227816807043034159656610143120755579473585213446297199131418692017680558073448050027623722880302552801239476121166268855555109776608131057017877076 +/- 3.58e-676]*im
4; 5; 2; 10; 10; 1; 1; 7; 1; 1; [0.23360544690534275639967395774718941682556294592199420304375696034177426912901632548734159858126557306577869362719732494520758395807587053978115342477042169371661483053569602594459775179721253153351683794384918665559221165509200126691673786395751022653540982253080695119473044193617302995077826287364555656918718434667000234882273897568503991292996473017173134204789944343846867652014449345060369736487233042053353253898360631954577744258322245182735995532301963234123351644361047802209197917532724156899182724141546542775767109796239915186487023838931766172073802265324013604928337652504163421504947438142753542034319050311661799507852573734952071306015566983325399501089531 +/- 6.21e-675] + [-0.37630496662068457510590806792791709619536377111603257061186128594355554770434655674688491570256552305356442034207190303930721944023612061844942244014270651670796478459448824241745049487089215475686700418545948522109255881407942787079731241759368139320060429374442769812575284523837193341393646211564874460924884883015157320404412552823778041471458205131578205038037795612232496115762318738311278713903276410392968236448268090857042889633663636835992584841957360801374604311114382947063669855879517219879193206397163308843887578426137348566553895867486615060229314712372059790187542305757561280457982328431560682337310233039703338595564248553903829050776872973711697930013057 +/- 1.08e-675]*im
4; 5; 2; 10; 12; 1; 1; 3; 1; 1; [29.8919832065607974615269881743846148949349941406658570959073810806790295247377334918129427210443461543537310258997558567904028541923845467800879194849345000383569124634850086363037449958872578899517529544127009479277630420280493882452194447960056356847702463622524788013326999055911101515331911001604264697944147718869060579952668771652115418687003938280843098178435119502610545013498419273818948419197802897318659026988238986239377554068524772712284260085975740118532136100404796967008925073196736444000926066161434526964152384844947144468874432160904475279891571772172696575217824247398749314570331315150525044615335809099988120853518418911837351031354345810467638305019907 +/- 5.55e-674] + [-55.3658386550229777569944045032085711262941930344624680308198050687921556636534053998279559799423760902003512622874481183073184711740225714368430704681690275580972140916825985181297020197774374954300790160140824919157793666330883564270689620844865924189684525756697602495558269147310977193213026622525013246525337327928692828341470223126098822520480157130469861130726099316238489542152052714241908773231378947088104974380068125978680946635362238005638552862347580116995518432394440449448219516986832110228213197600337086642197945195142676976937732894740280904842507609210954800123296408290570020689087908705014946266008215883862650837321997815563801652623611604362960908865571 +/- 3.02e-674]*im
4; 5; 2; 10; 9; 1; 1; 3; 1; 1; [-2.97580203492374139395910754878996023089124196273010366963807079181442662259616561981861753482655370457579147672641630928028034560397251508115690828274081919200738745917997261000351725052542730566370088847058072025916103019786879611247086098878717708423066663910472653213890677859861047481517861034000324561684084147972841758569338392580966679698605971292890261601435259289170031076422276860802445062461511748800953476257605362425875086682073665463732409817149201225769694999075293780058874843269598670144792485656006675353235297061027378507779006263502159369225457714168175443331224372882566804300546727492674399329306193234268445410557807641774201792719611622324163937153661 +/- 5.77e-675] + [2.41636141280230500357061955546357901640824847784311298831494339077459862352897434591189847834837019868691343039430225229389451144874306350607347240857916830810733056715976959057893845818862312595256153967737340850288186901233969975412524440124739833013904386735259555251827063132145308852008914550573190412248752175571153325543507765804306626697349143696386909753632276250239032278109193165229451971251738182506527580183629687090118619695401784691013617675846838691688595996435782914154269062126026368812001779214917698670836660053964262599931483532601577863796080555522301468553715921704152022085356085735948348496193370336791543214170218063231690658114776574179174377518794 +/- 4.12e-675]*im
4; 5; 2; 10; 4; 1; 1; 11; 1; 1; [-6.99089809078055665289299561330672870717173276696408651936120368717745544436518069779383813581613450759312996274239960922018164727773207318540161812727888816061413339135458437420033229131730303471025952421055364762596147987860166258856392509498105666044510234011901424799663983386512456369230471394141557402103965562449865219035779308436026664571640177613091821101102068487666538983422927349105477828038880073879185491785874377722688204560389221970029859058011968133590299194484362112204265718696018509387503691918212841362502870233220374040509254248658621159272243328615264545139402639230603496445520528354047289072285356362262227564939935554909427195545148933432513180461617 +/- 5.66e-675] + [3.71561320636990070100795355608722610112876482622007584372410021327130354584941849644281235438994363595258363532653668944972909911875782462051682892711845945460477898452242068514292965222959838766134230284776167319376357007597816418823008781890334441087609454475842434246154253599413422767836779687977844533572210218106801130808337753490452960198911880590506416357561902147019890083943967143355346984680959691752533047115524458227179568979326448526539825394887826728059224419071911143601343553583845416550899469308081438413871674667932987314359061559566826320237176658005948410218417554235641123326529646820573241261812500583526660731170897941333424829896797251619938359820550 +/- 3.08e-675]*im
4; 5; 2; 10; 6; 1; 1; 12; 1; 1; [0.373725964431040278613160996919827055861459374527323271112584403738597879035677648855354802608121355750441023161994433192120950220144036373895207645378168416008171414465034716537353475199176040496222391952536238649885131561657128299594493831051088324393033782209851465051162084565205317540170979797133050702009374675234513407209566769909892778005987218798129061784969160546878667484852659800517631967797918323010109980020249915732342218122050845194774570863580908619375505560297926941019476473112556614183324905935140470916297157554242428470654038975575208084303856781941215425131842171972906426840400641598411660509559060011089380331583526702134498861944131757391118998006660 +/- 2.66e-676] + [-2.487250823346226761829805607816967023612724776981483319960308906737565198246452581488289127658238058183384455721572810550005405482473509275168577861017239195394029201430440102802291317997414891471070229780515857554646629500031000804116117236142615795287279671446628677225622772599297473566821260449304010737527159942484050031127603377186581785628850183956112142361677057011196127299018791083996015551490686041892909546434808973524527043716000316968981150332481862487536676485612767351829690518342014963153142823839498421529324711684870987260555000789889251200515663209802502009891916800515455686500271791224009759139399452852085241900890935113483848011971458695795004641421061 +/- 2.73e-676]*im
4; 5; 2; 10; 5; 1; 2; 11; 1; 1; [1.16174911010090640763299040913686028957966248192766383988326938745758242005632666786467857999210887267455286598146507777484521265202002561973116502002855255616838742888611382797114255152414987317765132920494277165246156486936846172330477710850565430217835638026592905396330671072176107080333517194520879295268396678187101957149670255176677004873885649591257808840274401320767661418411176759810072842864477279619133630023331770358352991960606496494715662148924042777998565594415697835944482907993545391762838750402619559688710558666715360583688917978380897153159474812906060513891660857610169778626509765464279734751267930246267619698134692648359843663062732857021364259404719 +/- 8.87e-675] + [-0.34236864627561737319438812388151662739545679367655114469463538450865502155571264899475633252659873978504451618518483633676609929689970632121856400783041287903896165575195535564906769075201048873796452503181831994193023929014980438859641679699164709229497906860665577026606130464547481035152395940097488601658601113963248001700886877662155423521266782405516691461617004535502931462242902939321353799217118282987470446967429252401534843696373543489311894682708902761826851176816555991670225583037574032284434051991452674174488832918961036056619836240445766203671057162065618101767679400824085112186360631277688843476226907053696551433470816055826257162108893220970134152880245 +/- 5.94e-675]*im
4; 5; 2; 10; 8; 1; 1; 8; 1; 1; [-1.06059300436416148681769648275258931885902003711684480326262680348506926763796315220929585214001958304351461860411364900732771330766741130843953932139402653430289156299279565988195864004724064939277085148410589092942560052496708594253509188874956069385146747375059005300608826916354847157399689286617664688530327389989736140680259776580948812444846910615252239194672549547972456779854937146022216986496595586377909938107639197554056665176399143342658713324114262602626833209990009987978012744409533923581150864018004955494924482692646210234356750351097617014229979207385114176150583354752360826505021746717019732341708693052067593385776504057391625080538923172185747148568015 +/- 3.81e-675] + [0.750409074409633655793262337571815651360601234162861611883593294233183071660500847519972357305052432448018790929347105602252479390530826242341071214734395398589092256990313490014275860410807314137047212056045290434084127459125201167883874317615042361660068476210997514667062538217432859078072655783961440605870925491064776025313637826535861843926361465516742858691224412695923981357778424517785784317967839804135073134660971476502113962509881799949823731368793798832720391686845378149181434345848516584859034994328049290887447361629372168081141486184719064364714478433195048005428277497901116265304894808055240942335578578186685454656658199561850363103836027036610099970422011 +/- 8.35e-676]*im
4; 5; 2; 10; 10; 1; 1; 12; 1; 1; [-2.99696446883585905970268363194877239944442235847505412171181865459409051196019365500615797528683049507138366939351019888086947628075509386008121652989566128737144055355171392647719552077937904424230737921904819343258497795198978755588613653822893099998758123661076987789491800934414630107598034868611587591283035487844663697520642226749557100714354396710752168971079366725447548607957994836975634693014490755274848525471197674085167132820648986575886008033459301723735867596868082089140429158804810956324956698869598425016361754898971872429603176225928184464069363457782992818901923907565815340094314039870813048203836631107797164339899145369790474294614581626030170803229913 +/- 3.77e-675] + [-0.78509956151037455389797658087973413644477238145580181558191133302394936801976862845931991007613917011187762369448036409968600395901939301458187527127410023345224627193515049245395017094068052507945572913748126027435393602108295606322761074673176314375725926780731178576942501578290373257790201551828684801270954377335188598552948531658706162363647640861342872134803401600865768578253827915671017762349889084025915605052314107001637741289435458448190004489502953228776933092694029531408189003826667333098572087591490907806186431623739348028815274444241433223503363401162757109269155866391180101711293347660769345801813291448987878387428014286171509627347238219224806046670388 +/- 3.00e-675]*im
4; 5; 2; 10; 5; 1; 1; 7; 1; 1; [0.362873689338776002679391678800376527488372131438743228331606755920558734329203266551719360016309890326635790354505314407841341604788092061047046091943467220789065213786689535590309019934347296880077665283625452098524570666919522787075839841516884470762911367445743400026047906335512281061888453352720982217542356812018233508579895496845076141429592169741087077161908092360368923195848994697420703436349028517410131092289900424139338494687337451935794909399721067621270692383882098801952429526496871377240933650955207038009089435076936579224597571311031167438805632020348432903241049336942301718587551874675487534895194514034493174389990834789491072275921200595794435612567677 +/- 8.66e-676] + [1.31025838522746387949626234333505626305177653302464999537667658677349025073620588808686420312074229770380472137203866144822392444435471355597780697039695914768156947596722250743115094779002806146113003447023362841870274868487213919311004529260246154766135854867207071272050030744116119328330557851411325622920385749423386158960276001952362569092865391848476840804952133105020098354253368440348732870778780290155459654926378832713193580250763496994746960039272809242381998440944688439579742772346045431854466190325974996711674208706939577256727188513709366589609442968635425526061910871463550411881298752061019084568474143194775762185443385277017614072511332670185307747398300 +/- 2.10e-675]*im
4; 5; 2; 10; 12; 1; 1; 3; 2; 1; [-2.42943581690491103389153200802390923777041034944480046210607420163050253970621963343520336117181797073274970283767581765580506704303741138338482853494680037070558080071460433572693873619325857461660629509139498930293406171414968221670827048163600867357904909044635299528421029694823248103316383632905698092023171548713362130225238248278567913507869474524695899760304969542672423008937547836833557321308020280211684711374096259627072274049709988334480249973562434099064664901220082824430645056730899750018310552420915538860595721991925829400669730606799032545601578724299898313300816293995907970920300769442444404251839960110568240296719850541781292853963772922079811610486254 +/- 4.24e-675] + [4.78029561090525412186715085324839154163651608076380373778709992676778109287898291395328743870601628598446307673385527137865229119340689500423794959335031343136956425732202083044620535401526530480751587363301175635405446193593341953798353140695007811993902365638318553451204298807589883371480538208808764905018722327285061636150196974814975010368326730657761027663306654820379006043334660088359705423104173489491370819306140490076150749734175302224653192631863925915224546040451971901699101565309542367249812166074175583376405932586927271755694191676724146011517091721219631006772188719058518145694484790764486041659909032967125804300596509095105061774665071773716126723787370 +/- 5.27e-675]*im
4; 5; 2; 10; 4; 1; 1; 5; 1; 1; [-7.83621664491487475057888907003265962568608408658623051771328498012701477328003253143974083698670573639258650317101808125307921864341033449115830199075005104412195985570087286913107647082686993289789616037206275439778107322613519307809253395967508434067686345192901799898173148554068596665112332172606909576759514520007661047144592640738005100039890441688450715185186238706082264726626182659901809891055197590084486593082301844260861144805736953637634550698001484941261099611995406814442511227189406632083620652204827397418510896054141667335510548212844943722063685097775418680829526496757223175578956986504263340895672207512113996019114281089222027712887641228240619588459507 +/- 1.60e-675] + [0.92145189609654455542481597346818319907915409759281940771104928881513357743204404138174182726452289695532983918051199805521030450648334794075415803636670168330798308113519563875510368291042130455608050548177868554748348695636284151979932862533571945482984452406123726565748648180209010987340492539770417659171545400122462707507237977326578777985460650654773808435356003827320896420066639096070622775959646991222193002017618140152785156964304673741094648962348620721612706823845700832966084158408579963940922652368816946522726990362141897394968450784007598859743646949201651630298216609630760699435036534236487216369882993436702191960746319362594556270953558887777468010224501 +/- 4.51e-675]*im
4; 5; 2; 10; 5; 1; 2; 5; 1; 1; [1.050826106805310690290583452594190424136865745029317490831210235231565844811889125358970178614992488306823099620865127265980487352891498854330444852961510578948841323405529728686092998734813963120662854127160731002600023678551111445948123592112212808159896466168341023813731679907337126955949231174714470770148010837208484479806348152299927179047431911921011385029294457486827737083395154070929134399467808976801878007660292916054014242590463880173355243903064672348803420040172141889908041110011871478356113981993719986493446240122630388573036746766972756701422513642173989258425479730399655165009820400153327985792820974623202294044236717569289318740784309152552180065178818 +/- 3.74e-676] + [-0.064683251671041597011762531759771613790124505550209166177126897456273338540537366331682454520096181404544525252494578284230216620133979876280102227261695592930832688767309980061893256053943096191183558629539874761420234653390436486257162841685345194627735933689566676255225144552127027737161135060161442574272342185608373998327155286769247836105326136338421924924927774558083655358038392806098536461837134094101127440792187964537703206736163953766149736764756165009918793941010535054360180414405082341745831355469545874818719982109575332416482516743063613433131219821016538072681224671286787682077907833701140185678248777558156701425270130966365937883522630641477998937049062 +/- 4.53e-676]*im
4; 5; 2; 10; 9; 1; 1; 3; 2; 1; [14.83045652953080600612061908504727641165208971692265267383626724449591824686197056862309132831575141316415387578372291838354390239581392565620896593140784170228696470014013305440795747470340247906586281953646410520546522750048742466323987063030512877207487222673809325166624361107059400456446333483167025382215321612011022299498498102621344998331916886723328650177385478416434468542719280697396195203961543791098444745341058729843154792559736835971347418117407643869663460694283438458563887935633320941517277337304001894061088267403817113978910675868123036496051771698674963276039163527037511484661156501553171795181935989489168942635288098980145141727685803936410926217560147 +/- 3.10e-675] + [6.95024238559438348063589088793724602557702430663707243901843707757324757827841416398841442267209942588129306574230289186975106752528906592943025620187658286938740909323818761625386654126261483400828653828598276177344795262495942290581911285616914568076748948725958045925903263972548827623049010080882923092854864643989619561894642544400978740265764827504634035315191543930819986921561795272707805366972769609705340320162071566391409865197059625232895929493266382241075616847228880178279214816239293759958641135543707339285457870418755878565440926103803562975789608694060270688759961634481168099764673662867728784306294803281981924793257441786238273058887909649691528063812686 +/- 2.01e-675]*im
4; 5; 2; 10; 7; 1; 1; 7; 1; 1; [0.15112692687666786405702696085387704497476636447765422250852218854202241490714399770240215054084820213343433911351561924554399615427941842657645960967755688562105830648606859070626060371293767074354160970213402682952558217695512552065713280499588990354601041244582011053842538877962598222272479176942220767955336296905034934814899646239577702497644730502585979354476257175281931749509496645740998610033520174587003270037388767224322836511288089511648169504399334120997577342700522841984282719020051022045089555245454880561279969036646971357890956779993971610324169403529307334350198004592997688505202228770619771117412424716942155834567461078963984924021545220151396517986452 +/- 5.95e-675] + [-0.150859680696091470110369676659019137053180782089484690324232394870378587591511809036121508461235186259594583490847278582189252301593105127916258451278656330677507279074401941597516770321829088586541911303262878004492730547935553992092966032666250548529413573246069951700257221564995895368546537226574392828823688499435151742701176305464301115114716046964898989576356315161329879953537247864510350637549066741685402378796184370634070476132640841652907609540689929615050071150060337818820182361607031019448288061846971328947833879520659094415312044824721167470855023180359826028262422726017300320561078576108462987472460070266734116965548915777019542248262679042372619583714294 +/- 9.23e-676]*im
4; 5; 2; 10; 2; 1; 1; 6; 1; 1; [10.75275615799546272954632305882932394963224382100138172663211338683546637808619552291483873296201552570925630871514088923983205386940936800491148358131788007008096843078665350304547820191956395225559865904966381676066664158008860334428811064422660608785499066008265722411188472454830194199405835148823289364098107974726336714282087881660502204172213103240806831794816047017466102078281149864236453998195093742020200820096581558777148196695764329771850250396089629411097161176923523856415062254575913139816814068004650743039881786306659498425974499416342558686620426968157739904173172192097596331793641381987687298287432626950590511195617011459277448585633740906715973628546462 +/- 8.56e-675] + [4.47679253099392908577163584613090931094291663778294417789682071384829406489575855998710683758760163988774405386502874066893391672252715984671868036533282895776288277379894382305628950093236525027341026195441044610335913268791317031717736847724727811110516637055242416445025924893752459551603147229552239832286567124883386907459679505299192819115665307797007011740229887129149585639965105432797749752078556875738528423005541895166531794770460807815753594447733371803822967767189688239702215738772303042720470156671124389135762056044199904030617335783801271084580820721539090963984909397945022440215996583809484047877194947256511313738949441249974170079959990721553155220603063 +/- 3.30e-675]*im
4; 5; 2; 10; 5; 1; 1; 12; 1; 1; [5.25480532451832269346143254248869996097767818684397504366590434626417607556234080361914081623031039311881866505165391526476599926203090755717230886589374018489786101622058714111525831764130956043180573239727670738763763237293371245691233719785312226269580446620250916625630484438030840189063723499179654628902173296743745361173034939219470594605731170178982883715281111260640983630263363792878874076303030762818312323810077210053792749644736435714946073832882232084593108468184085905861694612443416409623500167016061154981559800173611999685892881965907400337555610879192233066326071939899120115388793041640436852175558495073703550770497234232285653673859014267143602627070748 +/- 2.42e-675] + [-3.36470574872281877366439550357191585470131737065007330382376496446256824259236987975995214798309318355029422546105110669690707216933937504965147669990234972792103507175426734903863429091738131185289665995991803199648949155900854061792876744476683076901160978930937635906102625027778114358558385243030760953002145177400711721898088939507922360886441832831645562538777556246314133769383491757029607054071214495701897697216358842399182285660049313577030815580071616776503120182287059883711946500912504626863358410207365681715714059708746442442800733184843363287253380609752299153591962175575321810604990213272097234166580883197192921607620596906610015339419399069529455543707556 +/- 4.04e-675]*im
4; 5; 2; 10; 3; 1; 1; 9; 1; 1; [-20.4035187157495663441010792700437462536946936716290696272519584418857661312015080216627942123641656259034864027059335961175804207315028857488568231917664173945443520662493479176433360649750243616447822627532080806709476089798235121517055151999127152360849281782630035276386829887341760578654787829915437337197482730638683218212127009814029805519394584959725927521637542789750112208713778248209909003853516811377699586913017080456534020185646352818479982714244243933042863422037574054044862967516656959039403836758907708427598247541399192729542263124726344996846168816552107665959591913282558439473021171277643385682122208461388271054161589794199870411120371237943560695724907 +/- 6.22e-674] + [-4.6244891926594471272667202539907788222716360381148674834389811184148242778293812478960496071796996020539641730613306727475327372424279350702325378126293490276820072719615956373939783842063135681718964560380142474832479242092551055777773065767883062345641730670836706431670877881077527075115465425108232697787046971571577406830691092723777643254310838178577896748810792983464531468468917783293858088110584670205159778515453961228843715197913345463776116238588606910258934277416266895284370817997494246138893409464516515238512416233787161412490908094516069212523946357883975496049684679633154613095029760425271544122323081523403359171297779975409585556471915443459194030935766 +/- 3.42e-674]*im
4; 5; 2; 10; 6; 1; 1; 6; 1; 1; [-232.1431313400593700449299723225875364188603759723813404706180800113219476526229629901193042524751360468833624791395263325930539485037431895342325460942558329522883341857335095328847255257146431401727311782798462383974723161170955590781275228916586533392698778404112168790189337966216665721468137311105556361319793802632941974427422243416225523350209422415917277056371788948768811256905946557737989926417018595607186368785283850307731128474775808572052635948332880466012057953514555316028003392706130433649460812300304783288013875874448477420690862012273611706164562347409920440273042373482705924513003918332727555803609407314877252584784688209546261441200636555182481973032480 +/- 4.61e-674] + [188.1975264957618275773916751866987938466507562468688358940952258399806732735777587659889150370658177873186774132508813707601306650029278175883934381761055869874623929242310273147523026118407386736009904070900813196468358918833692785640544519338186637883149874492954393501233211307828757495540888420869721456865179583814865279162923912118226406453974772514983946314296940806765770201639187045645056450638697676190365783518532694472437282033285267473562700715941503843733679895657650931302506592828756363900624490010023878552892056457184415389093084439558843228716408545134598966345283602541330047474950882326102130246248275082568168755681183075914015827159763162151612245988836 +/- 6.01e-674]*im
4; 5; 2; 10; 7; 1; 1; 12; 1; 1; [-1.033215033766758702206735372334840073711637432670029394656033492740130203579365812687895412032147357682472141409936039205799482101954527279807092074933197722087556098054388342650643202176990583973377969332771955152780828125260873931064099679883935242701787948369046666129108479450719371244887962745283529988923260284724494533295655706715165150707830887164144415073471707519409614941865805587524028033586949319800833946025250269360611933352337117217513229795668370847706808946594510392572105850751225488139359633993968160199155743291616398929281509156830521845508950366330938207811938081102133319516005193951794820003777474258040000068630347607923054332663526734891724211530173 +/- 5.37e-676] + [-0.5470321134265673683472031721431247989913607912523213505525918849491885137764226134665474316311110728600750391676305265045943570179766454426888399669620409070774399460050346742995802277312596867795483934331430358404162375482014546214427600016072886064376694631963706300908685450382949183697913666798670344609988046810299097955157968003012439317368593168845040360100024506428890134663392728764142048699676115955305062633992730219172747569434817994732135021725625252036313729288038808907191160512763469347558236460122912687662611703644542331577014150124863264296268986004500754166799381976360435961271901391307771881542095903116703509581703771236644894032674898181428096547798081 +/- 8.95e-677]*im
4; 5; 2; 10; 4; 1; 1; 2; 1; 1; [-2.105274374416584929529516991380197257148841376878848955291479617429118239247115616721726520425056836352638394695711456455924389331135291136112233768091663781017515149934435554236229413195809704354160460480357724601830330384800005669542417638659166413459991300341163138331918605332670799782512100668789378067983049480836392845213357015769796930141543192330358570702796364128303093411967717765084165580282628961593488594380025012614927066823051333430913191297451538798761070650346193629382672951875014816540987184587446885718646453367084494152899051691414541430376138848119276142940851916195884103266146350661849247691026343590336581079931268073691206618600297545681133466918992 +/- 3.97e-676] + [-1.077417204998503163568914946066575416692776191986577791701925747749107104301718463289290019365592099687427426389837216871151845111542717085971111786013352590089952253850473262163494842358234093491996149067830531457520231669825951792200664152576009037158639478121907178375471126836879795140649608180338620925415491715377867941246419356814435328930426207977176629504031667197407665504779149641719988341158188788191392904557653365397364668994730702071549987953238872583205941738265686976124518958107987248241180304940268752331704325939872235264584672731619475928344874489727477207399073477798581351159290031821624359976148555015500961352281702992668833167545360809887704598344418 +/- 2.69e-676]*im
4; 5; 2; 10; 5; 1; 2; 2; 1; 1; [0.3757170302245180881673503957304676365906946308570465294399027905280537278986076648807711678961288544184758467658134109382665939322031125929788204429714362246519590860226649985926092936956187290931920463998009920068009734559697352041207291234257194269175061764876332007207291114248354317090413271027935472219267175492435247176316492726349519615075791438671517471242788647556611654071330467475138186993491656815115589401673280348557475827905094015837135554399592176063378920743267880430772469086193099132357777790805830663876530779960643822115521545326183999593867892326120172201630609747825511369646632399410333377634618201936147741403078109521732387733693452851007072799068048 +/- 8.23e-677] + [0.3266448710168632163943237907973720901878681556153184852004813843476179255071609710773343980649266015406953317832559701645478449580741531812199479004065094885557342132061664928052248520030469517871604465183893961777127449917104674405165422680230310579410344310106542211396393068626620358412321699441623761222240086767735163821296656837273911990437748253619938885457561881115714148402189078217454802749721044429155211232289880084929469689645163623638627679357871132654305409515275113243259627795941409785566245763903718445228885169215015382443787778206539281489198522142131358136222362071844717140832781417136630273943962994214088571746987569327285579080820045472087568073674445 +/- 3.51e-677]*im
4; 5; 2; 10; 11; 1; 1; 9; 1; 1; [7.40090779170002588292817931679497354090679823296506234161751284900136126596149326437692414476071626028718840631930979822220278420707097379520191596318520379485116519230443008113894060544622877731195040835608626677553472968505437026580873670264796576159241303247683263779456909374324313849618955864490437711389463940455085857931571484544791167189783202326287943078980868363728862886377833362563240669459437083189477217293891031251535460843885788796770153351169568543253524151101306193427009673071076889301765340352509317598078341781698168026171677830514366383273669816939072742144409684621533119212683336876792743890130746525482583132409628237899239715830627677354051726170691 +/- 5.00e-675] + [-3.07444336475508337640376736586553728772649988164459186272827200887915884361647763095796713172621306432926793442000597385412857058510911370414290589385014835394359875740237266283818470263107054703289498505080034629093641662016724678900940929168895619666608456266411385098929893192491925101314858008530305528255997722868224447775701921935081018888560877281350467949665262487135867032072957773262555423503997950475564405317543851840992544182250470215735861638979526753063690220625502438028250070544604978935060839389401173913646311452597252080766200261870308391763078080455440196772674327351063907538321214681883382370192562356715426052408575056084420914865223974355688460575489 +/- 3.25e-675]*im
4; 5; 2; 10; 2; 1; 1; 6; 2; 1; [1025.3714544891389263864604660993035240820779626581311976362164905930091623936717475344191896788156597122767893610174252494671291354985370480042327459869263270861942689307719876814902661552881149452870714945469609114643931138993033878668861890849743320714413865591003140700882973201101558364794550393357317598078313018937408829920102717910413227539121499662223530364589290633704811352098598214646980121486062251644771090475447810805658857618777230456784810335542241112715738525973155652681755582697688297170243230675831309117432175211817891941034701826034319902428691289415508874782769277148904121404404670453236304073885053601786967689571828973633753155609220663813508932797927 +/- 6.60e-674] + [-60.3266303816170141043392949054669300913977300758346024947667845595627009785185439893388001538306011626578200945675242699781510704656010134649001318874458919863166072566681098363815417357549425187949371857702221743091769248973683038423197768561201980229083358302372935617204935622275661982147669718086063157717693974804664538642129184411889802736831174967681158384057611823651737105406657329761124924860245958121651856315630119429123693961612127655624133680847532088121493839645827372119973565588312150576052996481039451197480652890360364367254965359920374611758484100831792534699175306246311354392286498550798527023775580870485921302284864171139793860297704236863547820048180 +/- 7.79e-674]*im
4; 5; 2; 10; 10; 1; 1; 6; 1; 1; [-6.245698090984100062021444622541456589344894503693992909974706041946319208111409975048385981743282823354188253879086176723117466826140601366023093752490251551869713261685596923926031904273961114929882425073224379251557617019875360279270604613181800266183919349526218957973791039005717574622366256121303756575903671880224403581085927427943405116228713816413855628034001724884163354215776336543727045349904855752798497995568518900747079597843905845834889572872838478401833158038378577947497885934410877383576226759519726994013663242468596552511931960420576643276001267064083703056812683708142452273577799822412976191289342727725059192443425250050134187521637758314460260342598792 +/- 4.97e-676] + [-1.715628152673420312395147260710458180367264152594280557910671966889108330914477320830871808458449084793855119508395520731677456930220750516388347194775046791984150515288645500031441935488579068091298646259034697943505990380285605822435795810376581949359085105448551262575557938874105955842836569170458649306034294554761541177000932514000754395838426216347692081968715979655677286515903292624263993104470692203649879465772084369971098752778330007412364158210769346634253309593487036859951257193678397576610919441963064437138457380130583954634303697759758532356490804221208094145084933809772471214873864534391975734005428471882775460744265955259870040439521472428985284254084286 +/- 4.88e-676]*im
4; 5; 2; 10; 6; 1; 1; 6; 2; 1; [6.92361972170173925910916946726066208185532845855800565548487782171199826227007475321782390388240317832426733135622259188702306185023159401718193948495376978156564759881228587226929609368049617684876366882931736936763058383406581250841840439280382667888074858433742281383852799329037041362932105335739503637677465327166821641275193053022615028909661056429568395544135308271750380351394228086544103891755543489438094028940362966388300986776567718390239474517721468578637135720636096397150426140029682583933078303010062698449580299411792223071394719726787756113134011501468307527062669503383037880535870619386590222528187545234927814926213205824904157896379145737994876279101590 +/- 4.17e-675] + [-5.904056843726376948454104383927862059276307862433487851294705282187274165444121961706414469802101176962685823548611985205057272011378395686032995322226463387435396773241733937844921003033364882517977963309512840481443878357318458381569127548401430692381806009900113101846471500385941113305809001207308378879925050536642362256802575789831418128930707127050116982163400851029841530958235166285354388956296504045356024068719429881922967239171872989470872777885778768603830022606043281276053927927165216311306390641427802032155797389879700382135007212646888368388664959854651704318201751704337453935234341675996357378986343277755817566571244200871721056775695000233486259289644476 +/- 6.89e-676]*im
4; 5; 2; 10; 12; 1; 1; 11; 1; 1; [-0.346890373534155515592743055047040582334153680439670719456815403042567493333312548315449512156604457928828543610144310589196380441756304666215885435895387854568544221782339374051911547437283591469977081438621984412819791755693095570351277317298939900613340984959869184904024054245208723914271668995530314147898727300803541697396977352442512397725586904365189446683746801945863786194674970695214944549790157849336397812089652349779799564966178894903665188116037975886207159576554083476834408547726697206794980493808177977565123921499761473800873011106073114245285255345519788495794659480922002007962873357187294226241700512292516479270196590951127669597147044862521151109896457 +/- 8.41e-676] + [0.295258710279215990502785587720020827215643513040513157269794011174278075679588757198449584422665740818589353240504933573536480100304308281666458316197430281126491243450490208771689011775007167766011376712172155281942379329378709447226407173412766010007996221896824512726809112257303636423004008466435568735836221997186435445408460052999034793691799167693131783909067492287785352724987651569171127119641878147049033105211643505081120266459426006723243811592096554836899663160992465828429170127631185157583984294719892394209316398056064744616167162003797323178783414911445210080111818342580334427874479370072202239645911500708670076813414374599348824734020167862882656714724181 +/- 3.40e-676]*im
4; 5; 2; 10; 2; 1; 1; 4; 1; 1; [-0.0502452016848682320432888820948437473441240240841903737321403341817098271230922960401256481703067360104438912679832283427778505084346787894244544173177960599127926800259416984738812691004830403377152043034879114886852905592498866795042144855930601741482167748534699338823468533526011776629545148037606888892844355316197915897863186332425982061696647601519146543523589743304390486976850302111809588485497687006079560433687056683188621347717868380687111048215902440015990703155195428707119800582752033555511721553837431705307528103350419257075601157241924317440473639528675112201137262870441141880561312728257310038728966737179838468382356095577223418822057766631825749741963135 +/- 5.04e-677] + [-0.0004564433482127033017793259431210586324550681924766716802391699695388643633138704329559372931806884204184399010199125369194595772625356392657315970070491726710940388821125170502388727529808813199488409812736946662732139278466685525801344994866119778714709179473555124190880884899004482197776868567269036306747420429934375969617911460512713738471910811333839646215463766317163990744116904651355144988227026545057131479093519042519372723698588066035216885073787811841710969957126709013822027932640272123644819915031309399045608523558817519657945493065693649831266701546178644073429057241209572195832681293091375743664113269744533263260055999169796514018022268973520675235080797 +/- 5.37e-677]*im
4; 5; 2; 10; 8; 1; 1; 9; 1; 1; [0.11414735913093803611495486397465341516665306351268995081092564767671961638976823678835621769415980881060007858266704968488279922500547814694911917133761630486919156498106906167056080135256974179247150814087249465000597654311470922044647484589613503194655718467350778693754022092301384347285806007179527250518985818875230091448198579059845973981094090049587188845593589296353221134825117761229346722118500535927010147640803108900520207141578563478177062882425281969252989015727638993636874822122842466077580988901986134381638348339549509886588995458444929510558969424311338508874419715283985508981420534002139764959797695308826831830412617032441095519994610288917316478040431 +/- 6.67e-675] + [0.06768227023129404910583150223961242996015475668305630561605068193120020002481439008254153283915043260680230621549005818682552471999220421219655241694483812427632507078785385089194084738054671555321073589187743589222876957729777869261562611365967774396711492605655704122931253393753287460992006019001073385666438893180714390541548827256468095109192042863588201355104766403976653144825516570696781472551554023316012888850118258718001094531452096057336661919345944195187403561770969179492635897099895341903275826917090544652780885641330191345447044578995988394161584949014362680725264253216704797783070137136875403736181736402356891046545186689199931357644072800891182197019691 +/- 5.78e-675]*im
4; 5; 2; 10; 9; 1; 1; 11; 1; 1; [5.78943696059542033160216164423740932063221423011468821799161503775841469903812922418901085498694406427783689747377110921512210480438209069776843757558229315375311153119716667865833434885647034813344624948589875557806042438557982565422484713411596241757293597804867791814593134992303966725517196100707112414066931235593853080953947720648112102779472166615882986414706316571015411071832497906433929556763852907809865787956797573085516648130850579584798541707118467237052519406518425139259992136256065457148409309798641380222824516081747831570626299104088165644900888876272811857885149646815412800837039766966857207624506449711183264653846363742606481407777650428474689138206545 +/- 5.06e-675] + [-3.02558123558191725831838126012287432252216090864344930582453038837729113217255191438561116307589007335496200101362082664619768917298009710806484541368730479678249618076011945996010393999980487585415059565270447881381816304155690399259700524629829140176856297274794657751847427602232729872098882664511631394306538813446448025910143706945063527777536938158378919287624887694676770544998145224578158424342781224983457376763213667624413825169700103745211638658398849476385333820618799272458124315822872495054043383865515135224970328186133751699406736624103145261952430323611849099755709793170970950321619427845286479347764156105778810452951411004794015276905240800190603156363365 +/- 3.81e-675]*im
4; 5; 2; 10; 4; 1; 1; 8; 1; 1; [0.97792853299821783359908746298621276152868228572593895030441549432862829292696018288300979635622643007628678328741855930219293450527213366511459361204527562588359971985140605401022841821794809908420831642896988943019398783113851099992069141204766951778594255217332095643623362719546195952030170615227516474301262012176059138780255856235453083243852409460018926871255846160729341344010185563323823121243221544230409818674121192567200501163470451104978568313275499190351401670167082501819277600133026169559345337383926580711288503251905397023951986448026710169508071344890842291066572191593422373932784255783826300300305326996541171036373534984089004266705260433858230474431848 +/- 8.30e-675] + [1.64372509562774408554728490587870492616238783058949931899683753051859480717269144087093446740010814415952672765641771523812761407139408278003297169838422488846470318913867355725723135741606966744638376324530477773922143093573248845713909913994421658335495417959627128121717444484732117714072884085572005235144706394833399457540284406676161705628443179874863110174285828416747960252623704637983117546093889203689945573102930009972272351245829688404048952009167399483439310985024438852417996536164808398653886422579377480990782298925439704013356766635498301096246628532258081921365777151710052065333235438275064438056170393593166440516603272330312034623011968551416155377619179 +/- 3.41e-675]*im
4; 5; 2; 10; 10; 1; 1; 6; 2; 1; [4.681291763705399401582509911302077720611412111320153201517552937692337437124612251297600483558296945538333338270621053243734683444174729589289995241783793113295715588761048303976411457134106201860629722674830867204713375250653598997961275855654124855422089480217991463453496935125783338689166879516795141238136277939535405763508515258339474112508246454032550903279452137982315162777833343413150215235532454976947120141861947008892324495587121911184956547928111441773666640437171757549913981057624376367873195364088906214889621345963141770125479137155733592798512584659923887921275392871507153352518764217189612120755045760156050668241138312301258968722843708760311594238402068 +/- 7.26e-676] + [2.333773913608929159428817107539219717696207431322209330216921749335247039946317165537028718801762919893874244284410738998165490564242790165155585291017591408528964858460483240926086976395863620227754175369982076630255014986678223831750739124758773070902440190923495206522561312018679756429556244474913586075414880654392162868981695176252482777659403343416641877522312703092257818313710142476493284026565083861626976136860784968211833129280855282282599488932466323941790303795835762680075952678685951892618736412466240377922144344214527916703858201389869736669483277135676581826205253765555969791364585760217962448091698841980352002472872480128618134057515344971141548962843016 +/- 5.59e-676]*im
4; 5; 2; 10; 5; 1; 1; 6; 1; 1; [-9.39612564801548815564681963008973054436239689397271725978518558467286150781221388479307637454558523085600785864671282115593031141873459289638113251699346859846967393820715033199120813745951498723396695139433431849550457264978148227095263465374767183470907589121347625690087585960897155768026833781584214243520180338005274882715434301006944843894749613673150363745260608572786416792479006299402557344120921752249367589325944700968552482649160684007704683993888063544620883539760176004073594228578808463816635601734487391830964601019166012156693718173997182161301364084030994603224049778813086924774144629909459289972111346705080317620135060534707673172753247585308827990851233 +/- 3.60e-675] + [-0.50138313988790256371432253775107214478611388578652995846048319522396108083536446493543249358969764518276848566395547923072678006191974478848348896209907016380218333358326082439426349663526449477545075170670882561211345188331202776474795253496677924877383027641320096146263376028842038788532268136344967628470046310431190896723721384190007068786956490632617398032995051293240615484407482739417826397701028004535623844323800416345574132332981749706862327428720063755527437171423048488160903673641456150029883008108490272142240502942030766635539074633490964276321008392001278304922737937591748153769011397933748493145504260074009679793193672067108924118200805816568808819836126 +/- 5.82e-675]*im
4; 5; 2; 10; 6; 1; 1; 4; 1; 1; [0.184840008596285921937754625187512548743659739137181951099545322634997228374197087224779079210876231244393356677686615845878650713572911638368030831910986827401788286694519627644421295745187073589322186496484977038588712884176407947709147373853722663190313740232253621102654028752105564223271283132424891102230196589662095513141544270360911635942051919625177488625697178966313581538098988579526951518007481621637918178347115596077291721657677861362997586460427202320231112854254649839987275370041063874719253280351164916682472732957678296558345118131124436330810402992520690647992755676882442956056636317001559298165653594362816318446767834179943861569561438084415982257734112 +/- 3.98e-676] + [0.032688449377563649983646232211761221031525352040663298528792213283403718442444074970727820733349447250137888429370200613143690188699512967942799629811000315210540026017096282658237110845377064337770385264557755007804136416884028771932929732280490350051388235638265276754274498899658899481607415052712550597363242899494114294927800392923807618025026766830009279956516863050991123444530302775752715193636066111507767512829426609005203893051293024827543998138629242234523848211248247376472090387052955500080858792368059093131448344462520536274614013955924179124036397994538854862366225507478167806276738979417636895099799041661263696260749667987490608517121049344669969269031335 +/- 1.39e-676]*im
4; 5; 2; 10; 5; 1; 2; 8; 1; 1; [0.30860887331605777767681184859359387660686568676715166779822644252401716672462162962444613360158460022309301693570171649936407229605530012411832927367859646585034612886284073912772252312522061744612196196205310493244315423769236903484890663783574308944905139411482051355555275998565272390002066129426761019717295626472036913933651258519399246724948468305148878091572974468163954863423588011232139680398363117752425696317547811143146639480911874647905192131531304534652345395866508838563733718098806949553337468558827153726775200786559379744094173652129389125255274851246491602582005936508954793050015749681765541736660879315367117698580905101447873953526255377345449710688129 +/- 2.72e-675] + [-0.69139662582819013968614595051749571438611839776684231962751454904521429574194169451387142521497646143579669822059146860048596880244690869649320555379490186510943305949002140930668654915678847601997869211231577838103138122510478695808546555410343276094456073639501517616171745418738342150463222109653953422636571399500399831082319035656998296799729893150423348945084656741814072130226381201441055865140277258713075687593794319170411779140982331683020298865114917302631061923713826382812793264687092303907748374668753094289119847549815258132401000031224897680975696817218216916399183057632780953550589649488777778702304316494428506449064248689734085530474629041604218532030141 +/- 4.57e-675]*im
4; 5; 2; 10; 12; 1; 1; 5; 1; 1; [0.697550988324588342600162576695890359467643223112999422701699791446493712930464401371380092608839867290319664154205417287237330674715178189345493171143561838677217786924807288080413135201612693296861650593000642540143475385114354165093412027800357207333686323963565716675610426787685649510233091491082876686853896711718463045119801312357679387929979724709817069201382432114739042457206586941061103787549986034892405876482857807873762945506272126093345545855766823477387171798819848174233279253179573968137144865184482255435492010971860143739528716071563075998131260530164942222887290122754683690544188816124409656344674406767918627338181644524074088748648761479536024268180774 +/- 7.49e-676] + [-0.181316933271134929598596284447127765312673938389042156381128014725670095444013073500247541891516889553731184421101541831840849457713277655941417540703376346552510862404563964699626936769984609471831217871674033807132400824276176630420611961429051453061891473405723455786688282009081410827914288601929859840006456149086598452273815883702301557829119201963414942309681503110558377373316228484089812757426653157416688488508954171070688683263472695267450820659638708392958548726142889494509696479218993038206573044813146369827188917781871258510263762908573933840454436451567185700026318869240306225194417424768556551786292085590458658486479899011511460838044344560278141816002642 +/- 5.91e-676]*im
4; 5; 2; 10; 2; 1; 1; 3; 1; 1; [0.374072442593062095188535818822491146786133783699225938129856421973694829865058357449530081824002473843117983178333209226967797182121138251797698988293308836579748874486126175447673097875475612522733464224493301570571817482385455864547981266367128121159990075777064975812068079412630559955249846087478271380589666047259590074221408887706965774011858859951182511276728080708654341679111964938021980221203108717003880918899576217642266296636011943603793532745249654886097375648755040443321123102258439069725173282173827494383724338206618220665423248816576351404770184015371641760898613522374439319891875331167047216136070139850676168373810599881404742484853086353830393728280626 +/- 4.75e-676] + [-2.832218228212468106387428037250562284506591059438134581113135995579747852728887401991882702446708664715884700737852860408307840538663002879268119114301379203992370872186111596193983143432418087322495675901652314375450390401239395369113009247842169163267364276427364609753171433404288677240699884768304381101497358388443118421575373834157877050901518765139961096855399669758985185263154102565886604146617304050111267654701089874754831601487285517864973200716547926064729328385950899814761492486123151507904309760792178462405472384199424809151262649074232470458541934617901653822001914699575940568739099120150182589632966812081099430595720518955739274602086636484347748161986457 +/- 5.51e-676]*im
4; 5; 2; 10; 7; 1; 1; 6; 1; 1; [5.789050229054063767940380329945109981710927332885052787815014732925682117741318044762497702192215892553725307557722649920906601913883255510670321814668951923747355177573405266674506119736837339466984474439194618536303903248263085865752442724427025447827102730912450500142276774590606291056374701700224336624792926209671438622687078529513952495291022031541445701565993806735845442003989783532054412358139085966307408938931331845897023086370814599946725888222320601272323437863077252359284479894013839391973322751953468880253474231739529959361322672481248903931529173531913735520385275316021107379617790475181842028155044830395122501931514043258668521608129947294705451000761693 +/- 8.73e-676] + [4.039870821360224841971188879984887914656280589754090486377554391769607954126279902167209466520948845465584256796291344634572856161309341577987508604196971014263768532929402129317706437102627776249455244883161890362340794645234744466704926515242808120106586844269735381351577840265324523655828370229468731280803105287634426289745110638016531765344763235044487421988490193931563264154330268176267277088543910783822475978520710001328084310176044515675947299048340851838432359765968950644383342701925755009930883218713756311706687546572737620602260587313711555277363239643809539936055749101219821904641470663575624457714243343173013857105915693484697451362005351948347771921648159 +/- 4.70e-676]*im
4; 5; 2; 10; 9; 1; 1; 5; 1; 1; [4.390687719231059067318059934591291377911700013519972028688503292256090782212997790763027027185118666586941985496458099246889943523568850930244768335888616740442853345621945119295893344757743086335995186534790293458555616804777977375645012569388711298155228804492713851147996434659793915061757674366625276035664816778412791675133868012626510306755264110853937365330146764810357682115338616000081323403628671316651357645727714353977802740029651390312725923514421093537217398117524373194368026837044546865595640684409404833422005804367856403523365937674760116936881394420232062001601946932070575226464396805429583671781411937029371544641472543557460592299535110649550596113996281 +/- 9.60e-676] + [-0.719092891501573651803061623435878723693462019980269686299827699301601413995611510502349436359222006989112285490629279887955627924696365914974836221068503787310228763922907162863500091615956758717414178480104120588370618029209717620325115320095470130093354261111931966962907166857977020784774493152086572356862773576948143893315651335479298249008330214304388112417965789736943313558244426496462252126559796800152630105569537007221831531570953446403257919767029216238854293808109643497155025386803779244060741417870581604427324317391014621980590500313563992429463785648549121252757142709691858348167880444748593871338710646333224852654954394209281463246264519645050993409762018 +/- 4.57e-676]*im
4; 5; 2; 10; 10; 1; 1; 4; 1; 1; [0.055198904609812140567874916584144104169904521157032632847476898141631374828792813421562206300971401417449606250777573854797182076942904630074958663215156566535021153448139476784352361214261693173609129218168813449545771656786001286732403471872117537733592666613759573814479797399962116272068356555761684308457466652892308627875759746885761032275391475630868073405572700360180097014837503449071879337501694251669343800482463701029876300165700644016916556551363740179937482619309223878858680639138381400183528178842801882604746239017881814472042533223875441139306787384855081175339781247447217779494253599740212011462517837257528666262129758172852358614423917572732997411626116 +/- 2.11e-676] + [0.0152728385059298322560466506139808456452335329591594219389284664000387442573150693651890395922901829192718266823253273328102815527682384500039100530551898826925551974035992854344891784673527430367657427200882670844456268996410357611596582307320206776081594127330989142320048604686016745632631283628717315896030920485728251427956088829526802455492395879195336563327129394465204597651712959404920293164776219712325451087065958408491720209939770463004609996139092880068325247164313013045210711975296487645332012651000545376660178269819372271557410066985935377865443668296133976087365409990068522421304882047256283494586637378232109428607544171670067621648103156769086560091857633 +/- 5.24e-677]*im
4; 5; 2; 10; 6; 1; 1; 3; 1; 1; [-5.99028019651474486136026677450160694994564977104588967748213205196581176988657265593204552588198984707620487846156273575586468200649689234821650627524877392660388531481570488057609683694621821418791516324720946439306867477643675412836151311194164654464183945828055094085573152821399911897686185098050675990971199258429190090965567787660971247337903044889693195121397800154523513822950950815437783051039780847846672536098811309918439489900015308683205646038025805032312976179588126625782526266424532306774772239547377564613119704867793019129174868325126872093498234877874907372109926748350795147781134759858585685503196711872127502283406345896755305439732690163689143954685795 +/- 2.10e-675] + [-4.334410960252131183095803011153234572256947129915255460707970049482588031924593436785207846271021862138452901061944452617663464177440015392470215639508511874142612821481206127620732950479765562830407242182948507946436560254718608796337956141033489284540265699602584645780655604670763164631424822629294684505169833886019954905713850442034132029461824728954962027499647603493080612544449274422015071318475529064520550809266545641493159453480650597581142384628977507064949427063302806096764978944657054935913137581966042785776755926730269949462839177220056527672512465454742308532769151569402890863999286528113546181408047173734777408046415106568842989972845566104055749187401443 +/- 7.94e-676]*im
4; 5; 2; 10; 5; 1; 1; 6; 2; 1; [-199.1131396694002566281724478100117416754283584088316943846144294175913061934230940648659803066750182878194016817390126844081450922698341652896334756474408587617878780617923827187109064452054357324868205724351072867429399003034261707479628973857912775915970231041338344190107976188324893669265363163116224648048820954001701948424422597309702272390208585751392273678208698303524113853451717710315889904696175658539899327369193273667448045742368617565201105726024953880609551315058756217904071518872229037876312968733974014851753836920669835432444315772224315226254535344596435468207599584898653486724531897618254719255459933568095991398632251143058849262012964060115934491475598 +/- 3.63e-674] + [104.2898629900253147477723408040667233871872569266194162921367503192923962802251562852682784551783627573307604984948753465328120646047460281248296909937332692198406727511856180806174069431481817865155766766719096011443218766257347540960374250629115950904601641398596717999692706726340463758844191957471199136783085477486523180468219329387384339124161843139217491955682995270816913550298584218188440643791641635917945932673738660794050316058153881614924293977181345210517510311525005968195933145529747339123762749789127715370268193152146453885078632822425845674098646182341005368024532157737272747982453302226122939608794238319055112056831664885743944201147443860948965272931508 +/- 1.60e-674]*im
4; 5; 2; 10; 3; 1; 1; 7; 1; 1; [-7.78243468809636845179714001502335982122727556500403476843557201311971191298272844279110972639473195666417899462606124843998672878932024677052923807435213498411350770555262091026545092919555769381648641053640415021254409111829998496239226701249465543419979721454933945875781375735451229373453539399819184013447520020409650916699842119386626058615590522282397119375756488032684855128871631319732335092976804361528355895166359664264789818462813122346298727560350877445757760717398237035943310680141087885227581505089272571401519439065033424909845151162173216883047693793780964640606391608731152803243120002471460056327877473131193073859028189160804051979432171095881169456639120 +/- 7.55e-675] + [9.97751723068079462272650429890242153634457101996162182919786100338578410187276646567869555427303095522526085096321352740274960660172364666278360871408882348737471772627216638954115943002925282570146864948489530894059965607639172581368775365155704950334673277708856748494669626312198393448317921343409409722160991524617975194673112696332988027541621534536157440872233525818188517627446038429771878883560461759309100025708105109382034530854106773738741443329596498521379247061239918881018761771782489726902259707083138044812835889678071303588689405107695063513508981984634024349356588784191805549824164998527982736639235134098086056437621240687566614905670878236650838775535798 +/- 4.96e-675]*im
4; 5; 2; 10; 10; 1; 1; 3; 1; 1; [6.448697912099294457078304526146817346002522048202573844456567683463401734077622693301066630073885202725491240999991669597479249262193779800040215340093402617833785759871104514217495910106103057460033633463116105856579486114296075202611193317780778053360594085629714759860461520746144207462535026053158952657574448003600500185772888389182545599836383629330927995802785734345823163924920356422032425552448288053210247996110644780913485983444507880842622687853679614914688632941629196223257705260228889076939059559750385263180531643914383517778044996294774662311030602006165083214543281120890233737406457326353598309118282054403510847711194160728332618779537076888008760946048578 +/- 9.40e-676] + [-2.289866425979160411522733475197031340652132462885323198232116978013880125127302508592217725228592052692281033206070644380165931625134475468338928620559849106161566569475665706238573850806919768102152940431006378515965340111139665565711699084737163451257776528057781809365191822125765150699288755366309972969055277011682336496748670459322132209938250080444407457732821824100015251585309639617643023548752809740696322433947701406500100754843050604723070026599799671766123881330902784439257643755732213268928112570499452231440791887197830925240937924338702629980186104745253451551379758191500136271981258999036311664848071343615960371672230867283639455687045959364349285491151795 +/- 5.14e-676]*im
4; 5; 2; 10; 2; 1; 1; 3; 2; 1; [9.56213131079388136249339239399767689869028233082231324904031195177652028881678846399897571625029251710778979382068805382499587040113320205176709593639387987139669482344796577441417608455763096415029033774579398800614883261874536992571170529857230105826697070235508487202891115037511311554300015222128766744591909586991853938208522976701192842485847479880629990211230920389937676560968856837172798302766746078608969868710027784518911016269094392131004159008988893991039384467421395966031119333963247204575746010966888566917094183750989405145884026429496394441601993149435809772975708130056363069281303517205151041932614032948064019552926310110480004185867130131766348782773336 +/- 7.13e-675] + [25.24020509605055069676719724560414967114723395507560670637387099503904644720272981455150952196860061216020830219026942592581669634780081004315085799003118526080709066772691831878428350704037615558216900129049846790580908788677124931547553638973358728872203018044245074014440213562625473006001728749664980513726878801569014021236938832935486409663793791342360703268394978696725793371222219122846206013285868675754851220358330488645017073136222875542682275780754411434013177005235362388603608452676744929519201588911679824505814777090365506931076687455278238088087404700360635640761197720209278743758783988767729449390610168523828966103322077314256853614092621236738545620066059 +/- 2.93e-675]*im
4; 5; 2; 10; 7; 1; 1; 6; 2; 1; [736.6689397278062648856840138412968549066764412210227445305377549956698670459798010687837806365739620341858852154981168251480055760241481883689104954501133655338815784471830464749499104371734478860601505639562822576804496240874748785178371716947365861621443039299965092345794404052028208223529182806345152240278868559994214566572590933090568551503482916077927061373287074288604621334386236682857182976997604375098029132810684115584382183749569417651342252541610757567214534333566261581341173568865521731625807261828213716689402971637416762974487294816393255747412800674410669184902213947951087445347527667220363177806534002958094532106295158046416852661448636822849392551283376 +/- 6.93e-674] + [115.7612995855546511401507360091442550408017258314704251729921889642841618491898624274895713131855386302342958784820228310891571056610922785092664710272008121110660932598133160092861030027211193413315333788816534701724022714182676838061853167122025258519153554256272472461740766874570073764697512246981172044970091472249278906321943739361405012770760613197480539023077489542445140488223366640242327962176677100484762402654243294715459345486769609709325647289602795923061820712943767920764478005398513152488184953109867298004800955005639379073978324779725121504976706408508641402540526285572720204603728998894331054970987882916978817037148767798394558945357498041700425925224003 +/- 4.23e-674]*im
4; 5; 2; 10; 5; 1; 1; 4; 1; 1; [0.148053516015360474232836364696713682350918003649559367149447447922873897058986439169595188857480643743539772370516089626949942251975242497921410077291245097158216603329579138917148472580237962113648026289749754764687394776095211865430710267823470873785031927562095289958596885543665278553434703514099096854019648257518812601882593557247206883747092476317662181077906776737103975079101291990668244061453933231274968264571874148834948637829975644055424085743719713944155267317189270371976447180274064313130995698223917855534392156571178531573423250914238860611772089504948048347898653062747338889682309547612615942121387375243184475041584877436282516869324081462539778033361449 +/- 1.13e-676] + [-0.1807907427578784968165248289690933186475384614643100634307342790391065100275256366713406120016294872578795009614761295330647615076702719737556914822676157021414875550403860253772415971637104947261028576930717462059855641626557279768574238840257171870988055686335783967662041721258404031985851823841638237688996475185594681923755068328847903370944239048724935581029778219376869213869113829100244100511564722343188555473906906268111624104192245298067372905014174449496368260223763233938043353298243383692102610009388468092426166082620731578932041950428359937166305505841288996651030609644102259679445294847304228885505013220314531603352236330040127499143164018451899246031039210 +/- 5.20e-677]*im
4; 5; 2; 10; 12; 1; 1; 2; 1; 1; [-0.111090351358222952304693845629051223805304252496671566092347152333176379922929335377448332230627981557165818683905330890978856693960473066445754708456003980506188286757845089736978502575631833714967102464145149791821615550917183919028566292657066112779455946897667686514067931101053566034366191142259223308485810283409439710910828503427179004108248660181462664742514411337606090674122509886943349115069342069401557258478515099214179319445534272650572418650684780163424500929600381089005549065266404151083424962240018959251185214593118177311814553358863975986278245757773217230551091549489261818557399802844877495702035550607319630955106257820443679636150708840402497406038187 +/- 5.62e-676] + [-0.034007488655295622825698793682290014116681547849834473226422807700720371791132947064559736390260343596416416630471949733100895521264075070106147179907212000983654788266902514653482167608710146135729664724172620298199007380465830519028171867383458055176664296889545846425304089158524930841869810907503935113145504747615233984589774630322411208325088919021871686373420028303154879220328539795670637667900625783655700001269786284769271259321244252148093666109858491740061017851589355655579012277225705655941209458916852651811532586099451010057781601438347209152187762250563545081397446586341352883893002619877015504489365644226215702260291609821104786081498395346990176526302738 +/- 4.29e-676]*im
4; 5; 2; 10; 6; 1; 1; 3; 2; 1; [-0.833277202472753369163416057798037524390608604630357006080147459261491920534881735620731049879429447450943409642373097982390479899620250645992700884102495577765885943523473908941467895075767482193998736018196414143792548733649452435506747721820071667681657466525207686801382450700321113131167872590016556377406269306089426156253303162721746316777008568067375507034697867079073672231393001819600895021661873165359708515604482663237988218282424741514335205627881218076304169114906081403568454084879036401513552751292276241312449777505936485814136183744566399720637458680169175713212132296144681960163001134422964477008721343614738441900543677578321101201261773769109896985618209 +/- 7.73e-676] + [-0.571935032053409714176589295474681271396481014093719167914716409625685058924065393647510168965980140851842964315148485311331822580645912398560770698997483532132190598284170105252168741434032738342303955718649065727088227554568456739568325814729897669013366267784058286241056182663305118745886361809463275203964324146216131628419118558956454570670140954926636620618011366490237222156913873674541302081304544267227106033999620598097872389245779448156494261107999781757823477897592918462160846471554510177444980916525724993125460176942802699813956593117972745224347744767162479895435866748486885680067352369538880178619299374363021794484826661345899607881697185657438031270565580 +/- 5.62e-676]*im
4; 5; 2; 10; 11; 1; 1; 7; 1; 1; [0.15200124185776625802848769230134370213199095591122212871599188662224292769855861788946387584773076590614598169283600813629677100815166807537200960162957092482271498422888129143433663299658961061036235034674065414604228463213773315202910452299909573662200960249329126101682224899043068774110013487976710106678586919458195377021726707667202746629365527348810737808977356925993459413430041690485381229185208778230425619386718758292367531764847034289724379714482435606730018119939278495741601418945849718958194757959942391501486700779370301057963099882855454795391483891869851619587303846225929227663756213898750536452241867541426985237359430351970814847891007807351564338835344 +/- 4.56e-675] + [-2.934937110770788219882521240548462557350935501143192449768705957837475613828855613053698517033561702313211996408955067036711436207313852332837853497501884828831113102938219858490653010589326827284619956478011773365054671818335373076804846384350517932339712455666313195815938445192612034626319970765153348585038956035088987840027967778998838891093705560132285653023248187418309754073912844944972334952683546307041236626748355784761934979778444508879213972942663252445794013309162036143473137554777700876855266236251120069694751378087618118288869914121774375726497523519390537964126001847720590573096289957521278897397722435672403629855930392456405354381618703608380378802549304 +/- 8.10e-676]*im
