4; 8; 12; 10; 9; 1; 1; 12; 1; 1; [-3.91543954731386514728239347099257328532329539672135408684573100300266307207953691674959105179645500113468847905724416998151035806211788586652736631192624110244012677347986729577565878789558340561659399388418179521120027195875859345252217016057242385384283255823058636046378372275915626301424264014985599536043130361117065461618190562443258322465758373008139672283052827272744509333441034186276085958291005263279136163246633160232311242983988169504102972228304387423844752192899684390357239932553412015742285956623611987333115342608814010382969597804897419312961990588603020128670193193569445665208074629074582346673835607426749424542027644491050459796179254294694389641853244 +/- 1.15e-675] + [0.116747388957408968330557838718520550993733189985094747773977449498325814533637554962957573771576584991536174123366632191673325780077108173346579319294336868550001951772059913440660298693284510705497840341536006308154209582649572598500013402828905827021088328405850410002445585069820696989199914912268326039489044344069403830007866680057269804611594557712010071337073555307690719217928747486850600634051449985307978302000813012255434856137539953934357159339891441252954235209011705729880437001619957799399092605216905054155587360505665227879358159930708823129104441036392061424986344408217473343477802719835909259932743203461883536796575990302003046084009530673892255503219111 +/- 7.34e-676]*im
4; 8; 12; 10; 4; 1; 1; 4; 1; 1; [-18.37702208307910049488622516018668757570365269578592483416220859629611274992376721345229282021367934343880179525282271520264919050686403835993195898395720344766780076827016610814827022575552545768215296097366307872517125734802823901294989671541595159867265660167709226474826161622129127239268867355160549660508048261820830162859843257346642508633141517960296259542124618308253565073879071055011549041875314459304224006230965679919990426103972622672298902671942593904644617341726024972743096250668602503070844426204083817563547011091796001810300152697373995535284277394905788131994838275326864716776269887546395046025694829147286425506932055271251613560952690036000800936981388 +/- 5.33e-675] + [12.15131576893602286238976462268182412429819731220283885921960238056589952050923242021873894495847998786220708334244440651435316959862596378673479934706846587049294360386193399346296492865523524062497884155032921020202491620566259102937448492480056550558431105907619575303360507009731213501170464694388539084295460756687467021142283772283347439985704432009510980107597322778427620634648363961574844170742765488624460168532020910221816459988266877222420736289531277014398747994764990525440744583202723701743284363918137186162102061812505971359686649175894378625361005100916863468063334793381205443113883137001270886460381977939114821804912789533794756045438304335065332376724254 +/- 3.39e-675]*im
4; 8; 12; 10; 3; 1; 1; 5; 1; 1; [16.44778953954245590434771364378357266899231976098194302003844906116075254729853430352951397244128657448848427975499798478050164240295769899060685503318257354286835917266912198276892794122231460590909550587281276018869105265311241938958902245228489354054019588564090260882218323850528585671709673493062903252366478134953154312499051683667555615853373099595367850302125834707883146397203983537601166996571265860583302095689528847313390814820303887726363350643231443791331600412935673419805275662975390943264526153452896893896999994650629701352421318632194475169591104410201191430894398389619280588498188284312552568799807131747258266421657608055427503032522822304214170389743805 +/- 4.76e-675] + [8.57025768344722294647149806216007028574723830801548854182293182885806790973823120410630801112156454042019372595016484571768512936327526517172500051070239986843427375118825929451013993859589170466965547813786641649920726451467889249743467700252720210671513209671059945711364608346634514526701826457735892323517332445727859239774987825229884477154876517044482283759638353761474702620084552788717729497479238207905150985458515369238779629995309141803252425023830431057837415122016436264432478108961804001855250257485779864665659350850762569309798837066097684435986240201193908425822914560148258953401666783708955306607712347032521265227704919394210743646142201259710745370843726 +/- 4.71e-675]*im
4; 8; 12; 10; 4; 1; 1; 3; 1; 1; [0.259077610823632614663328708232767694037201842617058398556055050138945893982753757196835095714372348291541935832944992896813450107973634280109480278029481970052441793453250019637556062355777369065629792474118228800680218072277638810158765726901679686649836492521176086728958193400248164724629730047139891293533917757963492059542519678761774327220803809635818419765239964742699914236782023794026501499900343736932579973363822227415204954532423243009322814809162408384564479774824884541612567125762059043517652777853172124580196003459527212278153464238410109857275862873901666868874695163749430431043060879599467262893014265078511084807851493643146716243638958579105305534718404 +/- 1.99e-676] + [1.073271558364216012619540262315591418975044133560606856862346445262585245865177313106293849107258392310459746153409500758616150137586231935727577324212855765626277785351877074433982298913335101271309710258718477233608513320410820886943642218623600241306618205813544186735827990413529181913652576103963541511511003236792298650906360563592631621733068535413315699119208430789505413645970025879298890770740332303031230804883193086395645364626376384412068130254761096126041856585665333136796137841539603736846862333951256879384641514835680379802095548798707301731495954689513209893937355384964928018688396037218151895789672167297593345342085942193560352306960535082952128460045939 +/- 4.53e-676]*im
4; 8; 12; 10; 8; 1; 1; 11; 1; 1; [-0.00419615253484394480571713753633772682386127009362360952066618401636422016869784462446442518981957755165963771096650782556796828635789500182655328553880812033803852902470420196577820605256232780773499102188776590427259652312290305353155048628774608504306316782541382309881468200847563160060164900738520713486882984634091854036603914343146898570344318667573202625229610618682174918874801122176382406677058942605102875683863007054099601497885671078378912661671160144674365960793757202076160275414466047961314320383361758326170921425993388455070158261259140040508853335788475919382100143063666410596863658964725595086458181373491613504000801860072231954300755323437023863848954 +/- 4.74e-675] + [-0.12892776627359890321181688512881676922451048400314650686074308788791329143868966217288686080239381817531916603428052702281046163078739425354563972277830053697501918365945461063301257400144911698293246858322049248669006265496670614564369526783823945952129639811728989322844457239469275158501877258104924828510015779775587923337111480997445439242497405891375135609445755962295930008027746399596633423464397396322593296149297539678766654012296395527309746871287509405962026251350119379317779118293852321928477242914057235466908265039688327596073777372623832634507198577406656581765611199086039611524989091613968547400486478189980368245618415360825297417537527386531134261466734 +/- 4.82e-675]*im
4; 8; 12; 10; 3; 1; 1; 2; 1; 1; [1.744194492359356838867223797812460975744626119461297776412541799652510953020933010100794535246022791153994659241158368463610588923672599020440600176104672786787807399751714180439476765192625965310160909587095011699189918492818448431337619399345372531847761852018727130729686917899535693137257654005015568021185497908167046818065659658773195474775908649376266650419654446942818730384913905229790789244474247243544411757286541312144491897791960509564753178159429643366872798790985927816850072091269248989133596796606436535224748076028987541835544412410083030196391464476583392958615132905741970979706977590734176931264530549252865829959395520678192317025040179276071507513622921 +/- 4.34e-676] + [-0.850264150859854998913680863241876285516972603147023444986337015900294832317820803247153925315142218382142332142120559050705359389719288042136486158684842564466151993539575640942886766399184004102995051956533719818987648607817218588671362358150350615285022032015208471699764981946691605216641865392366091565207370468264181452440567545689697275050181193904210923837252241119037315633683248722574217010761504123352753136056416547380108827594645169581419107192152301591910189600015641441023338093900485524368006922556779893832065368405002682142353193421921052587429595474140535855539568790582617150823337653752812798610228796542330956636278615246335718215637732755451422121100518 +/- 4.29e-676]*im
4; 8; 12; 10; 9; 1; 1; 6; 1; 1; [-6.88695621114130905271112851649656540922595024737173819777791353808875300036440888313778898432194617773524122677764234213868013737471776109828936315700722870573584527129719549773903018990902135165204102078868586463494233832703175071415181140825234207686947552969264756285147060304897967457829980757200275243312252828487675540482768826717469384244006974647117011338989801631689459370185887752753017277141316166242656545631412534253484739035802525283135701386108845386292531887674835158052769370448374209560088591565549770900762010910027365077962265241644237840087243006052576709719414666229680329007322242911889562908171426704581193404520965895295198641129957985910244944167856 +/- 4.39e-675] + [-10.44637064998059744414823807191889675784613472176974851430983889537062611988747289893621876151957071698040252914637667146546863988207201073449223569838933558931899099081872288339625700154708490747529381940713975561161735869926773763106140212520656364600449237705431857183776626612929706172130446117590214015310801124168576050955396694339542535754631334013282015546593808007728085049512797405412050172141037088376175615055512282807405219027961867392135367199016479409319595059779527316960566737023099989036913586739792076397121879634754042078757210524451451604548510899427539761308385305686130280312181704942113011975734559250339726315127962791299431691845866269605916248418564 +/- 5.01e-675]*im
4; 8; 12; 10; 8; 1; 1; 5; 1; 1; [-0.044472534645055436270646480099271886350047873440555910679818282470896027320038648631764217751937256672962947376767898559782021557505785720818213137692865593813164831772571265296652709641827465884936509232507897514488761572612118415078799270263906490115294085315672780941816625882660355681594247406197026579590576593997140166797851161789814476088158974690524847212842375116115184264105336095171846971987844291454616015961169545390052117358201359471624501653514188773292388311068991090436785085204533997887126093024409325991710486212913840874031280830754276630631644600360874780397328540462753105585922647019507931113244797474103804489801249359158069467581062000550121109675890 +/- 6.69e-676] + [-0.079188202860523675781863378966099242098571259072617066889892585321691731058805224869661495922060158466368987654730680672173414837181305352045130738616069269596174516170271058874725591332653742145805784218213931672144276503196462356330303010721069648157339380123851621074663318174135235684913772660933956033417022736929787711548989455408863706553454580336358010875968094429068032070601821398095341951836095381709850249779989476181244296313446239373742928780298213602789750890837364327475263660477151986796780777443534815670395313892911574663859390278580930274206260731088776909256575031589305025366730774429603635898455240010136269755640837938483253629592570973802956046562551 +/- 5.40e-676]*im
4; 8; 12; 10; 3; 1; 1; 10; 1; 1; [0.99055625082729026116352375636550900257779577816631250780518094439413600374740313255471430755614756664432577208415898655271318315202844966158269299157090032017957835105146585531535940804620527069080609389915671536543416639642930177873007849566875376963637001476427844633866670399693681959771464763524867007046403397806274996319109893383378892051261450810111525278828992514518637084507297843843806487223413941736556847575632476302050629976349829542446769853577410451871217149998032380434858270484670374122848584811078346542876959457340468786075256384487293633745879965898324196620542334781276605178345697321367522754065102332854453086048784982808128003871769502406766328507615 +/- 3.92e-675] + [-0.64719118243666924155792191615626673237742976308091300864941273364885686744148673241624935826560190648308053658945767085910436577485358697569650590887603794000069389553249357537495209495731116019575423788927341203856559170468892816921672510738667648129034541165253485334272470405953790362816698414436438485910293393952374936603701045451045281154313610816450041273683806281443549313630254410606164088873351854426400216158789132327810686158966446646049195256372373147416616632227750737836844920454137576105541707808389425169006828169244851379941927162712982403513738887538179358450991127938389337570200780284387894431174004313246772613245978908322694082910847412527245976582407 +/- 3.96e-675]*im
4; 8; 12; 10; 3; 1; 1; 8; 1; 1; [1.08022128362598091553904357549666261778423613580416453024803660902530325416204032023092421398476343806053312436855945415972287649041851599615875269463966421333624305800941886702835337847941611116915570854969612919876660549769767335390244457076448273360913257887780292918891967263288190906498773974769600090711633505015276117034888900609304913574985674399116257616969773672473095303197345317509279108363704128706180282046182553162800603990683944461292185242355386066638337384684808771787242034225899708792400808624319261735592612970443407674057218516551716775995925868587519099225432406810616148837182990905715189881545932231084557063560846223170316117678492420666194615977240 +/- 3.26e-675] + [11.91629601814768627184367382330993970064710645872874412060978204435311985720879078304466183543191491679453435114268921492015161072778443737931617052513256346427549883120315693880797173802659689194556256799029767236040525806945113313919466998373514188273744782177588116634079323720792628719008487510696651625870015199067261123583483799694786802115041310894357535900664433814222775151573078294113725962074341093071335425055752713000761213196105705914443040578780406151555626889941868172223138891477196402973556942873461866132930118979780566958501568850194585179685175117426859548145794004378484747772335906920840331811018316156378790751095108705904290643672847653800898953177760 +/- 3.54e-675]*im
4; 8; 12; 10; 8; 1; 1; 2; 1; 1; [0.011482092892855430890006685515405983408865961324813919660497475948811206606711330852568708791368115371421313281415195995485679662871202860488646304228805794748808853685182552418954331714046890748204575925106743912345049213520275559022234812726639400138657797907352414575143446092334611278949110040954972983246599533878233885724898287523293783198433162095846949506506117904204111693379072621874647832183896316897514941556876084609809532370712214746001683248005548571123383893897605185376568188844546011101321852078134553793795023081816564557936803565442851126659413930448943111931579971890144890119098001677680492697589707118582522045900448816095215999918721169439304077745195 +/- 6.44e-676] + [0.001444546300636974705221564497680328255039645406223097791290616030331227191680835433730208612720588278036865806010370621133784076100632007707593475831166546325070467898254614868139240075494323052846999420374279191802044921563641991590560845267831018113791688781655039044447821185785431393450276057600812884884552257140491523283209084977066597484727812757505230952621423821933105186574514650405658583154295683278271326813255012323910165024367527308904568769605633078488946893472410778915389198663162061593824219041158945127126512520672899025983681271392187383616353140431271607757452778749371234782797802613755061101116474647660722332623231884052406078982033545455270903470307 +/- 4.61e-676]*im
4; 8; 12; 10; 9; 1; 1; 4; 1; 1; [35.83327184539550542225037727062015084726069031031180021711744584724195964903816537674270792509327552736314658947182271461644491079180909310577285275958949572136548384221136648060348146299818962088670400653506335877703014217588432217697435126837532838047632287446457670244881746478275397765296679004787715319596474946567462763402327286227045943215289193585011786407223851481522759746182328278572784897766708903334886674076318488967249801316837773344191877469873567252176980218958434884768737621909076208302183211949462736778434247802219452634273712260742011019562558653375225795628508123185865604452605082783720938800767987424710027991981016126207696478439575179058900214388359 +/- 8.89e-675] + [-22.37410314199079645279014044160916676191791804831008457256890259461573259146189320514570427943884304077415143522699733088532484197925775877965868499089664552149178641596399631831903686276126037752601256571144145806279531353918488470668143529006269854344446438724564170826384549636245877997041270376274487170125380486293935998370033235807561416082831683092594533950646104642053758885360664912297007260159829693070293572929265596395549819499070911400410078182691217876646669670098122046364132819866947452884747344675886160329389303272938477928427036291609513103580397038845649551034962511103442063352730890060609150187787731671721522844752828054270640824327527341066262352227481 +/- 5.57e-675]*im
4; 8; 12; 10; 2; 1; 1; 12; 1; 1; [0.102346521066212113278909859651051899548836699240466225288492759324127969235496221964211880028456665573602481197643865601452537945482755581605333782249755915939676302114825109476773488383606267577576433610613776880533215259506822986293468355064036748686850748064638700241056588206250056471785787452309970348987721135977644667760196269244456214505882181015531436814557987325399608505330831058636116910624642990280230344213075078288291037035077483626868239526889841856626262869456803968935583552436513588080773323571533444407198038501763192552339481991238609706681164191052119124423261002591155540070741347448723792591257791926879621017982203429751047663349045894829984071172898 +/- 3.90e-676] + [-0.082817919906090711289967021199837467710193199062658579539057127964061113343501537394225778243138905604052011730711693259166583008471353585561272848241565363066476257529585845936045408406549037953281828945453543255492580376247549025443195781691851776302775862979572862021667930763989133565041184565440744111621982580280495824842923051904277602267702717454513600311219669414045735475487444378488160766604365103709568918399153951879612055951914919535998544140429245436605145299912835713489013034615030400657244109018315232432111829031882225341465000553550194933760057211230958879652908966739794426486981906293208333349490734721302372774565264738095013754671383627070980374876059 +/- 4.94e-676]*im
4; 8; 12; 10; 8; 1; 1; 10; 1; 1; [0.12168133401957617222485478092523303711156384383173668500612545947627106214040589945868292877412895162989408705914296194824060219295885676504517670969147174216989711368497101220859973732919389055198006729017323995891540586765972341294840469511428507352133325604032652693265907494092158999861296726355008590693926787367805454360728485189558212270973652945728347332952274274073898390492867755182483555035028768825029778421036041276239336424239364857043719238582268470707321772186591624339073982914928739055123926289931024973726302135518907933186978848376896006235582769449599798277250315371408693239231923684411467897630626066839460867603287980809194867922526185014443622009054 +/- 4.08e-675] + [+/- 1.14e-675]*im
4; 8; 12; 10; 9; 1; 1; 3; 1; 1; [-2.36360076481613538275365541093436752519181140359788286593316697982672063946259337049335606271805826890591135381699041158865233923447819168410782114739704287054411711823181466066851133944954425041445101248357986214489692273236452164430764558954054698607884983981722646779167545969636153458279160859807870749124619177992124913237764964067859137819460240919890064552253172868959737492013466838255665507924279293008431142819206366310409219866712438534384880072056001221368370703004493107717116932884075875994587044722536875937709452505455128263424264440911686352900008347537532308396218922485728255921431640107374541530652403148943078885111347066392898029934424299390025060932128 +/- 5.60e-675] + [-11.04602644293215389639383614256160927507331039055675566304829442799950565362734885535101067562343675824627880385563065338227391595767543744421098994225414647719745950885989507475478550476516172615175818226958626592089690867615736401754751448201086632686453313800736926286822429570746900904373347155160811531150265124630244760920184475612653683745084244817255965307091200981939385438942427495534932377813395892914292790052498730339283650800265031255070940354512790240110844767483550215576008781981013151298201358271429780502397274430175505548057496152320416746027863048515276440466068307689666202229782107319031286472255135926061796327843946276534624922590483613855321633836601 +/- 2.23e-675]*im
4; 8; 12; 10; 4; 1; 1; 11; 1; 1; [2.04012147606400231006803457315126783648589126938030957483961906883181686415662968507931590132559706764328213360445261138981326561729558973084706159471405719998096418816805129119695440000860937546247172712437803806189567722573854840719426928370462560497551508396752316652749789088709292750125485979082059630420384528722683725762443281999371509402187267542351832277133229368370927654986608899651233180777146700408554883852387096488378407383431988791017367988279520508788365756633560113640718740305852764442792955919909135397611627982635605893768942415140517063014238565107965461056180396954959901991538314798781894544110791274425497042033890938952173812014486956650055021347507 +/- 1.35e-675] + [2.839367077042214310267547232736793555091598048946140801875644171418875357688115385355306399570616290224714243012641047910178262503219044328166619413292513138325748984863956189354019900956680888652875596143674415302750712047032914057165937230776016442553998301539022675417019487549051707302841621474091482479555600932012459500964778083264424249700252799504070529170531435497417080425254971602877804756029731652864112047406407549024759537001618187437537570017388547794829332931938591845894302170096759653070946899967513151022657303529209521684432434811074955952595226933588103263658965181168429749520741517965554757232138187379628289550052109195944299682674771981707873343231335 +/- 6.67e-676]*im
4; 8; 12; 10; 8; 1; 1; 8; 1; 1; [-0.19221120211620697432748242243655379919263365624634693383737792732546338959621788842275328131050285829966968503834893239093869645176678603667271054699638634567172463650892562378489579740760653427634540775893316413789422140945807622699361202858723986134450614476314782162153143548564704782016034475572236880256317445781001196897877023459155532977816002337182028009125261531203911091224103716908792424271793370146550569670725468848593965571339295702433269047232163918705433285564670230162942103041879493044631715075557335635578322044039870523919102471971672793487449896329028836538345210904057033232120573939494980006087840436613335062010573341974243751145551209774993132492008 +/- 4.53e-675] + [0.361811966692973038224490331267711482708206290025787271870470575271066878632309761104092054906580443394626272884177495741896615323091100966098690960856795602445717246309705266465488241877904472825081498138386623290487401136626300521148797073876002986932859942559007567205846352213437386882328523406790717506753277012019084889621980744078882228374260737395344188433644694008653867161040687112416263009682322477772406038427266186068223098534786584437747727138642203102084523705870458842858549322648555420577247890505572694860325627056896236248421252321851865817097412518996255248018598020246368544101320401524168587009368775853334507343161880630057947368497830463162287932913200 +/- 7.24e-676]*im
4; 8; 12; 10; 6; 1; 1; 12; 1; 1; [-0.222180964824977712659868108647191541927873180124392485959287592041452630511262501146497330010789247868718983433741711932346797000057098943406797064727001526825125174922019467443972640993130636065690058473025376399662211808733369380374387432439760735924399496951421432428668932279012534954809589298266691570034521766182612098261108269448794089253054609319764324361559923410203094296613603325511294944137659741859845749351040748760378842652192203504619693687563889710781265120673237972215126889101552793932664250741723228707341485857110041575716257155711883527427689593311815622263212053219854405433358339759875647784519376894354908413198151617849654016322100012420792052119484 +/- 4.36e-676] + [0.134609015531716526311543022900599286567528743924051572455658457078087752639283077136223052681122730396686365436604668729621271481705598071415363426447342659256605424990663247072700897896182958504925776691669261114631223050535649487851172759002149568964703411544531978875984448317661990500170307077378369509779354386271822472590557737662970239228421382634282398319978801795418340734549020696188596406608832118940119442883009609520734658088847038525038542166477338746191471932610188317738515789167048641521043389984905487733110514985772468807167001081462378584540582615735230158693508987032980410370606603855009731074793999173164256128761483992303680680319601393004119650110174 +/- 2.56e-676]*im
4; 8; 12; 10; 10; 1; 1; 12; 1; 1; [-0.06281906438511330800434508729704366088725276885334788689479858482937461752577066119610020060196942678688461079172492825058097692436147052134556470350218920198331210350115466595268769729488639778898749587929493443061325819034711052409395819932988226084873497763542441435400217358901215346241975533733730843393684376648947581313335043689632405557265137988043839414147358510636651224435808222937701553430989928184807326987581362360819560376639039445306621928395082808380365248952151307386229926486191996773685856712175396679679841995318358998973063602219622749253858079795885252929063502867984738531515389362794524482240039162565392399122799771855768953730847069550628350966255 +/- 4.82e-675] + [-0.036668124026012828484645328049288420533547969383395283906636511556111799844608181622907834081262802838743102011771567647425628944706830943848608313618831895834541505821666286025054452759492108891427409832660816296061976532695737147446179005280863856965595469946200193645034900746087853993320368025344803418939293964385701237476154745791413072843445026960113570823173426122589383158520870011919827079308822199231079781432839657217254768232141848818420573309934132978139434865621128379879084641390468106425762612344994440684650136228571737829437987330155184304170088477467603704534529338305200447230277589938961602603545155119762075838119264929764414595667069899912046220972471 +/- 6.77e-676]*im
4; 8; 12; 10; 4; 1; 1; 5; 1; 1; [2.260883338534685994895961556180568492445925218101488694347799622052708178405607779921798448886389499831449508118096180681436525632639618159698678774898122149957692170056319268016598342105315910629227381133756016038027131194839488967694578910572609491310531309836948856844626413562803448868283728595607657208154874853546043570824430159047706643199709564256302400098989493625623651376652782574891401708835692455769145221819395341608582626925292153673515057279717736195800395900629765254455109667049530064903803172915174629344978179322309653012682244102148447571952911677912805389268105286128209566506986462594812711865931853299033168854753583271301762491560932749642999532560267 +/- 7.08e-676] + [1.144412162345117516906336864155482704470583146666905672585712061061471824139100802055453351185106742239286338860044792818242021069438214295605722936310808752603698620851707156270019261476673032742869510310330096944665786258493811909787821060828161271497125657997162580695615372795827376736305755139176419666308503505822996621688926518253667953261341495198210772907214722545031728729558149916967835008507936619609651481276152048672167154647472147035482231043714137448359679225696188510075802027841928346000095548909986241942130530624876632996372078138139882106683214400600083870895222356169391839540649777078439634308365663612619077450668916308507336251022006780676111151406367 +/- 1.93e-676]*im
4; 8; 12; 10; 2; 1; 1; 6; 1; 1; [0.83433352527142128523397187341287365367908333554411496610102790865800194020795746747932351085931362324198104624129090178152114142054681557915851740270509540103835364093658556179728466782897500577174314358905635728813369418128612151892430567230010551755616084491500771510095764518448366795586308841648878421057326386410667325106287093254859246380867991022032768912409867872866691289457177365167288861794190691558061417884024681151169111334965342567800467511391646848529821895418606362790284562304274534635740577901259203537653490064717123599210005266543662109869247604474331929908212637983501904741166825901991566155849575537819144220940660937210940123467470494138012980129248 +/- 5.11e-675] + [0.292716209308264276439465339692837659601406895063601154489504617506607354693360471493747107822988637904649340506639199500172076032737475135936489185710095622003828725918386514478145053914861585412215069807185138932661268958478313983021130159109781559058478378758292026260030628669721235203815699477797241354172079973431143706452472677844042273053524919927044077061466702207055949243952967848867711093836469069099690971215292782921900257415895575593823790127727280684312874132525043439787344966515717281418460964835231189508250435542466984043585240036292437844695252957745001671725001213274307450860304370364880787967064938958896835057659274554652307377198862978697866216534880 +/- 8.89e-676]*im
4; 8; 12; 10; 5; 1; 1; 12; 1; 1; [0.002672551307212145452376325157719195503850837752487643215754568947332371301099601359054166823015149665483288515516009465037277432932114278594793297437490056938452082711029048297314964693937662347267932922676889163104920751470864210328207414481923717207031819522761556351261489146897046028955966287597238735951563897417292056164978163825304984933061715182346411899166569503615077683952160268372959325628985967625387217589170346652408315497660855217758687306812328559017898432663375535417515252879994894377584506291631556281246835893343565186547380309722195745010963256756478068436292795773513199687647456456669574275879927250026004003346524890735889705027437253918858217750729 +/- 5.93e-676] + [-0.033431495418343356170166157007986564491222077309046002571338898875481723010962547344722101263942324605500785509681571715552071572613111984720365637553204927892453862216474680504504621566190048177489594072512482760979000483576225579612061223560090222049000638827635386179657736428946619571505106000268416884638202148359205075840324397144692104521275933038838149390123606808096766817277576276359209779036256413628049629279522729068388763146162382697759442208630072849344373835754372860345309899497723202941413737786084795304305701119997083055914901480035712489932641651832913618529045394807871378646565184292422571022361622056721899893022879074022044309487142421546820224135899 +/- 4.05e-676]*im
4; 8; 12; 10; 6; 1; 1; 6; 1; 1; [0.09401351794839213291240770958235404599072166453451457430351738180041704873702855888777976425606478929084658310745233360752188490555129814447750931947157491720200981694555408800558045949509704905399435842953151306739666518236238126161927181904751363117572050555269790491565797969957324975596203419483164872792255962923075747100904089795285794136143202347190617591500658579242515290461996546031022439290323725027021402125941231621783060982100984351760532031717323785972552683189983659483355714563783513112052572922359268796795882998566001965292663480437546057368154709214626280832372957097133578247951682466692737964621336865632864397149030333406108643448917543139575085896615 +/- 5.32e-675] + [0.04811454769622197110415114893843200421430864344162631683091317332257048997848093961856024621018417881117766711836091891379953285534277720729932162156330371869278898846703834055513475988858685668511775727026764557680880698690011750262105721525595716091780148407645657040210794297613783002436994519400033409955326610387176200024155472039031656480112852958301606342839787864314387231714747476842062995430053843509137726027035559703895135398917748311174665042572008441497013306407180928442954198703180751655529615070031976217417039925463703750259462095890871657979175573538553569139785176777871692413882511877464397437940657605831224195568167757577197240274315084237795118761112 +/- 2.44e-675]*im
4; 8; 12; 10; 7; 1; 1; 12; 1; 1; [-5.59371203458848633149574211131871662875919698095535524665702264660711364945878886419930765499792177624769014938557246147985939226062160048856599390114287576537480863000054259671253366212922125400611951761664356394223341565093539869133052662511653114639263229718307708107054464138144571286381326499709438011281163179914295516833572964530890640037277732433025939273047432875965595881257242030268750777914358546075010290249000622292334249326098264221696481308260651216804986833916255382508845158165415738744624522142738615577101527146518855021480490273541851033302874951303457413830111023390481511716276095438378129714769762964825086870925047281491318073594713753547513632298243 +/- 2.99e-675] + [+/- 6.33e-676]*im
4; 8; 12; 10; 4; 1; 1; 2; 1; 1; [-0.014318042954226329815739295092399953886020993124523194062992087548335946306561231838473759169880214561627040893619150563640705399025127301014739705586487985307385174236037413222275568108758912286111632950722837145444313402976408627197704111734407549969442258526597664541033821812680643680103047127319643137206508919879724528650921030541834324199034737917935492110949156607341877769879231185105473745112506821028001253135863391536866000043634865292045857762412317662777095649747197738888370949554908189700307762536673178501304305935533017679710659388514690226293502968382797510497142789214202092541038605817801656085897523158862954906357877228168238126053001855878382338044809 +/- 2.10e-676] + [0.007189636783096197780803289722539548781659708536433964179762391693060372806053034638238037680311095879666718261303839432256948268401629247147900853578342212795907737835288425268805820423802444959253201501378509138004342196324817029692985059503042364471858766307568462209224011380274866465189882138886202876607366074664944917941128278423138479444317677918405459666805225575275173520333915572641832591604556335509592562207089408484530176752424205468913664772288776901504344316107775493975269126696813570761166387574453365786574189358388045315910145631088483694051702285189350191994619266227920243800289558366299308473425035065846908617223613851961060145617426626099702413456274 +/- 5.27e-676]*im
4; 8; 12; 10; 10; 1; 1; 6; 1; 1; [0.001326328788233618977011842021189998483485602931877779383260940417188053257140047785099501608983623822048311725334426150831505531202750762937177905278275425689394805079422870881184143116570619164323329696198007724669079027970573885959583786845656149378627575340054195016997578707483157384347885067081321428453600452836789061600296871651681068507582364566146600546269502880540709725894840637156173390616983639768231992806187612120911785127560414013588878819373554400677527003004119113737865673821108861618467672610474872159230587291770011600344244730119234801129687307592190476434767895757090752920821071418253263451733150535826580294192242700692532089820108504200967014704953 +/- 3.69e-676] + [0.053688895165401907952741386960801664486291277419868105370302483048146748451632142276817191717237955578310342848605904556262537608058080765664484321009862827555728723224327913965249364044156638128484576381257252273981243370304994621801423569831000824105028334905284066009425164342118203145410614266005549489896352100574885313176374985204425633014909553494597217166948560710232170190291492835443378306403643704945254386759909285095095216609042618535460368276193105632289765242636675124599109383579083459931848404887434593518903607632031030584482750977576880553652230446800978239862168785474095248071675252358443335546568754916063233691111790921778871409829840100015778142328624 +/- 3.08e-676]*im
4; 8; 12; 10; 4; 1; 1; 10; 1; 1; [0.681860864714521482607177995268951621798497785546583583549580472968773048523560020150204727814555625919483675345387906513453532893400845317912964080795974704088065191018220764624686360511327679608413709744657133182639065139849496379504891687389387793405196294685927228428970320287564195557527330977310976656337545755527579347526036311736447741626694450414730162931227128121994779099040442991078305957519991426309641814984990044764536076755044859168658248222814765718019073930069570977497000595214783979100442790289141568011174059070355508580883544599023035173667008039861232335175917863134028408220640535734612245718281810154280211621634279482494732373691082185050113404568304 +/- 4.54e-676] + [-0.457045465577961541302006416933523000649057112198757444313092687796713393747825960039336778127968730420673072834373366662640154928581341096456486094541946544972048920056035940974836620671682952644351787135345283904342168606328437549199629836532623000016145537443493531770317555917886298746986931980231068706592182760085476838250688679630904445346406196583917350463135163731491238872617182800242858092401097837166123896126362351139236357196991863549141271185886813424587448879187943908829498201125942077142203011228432061401662799333508930536151777826918943676659310634879424657192798898886436172345296754220918302393415559519570209776386749834269752803492413605757149773623767 +/- 3.85e-676]*im
4; 8; 12; 10; 2; 1; 1; 4; 1; 1; [9.22643931005505791843433315298695925333228490555318819067491697933393046434705084487060119928211844845171141667775729438855308614352837335035376424434983507671329569141684662288545214352238021680446247532404602675262115892461411221350351050297733124818754532677446770580534686982916264613086307999446967921481064150765312183873744502889870269419145871654529089826153997233920916786090061657131087252109981986028345549780370445228312539610501173962739470046561605417925647929031763008520813073872371718673323025353389736730861993749705094067953474783257050484283214627606757284488572425279942718220327142733438556909765376971279612454615653117281474817051345650512081745931273 +/- 6.76e-675] + [-24.35537097292673934536075347137927576664060227730327856711433061156199533015156555538476512002222687747531995595647339616355786869297589113875913830989719348181429045067094576332171042411930578396045017503142788067713941481206048742859473444914454989506630423011739440433375732369524689869390062526169180267928212896600858291332935890510409348877391990216353270134832616324849262901542142571725816252689604658876593206218378242866956406123500129364633930762053107720214491297117974680222563519583971173506482356920143913679451839564212596804083038939595116385936625066850812519436711600807464643006190695760294508403372564965186421391976987587909455192646305980829289804697389 +/- 5.77e-675]*im
4; 8; 12; 10; 9; 1; 1; 11; 1; 1; [-3.823946253502440347560636904815383514151251802993408207669560580392843379565496144927835959619930659550419841397659290756285858359408294962387165486095565676640456832917038940469827903963009933571655040673008411925525348574940113864966184894686990350383617912353460525662695153318179325002995278190273270831758456436970086148742818087894651800253271049111945320486205695794569923124127621867991280332145326129141787910115127204020223966874643807013518827508519320329083826646968783684296148948990067245992967276404287650070943850645532753748056678942333118393792938862247792488641232448683410100717374000135980464224049889740805355794309584072950446011045755851784376211341398 +/- 8.91e-676] + [-5.625803934930915292529626172660252297347106243745593180241388695906985467803194035078058735090573251755009469210096064612612216697106986943660915647882041846662552356650296173100686035741949185209676303170787489382393230148490588094736359176683750662984947360589167545883810917375049770711888363168630894696978237153001677840170161998213354777211022716484145886466740310145606269065675141470209408330856962860911565388162446098901180531785363015778691050784194014248399727832996288777210602949835959684512331129570157056544935747874641892020440440135767289928030432063476908861830555322799690278582769108401358363501202530710173917278759699324732509806580152894556287404345083 +/- 6.83e-676]*im
4; 8; 12; 10; 4; 1; 1; 8; 1; 1; [0.109193614266010246860460416034987079466043997278501954561772581653786760625672929119291101525063079471816251161964663731860155105808215957244390960814316590753446952397183869377824447484583265308757853934329558236703603651747338939851936247650401800275629611259898000561089051876992886262902634820313245770671994586610689359489552658233056886222854544720767705360547797181004655917530596274190836689325393664798251297563464071970309028298917579373922473400715811392561809068842340382313950858414672237781042785516668358374211410455489417869493954375251053393000313817286947877664932373856828722741477239962721141887763700807152262331209932879945881230616098541575904414444350 +/- 7.22e-676] + [1.064950524087662964428424492382065387817158805105303200390243348482314170715169268284575683072169930534984535688755568921970638832273679413419269821832294844702182261679188123629449505192324107261273390807136252589680366819735748460008297231415642954702620595436604806361444532039270196552079318969304354926361420288735920142102662657279260080997851293417983650610773822666140745961798076852981694987549592690302003511598809740526367555584834616795288434833266844689761476988770137522244306397398194522597835179991363154174318169988410940927695799438597491477311149884119006964483601027849686738276134559543074996639445549606491289206427899443576461994194354363907024469957961 +/- 5.67e-676]*im
4; 8; 12; 10; 5; 1; 1; 6; 1; 1; [1.268554444186101310994053178783096300834767561722292759598377507445916288600215196096771371831383323628132083444751338720221795274886552648923569290405181220140660388129824005268717404302520180485290857887277178264246474092906276015774594222691881061083197202229069010621204624677158391361136471734736124519034842070899971708571607302131825238981515944134109770924572300182716349087767390672696566613288226077972588820998617423500499294576275767589491064660424735063012886630610772704438628401884301021997446402319861859632281351005818818175696103387687632627330535225961896891629590236611325531620347117537163497567077223719896088704154727980261659873427374159680849445579204 +/- 5.62e-676] + [-0.649630428458137827190670298886172078308352373998414606300803706280475996719823169713480532495115942300091232537206737683446586883200118019695351458068881234238462999972180281132113339181871240845498477266382026573033502171634566666881052476522239555599331979175721802387080809177362517453405584247553945251712776324646534980586535109140758819269270453600342048530475982982792435996723265575488728121501515505177201563980830151980245107991915115966168310128766364783506142597963226808386794714750168887523267576648922080904234146008065886557300294116926505586254691828451895586257524376495703625430231985714532793088108421312133582150457069552290865154668407812068560684952464 +/- 2.35e-676]*im
4; 8; 12; 10; 6; 1; 1; 4; 1; 1; [-1.156117319460929803918520461256509583806303938958410240376219061483136808929511444898256294078797415760101355822410672228687276558279559136113727853277754349225646874465647676287698377550597901688140909854259461412015565192240157267390293187865926665829785229694895219443640152340077052051270337613206788076499271016829075637085879302948447065358519974058889111282466647064776929762502711554398929134142042698348965942801684295820818952785497656335471329428518841384647495381524743916506713344207446514284393003694954114723634388298122631158054268774082793010176541172917920009487617975805809129520211209430778687075040615631943518782089577701366346030513927426906341245640799 +/- 6.89e-676] + [2.127730742713270765153570362079036799718210237121485048708665483285033171797847691337022567164984362070535376526354359579872172404251020015464699687853850953931772986371962823980991485534164225178371911507416102390461261919806413001582796848087126171584314560893651784970688504830180674304823062872116467346548875190130109588873077997814656715854600741826880511348834386259240598938822236284169667482028147646014095308584044940636292018288301210059194090389699361540822470976229298222217057424350951033286913508408645678465621488943023411262541763335464457570179450767762810931834697046633478716821979416307877900245489120672064860424976847721613362313582244348469241873060298 +/- 6.42e-676]*im
4; 8; 12; 10; 2; 1; 1; 3; 1; 1; [-0.439836910497829161213274389820533818139265157860837482298841164531992078943471506871660140898904190416051207826836260408857283715673240412046403908835336461337319974145054664097936909606144037820911184698781374498831157263251334780837353373773454575929537114312843421998604639742589317190362953248317185134478011720990615213115271508581378880112729066311140540215251236096044673512282472076889637076094267340099327044486342174645589801544610970491552830644106199899561409329875315003280708073914084600923106486790959095119293076424363995280125064447655807341567424467306234458376177203074351304710317120032094486549068157810729424831039781284510822450340370199817553184486643 +/- 4.04e-676] + [-0.377659299556896415968691304692172365963028639529321752212840540634915762474044264012393410730937297606223200954567358910348844138049877236362792742026459326608690468106382618906716556534778726950850480192752641548075588916329264914475862192072649199830659115026221695162559930524623225245766626261237469886362619598386277502143685467427571716522877720790660840397741777274512286007277804983078255073901199123218248830298171616511803028889555190317602021258004516829970926127260926667920207587158476451640724433773948172491280150465396792903218417093859947521248171106835167629641712380137796088648652521410768898856452601202360829280719930796633957857728710629195436970234527 +/- 5.25e-676]*im
4; 8; 12; 10; 7; 1; 1; 6; 1; 1; [-2.05772507077542059419065628516205044799264790735351848123293168542986544599714934100681672038024836681484584517996506030058834458920790336396066760132162084220002778346544353872904139836838670812697390518763658711042905605442062252980686736476622162184835195619715145453744194005086388307661797243515062541935558364211423332770686745489154213762148279457216191272014983022316142434651927138502828573772751118128842801606080512855971455217983917191087441837146346701724760356851430433044985519292409802229585459626671538156065699714236379013359060461656464461219446300417741000163283375957649736760520462167383731506077959893103472058654595340460348083552621061200539888255822 +/- 5.88e-675] + [-3.333342833055738723698521013482674986001235969827831912956768319780284922844880423326539651491676713899870168656807390373899111472210858499408195268077289240881826844675201461663880049765598841442967727597142044998786498933938965778749766142814963190679507648957335140044964276975264781737023233935523439885525047025581691906286494856317665578362475824779527655410381982935434614821626146852651159941298809489254290116923175069689884040147526447996289135343253555109320888182888656734622051488376761113805630129516381668798978747776750887082634311774094098491613539033968617261911328103995176635855559413275289057065874965387500182334125917883843628870511707715417425317981175 +/- 7.60e-676]*im
4; 8; 12; 10; 9; 1; 1; 5; 1; 1; [-5.26762319114952594325185451071204462515834573753020447107302836310619842194433702565557669333871011155265748522698437467688479466264903841695990822967373403065784450161658869876157251130467736973626772121689497899281323768079692842203201747785536040795656791641795948763390698447886937005900592944682701059336401425397245807044569902113133407211049722434619260656837580592870617123723622636727475556293101375516826066936780054335590448893024316532729657307025475358432698816780453444078801246516119148128303314536999780516965119791322333842693895612135249594231287105909523267902411521623726154877440075067790039574002008598995813807491146939040304709766973401985424421629196 +/- 2.15e-675] + [-2.84115826384708033266066902585005557454830715560374703122704951453753503174485235763107037635020526621404602443667435118323558869902691782632392869515298384019938704993229484600659046354183885596405944639980703756425493167343041763838631409234483726582724577655941480792264090929395278020809753573639872114017611705458762187119129710981190299058038522466095516714839070156652423439183529435081235863381450856306742365880213257729338254239899784833031931561357066427843259446127484906149697794003093559804871309209767675680066596371152422052690659947757002368860597971310526499311170767889845708342185924363248081807342318732316408682888738823680318776009455722758004685787096 +/- 4.39e-675]*im
4; 8; 12; 10; 10; 1; 1; 4; 1; 1; [-0.04276514066614723570277118717925292078165372528726165514523382871015552575821575204945779146787147008832107711345665572326893709243396139818114463375136528699993802333623104273644959864676036990371284866626845160922476723437416197308128783827057807296183784770362581033304952439067503790883856713519586820925115241235054959967923395171431511460565551989265928026611124126592935617966910707030263014270517135121783275764119828160482993817730276402089669120600776587133868966875548196782842261612807272157331967967519169157377622152898283853610504713785236314724024029862467496050558242748085186567758893200018843870126209494979871829480375627968618156123486932634506171022582 +/- 4.51e-675] + [+/- 9.68e-676]*im
4; 8; 12; 10; 6; 1; 1; 3; 1; 1; [-0.322871182788439450558139535340765167770122330315758040939969165839989586798332319689444759137871913839064878877932669945719836007961932233888389810658021539922593183042300145496655425481859165252516502103165295937533265961848480364471947895142178797364109591003899320261069241662404123300432569382281791460663488654641137062195441086522336615863540284897934380313387129040928432969933031157090674724786346180270475459825562901354011855108348580316616340815465168586977231621201238867145274130891815952949845479114560701570804494892812729935325095011877857737498524393467632165399718379364525206302020784255553351605228075788980266875720286588643042929210030563251290533603781 +/- 8.10e-676] + [-0.363918416492297250531351407243662473363343184451879763767923262391708262724301834262111289847262594028222395177406710277208832576728119848221205845212192949691376197784205805150133008202019111891964178971612038628605181197592569758652922903997412872224587616691349130904362309829929063179020641534439858996101255998154053596163568901051728306835251086932855824827130502319236440143180771098773373053683819824916994460152209601478503961621566952996854612581613085723336960835279234906584058445172937475628123665047477195353788195954567214980743326217523919256216399245194300820435311516451056556606255663678955394170316046564846832729860312714937640451935342634656919995402021 +/- 4.33e-676]*im
4; 8; 12; 10; 10; 1; 1; 3; 1; 1; [0.086131481923847665343412988179459812155855691157696058915875824141920622938915202880218396527829224029919067369770230742585234767248314298560261137169838218553513525917150951686170868307704665592832920290013795677733191722176184785156871085959051421613440160512360110329587370426330088519578497120004123262142043624029637786280018116646574339250037045689526519695993968558295993302095486667393603869824987141877909519616499904961615427713898200491499512308860325757633333290919631634273846232380651769198931593784392534128822805888573843103466292429465456265160065462608894158690229674422144283407759529291592011133157213997015042357369398729905057657299954324610235776779972 +/- 8.33e-676] + [-0.237902316644651254803498307264320720276015768390395465600371035694672748705425935034740883796823263893971616554697885033447935863397226562598990679209685450262738838767192182183179250877895840036388189017516869609051983829164635919618048981197699119582942028510283561398098268767636638908059108733952649554657339093274850756954234216241391673971767479739918207813706840063836202870831154628389924573216634846923033837953405972564076693147633115995536206547516125229736284169935859609904744640246880682536382455049827977438369536541689838263340011825608866879366098005579864418487799667906946002252536879844716762826862176739614847394017862593096137978280285617436039419602723 +/- 5.89e-676]*im
4; 8; 12; 10; 5; 1; 1; 4; 1; 1; [1.45134091802880197415013550520865113172697146699276763163571216062741582139288890673858982842368604898270552465571468088487597883339214646800374765713711616328952686529480932101366266580390347591329730660550463510088728208272477954495739144250178605612890424520922511961566978967165916429197421264386036251425914759805385093434052660743741343667265424953468912556114670796990238017649604239273436476560490835293556148710540161745637587113505224368651422339976804777444930305663202407073735262007205163918117243756016889926057329098920664029997592513898614737116285598950939874899590186353991657021249133268255105427354491669906283233774897394741486272275831616311823419939936 +/- 1.24e-675] + [3.015397974730188131567405555678975826645282263078125955894485274496883719358867577232088991020849567651621880740851197485343556217746976669822056480225152588050741284628781065192154352784808759103203445120163869061853673866398935125081368054726981846252458302040276831062412869855372629857959104627195111834099605193907822068489097907858563723813865111205319726019063748019224301010322570600924901753125780599345062316010479482382437538325297733970505510823934116869743021106114888294931154581907835738285511227657795256777766847867810555698522461063249952780167856157202682977099397259672158367033598563048055678035402131631049443930026034067848118669234496043605719593151630 +/- 5.68e-676]*im
4; 8; 12; 10; 9; 1; 1; 2; 1; 1; [-0.653366932410505257715351838449990803320387235660758458163978283235172429795797862896701323425297750981218396061208972904125376390361939956634425479674495866884239346736169861522026684218399449122811173662796986775397470726706812583807796945403582983083118794203874964936004580186681967992072514449712528851866078382876947989894391426697699605783439720764245336948317244354233459831661577398492567505277953536778491973081618244923407599274859829977937784074463825577478435071087366013047715919725702814899201137431473621247609732433257836751246244915807494371645029921578984131030360517358521089168904164445890079474573938094039619555417908715557060808966606831775041875185576 +/- 3.15e-676] + [0.307030660696111329117841255400683078283838906213789172287386194194561578764457444983117495216263854384549020459049123447563527720092600310671475561431502321211839844558565889923292951289319118354415370095572142551734042183167938092816542927074760186132855380208453809068460800131521875958487946030710293988188675002311251184926287924262690380533700782983288132951323148869955475017401444725793201379873599371273148022955120313444348109317905055551390109228143990252770623502542906819708393517302206520363132843981335903249270927887717739744389800512574675740647889680749831486147695117790005861549347919342022398788137890222244533755891710927097702899405234650437351353344443 +/- 3.03e-676]*im
4; 8; 12; 10; 7; 1; 1; 4; 1; 1; [46.38816681301487380915596160566709644547335015516105412900555416775739534067777079630735559982176498136650204605153215615850555707190729742943683851725901587925532336972119852940967071424776816453797665596721201329346138691664004690675586297031076802925048188891329431301879211888780806893814791435709288046492992349624197687803882328706316466768348048109196670417415024143128681576062786670994609909280465726063556022166563574367863763836150857476100480645659765245151014577500408886657782042352508680094695248923650098672255036052747367710541574772180105062533319982890136068020187407615102211994353071431716651421511886488274605867928792595536857558524500274617089835183513 +/- 8.11e-675] + [-27.07724272382019440301716505815117001109311079751877326709171529186823758885875538252477624004012675605916221455856860712081109578371716051198539169759320673796784159759903194746767332892589937270440563712216532930132566973407317399666371244405995725553186179766849788313296073895515330844667719680772480933611159047963626154820223278460851809217373558830998943297818423054055635575898247528030705507036080864725589854564281071587450353899462196348180030492775717861432136542647685281024137338953417876197816552779175958931946818656066354252864349997089753727254986309253791616609559822751919045857164495111703513568685597402785214265203728180614006818400347532209648939529112 +/- 8.44e-675]*im
4; 8; 12; 10; 3; 1; 1; 12; 1; 1; [11.16765154976750480958704987284167356085818766530341961422968720908983241703259029905938590397475370206234592681134690611898034472078768597037416415046673120507019417495478652270688762144645253905335580743990096361186546750798282533096273358065699385540874197286868562184182434379442391218298137523059014923205637012022280471032786917533786528158220426919750581276066469167775029676381213427004092489821490951921582427353305910568436776540780304193084101055490990069200914921357521282683590049700930994863625364140900201748678358665966922058808664388591481666879050591768739422373488850652189941300554479855311952958111113304463624374259677787375074724702249903165180687151584 +/- 6.43e-675] + [-0.49276700690178178848000802962572206742415789168785006732282455827102891215219944787735102117065572684847384795868003023272332471309785684550651215057473940905139473875805914938004911588313748112955784965129623130950297619021863886144381827190748652215669316281325888859129050180223253163977797741943813481975968839145158519416312289214643002546795381546657923602909540667712075055751686826563309943435164275171310310976090163098339467565631505983246468737538825724567454639963006675322660053445968101800990946112483182161513878131945564358517578748466828043580390461534806713122070855775895283002950672658548098975824152327338269200107116233815080938765206649784943115212796 +/- 2.15e-675]*im
4; 8; 12; 10; 5; 1; 1; 3; 1; 1; [-0.116821006231465133785463721301327477746292830965446944598567816235491275625589007002301963622311707711629778035458809138460022072758904819447939544299141797865897196108783445433402935855252242065761487672896445292327072099958362143389111859506942779256257351398794902901557261728807327862403060736591638022648362702860450135993308941447007414486776878545497433342914224994002917684895496480907159010606127466748682170766888842370842871531960941912791228009320083994045113153812090781860325049139422071219697062888706913372696495496521563730170388586996327129305475100224583438036149885307634661785421221072179635510782552148559178101040649721407678060887924932410581714957126 +/- 8.25e-676] + [0.011865025455993101246351553712327319908996233137409189979637846819025325363178784265010993695374933564615284904827772430974633161882793993009885585663227900001562224619183931535182340290472609097841448498169907189830418321560523323198540007398170001950027396571281023430513999591067962451130203282736725759174634583007116005065863146180708075759158766019261410102183289731567796295966974316390388756051739208784114705861322237614879689518099230093939726341170531220735507030444890215877525781273776186072138816155238882318697487668585199943887878289041930425106790449327450172818339678968590847139583092791127322250022228640131614525767889892717598770290394372388608761951686 +/- 6.70e-676]*im
4; 8; 12; 10; 9; 1; 1; 10; 1; 1; [-0.30682612144945316074792896559579252587795239616788100149305328969859099070115347918353128303964686081394009988414164773060105430404795169840274303282771884941600187000979313666943341925645465790425548534977771696937085624261075430006000763516212184621503594626603168930986944138309176342340547603846222209150153246463288200208058639211782008502700237352881324632226761336293654094751248915511320747252066068961337753825270790284203769574393377384666075701372634992221527670599392112846120348189646947529639843602719602065674209358658412010243645338586879532626692465441952178473979339345404338425076122230739017155336655871263992825438682899803260735980369647136482876552706 +/- 6.76e-675] + [0.19427061889181944732604656215798425879185047792016009381385382471232573681146234619511954077523122316152428351113102273445349655738737752729527972095811099317992929529752359717307372649186666599884262982812788508395738317819123620446164323602353483505361181131879649775558842734554665151873973158514538503009451473774413045961548267044056552689821978290692297777019024116324075381668135836003166384854071177845533278021678094821066548050162701352131042335330249107385071241176424048907781812274386517496818589348268524733137611268073197544930864541329247787205887564295156074754504730041377735276719700209667429728646354175395048851190793826677035525354676728054406193842273 +/- 4.17e-675]*im
4; 8; 12; 10; 7; 1; 1; 3; 1; 1; [-1.36589414332463134766060833915038880212451384269820657371641507833257466933103323890440071714171720709193255468445093326081247448863716220103577675372846967176443167083219668045505162772540892278767743628329737645970116123815281267488704690878009847351536359438379457533663006408634818258678138329852404991947260310776473353571522079233914006578311145948831816757800048830829252251186497940517185750304044190763072730944751709058909684971628873598597132310454217824181585557173546884513206478138189894095733239274030822744759118449150628266262931733548424426177291597149822961381954573430561924664155412644118169577593487223778833590947708939458257426465776068021649016949202 +/- 4.79e-675] + [-7.46419812710085969381259093626445261358242511090743129114605416203651587905044856725461127794568100509543635018486972544168726535366690559041907295854328453203063758600940792458406896701772859652801902543130728233747381248370894157445454039419994476069848450892099832797157640138603795938251746009704450705116673747131079932925760676444847883508255041652951777136357449388718719724960567573407436197097332678534570747567009532543620847269276521272860858485703549403009091625769370790621881835239984630351159290870202076456895690342960867261370408897113159246403605878644047466855360472247316309969143436720463865066241287754408867520120351685596576675332400577770340756465888 +/- 4.20e-675]*im
4; 8; 12; 10; 9; 1; 1; 8; 1; 1; [-0.72439494891014527824104458412326766162075898451690988024638159849802204584455923926642959637331013173132464861464866608089571060438966896062552103864497055133408850155605536129803973098289039960692817537577372898621394873330851734777118765344169840163091417786615368719796515158187884498158583717031839185447026208189560887773507674158196762420397527140673537719127025005289316799448214370979999554551217859844644854883198452844698707172150103517146855514698046523883343794453893167692485250631990029171447260463087531795469477160818733778902933034315662068835372982797333170991744035048585487995063340290973464355338238680725764425276332451161074460425428163916012584067414 +/- 5.58e-675] + [-9.49858414716825467368833526720553663667368750499820322199370196507705347039765072175514406811149378911136668174076966674648324519124362646710067652199793464589382804758951561949480932414160024494241164713815891596143818235650164020366037805524110360419448380472521563958933588500868300827401201614604580158338739464457381062799997578431520654004557972221190281220206842881398878928761171893182176366415039397357086317681476256688571017189453720293002686789951725398094393307266506663173937141131111654234655355777510398959808232934614819995099854743892808900775288410091947121373949657386396106450445232232189448554917032954825147516324790195135746981430386171497938573683038 +/- 4.85e-675]*im
4; 8; 12; 10; 8; 1; 1; 12; 1; 1; [-0.07119473887280409585236265700915905257187158807877535063641281529591599159236297458243734839859462764611422502433680272777596164412278693806388423402307749032562960858302788796490162458689345301838237034571314279500233715820331452204858422265281704245076986305651309881381428839672286001614128923869147203709998937457818957423942392661685288432523728575708380443934704049086009660734082516202900571520832251994508873330202504471105161656035494742517201515732708885090893269233562066866568600466763600787875881267819638233749636771570378749054571044389252294078848756344263884733415883949306128709145536886098109052000072686834602374070665084375631073354723940997368553656495 +/- 5.25e-675] + [-0.04215904628213091055321829210926718025018149455205309355668761550086320149186549876130619108195325846722635795137265580554333479538166768068399848268570374064110712339241227056847185992381355567527013499574511464485262081738641715356710939349457230999582332525509935134300428614794728221977927907822121855493491788433735254843860786858185677206420944174671816435955490823148654544665319803408700529531713160099078032335745094607119753736206265778729909354784517165989631515260400224273763710568670645713205490411190181200262552950347758679880854643813644936020632040301704416796511397606960030160758481606597032638570400965213184961780318804501441538178454253555857722676960 +/- 9.08e-676]*im
4; 8; 12; 10; 2; 1; 1; 11; 1; 1; [1.168916633201552285124566581938214268840730381520065260257252031078490086638020738229579802885608457438077991107140775430060662140115329335113879451880274709140683815731964926398120297141787566977402536752014790925701303984703744870293237901843066085031114642531214213646827117246498081960595344498110004069489002766958617436694422296685547550624941101265801507375777215202552108033287153624471954016823500432751543591263052363349713339150704940104018606111528392893277600461896011900215870683691731639538957233354836740380329080365479413251172712363993105628661379865496184704223630890891285239589506438221757012258266828820863051999156547690088689551271586034516704295270933 +/- 4.96e-676] + [0.3916552265266398486761371139031258905389830901730476582054700669314212541179981417586533244804532724311942988704995423114720383604984109906593084166318216479216353544741042328690166312122328813092990917000314298629915493797126192878495706495013606791121210666823070804473441850334397534928384424905358218102351764896733338458477800396108508950052645050886931656187273769749905385089510654081263081386597948640385382561541493284417894998166984961879527871731400093497001145869013310812777778145506005637070801510880962233426582908546561907869366840898484422511253497770568423121689570015231402078088646316764511279071121432073206659525731216142690187876967973280906756787882765 +/- 6.05e-677]*im
4; 8; 12; 10; 3; 1; 1; 6; 1; 1; [9.52353644157881024570863107966282511441562901032849066447427645576660614510333471576527291744506154188903839520991026254205359082906033317229631239244309405198274516040867491741129195036622582969977800063015710838006959588960873180289068034838665958458235342795711864185476930516459604573936514017231670914645837562906509133357045578348054474879815038431536361795017207269096837527628810981028658693053029092813727237854071750117654860514632921587988788854210446274814471275391384776211535932240782708703039969314209997920955848469734091856610935618444553329838355330969096731101570254129792835735763280289615388616295405871389771958719600300319729138246388806328798312746098 +/- 5.66e-675] + [14.00599239744476237881208435670147368797181049058623498698126292723367435580287669322817633331739408139920444984558276509849316478382767275836257311180215514591015053492558241323025037847419779160847160387203612279847983525149924432174186424693325562362140663449207351332477940516120755253491674624343022216983023709579934486468983837121239623985438369702642916870092208506024308990010002079646073618641322743000159083856088383551003728313967183820116689291090179687651463611136050378586784933665001204445320182609525851149310054393986794322484654183864221553163267723156219514713790834379273455283586728979835056653099693094394837664582775890539606644339734256882066169971154 +/- 3.88e-675]*im
4; 8; 12; 10; 6; 1; 1; 11; 1; 1; [0.306940653902834756541876142070886116643028236480198071505156052990014184411499883927332849378642332485238694762165530852748059721511540733378189573649816685119354825279413946280044834944445058980136413141227736422748138556148347619136259462871294831556567610221624865699124140491283957841072522327686003494398130939129897264322011747306741687223677991233245414600711013564045933302459743746753524896225223821906038124057223514480690245244455269343830406895139632688314265156304957716307362707716133990155494307551290644404009423008916154790182843020381710960840358073699938412882118469626664286856608132100958758766540617699948401948163954918753734533818315438994137459507604 +/- 2.61e-676] + [0.151657083896574455131154704235658235621816920303524955863300732209789768553324647672055512022664592584032985302458347092669275459366588601578556772720045136168098317889135916911367364314384880439335687206957512174699744471191306055096981973508953087389786833479237580094626258976613386529011308537670550420318717414714201179122621139172821518243771209453708972082900793162626715222655901311240162391419015367624910040449324840542808303167265878157141767442709029089458129734822751900674243476160619561588024593450921091685104759572663362113948490519164972395711297328157905790534850923187085855498540833526621282414147322503364456174695037135734691587523762223848110509152946 +/- 1.63e-676]*im
4; 8; 12; 10; 2; 1; 1; 5; 1; 1; [0.514723118218354917896406795545485166481265524538460624626905828490624770747028939777693060207498143408361049451727223555325245403335111831170910959232678102662987759055546436092119952638311324793651976560581513001126967182831469279715873669221866635853197620718846883016597973817153561163168562680772797585481119429531076257278991159330594024199330136325841814105760187320118908825469333378150940492350958899814515686328967295091148981596303484323723822257460575409140846016514580358292381625176808839001236911873322556412692770574752200706902664120383867220041785064831032079707767310270239183222728676753215828726047509294296513403090982714708789536308136170065562677185564 +/- 8.02e-676] + [-0.080887308568867870935282554092602549199466768821484648171882706572885057915306964943694833920880342343099993051995547238699279598608755229820561930880872755236796469492434480891949964637929693198156454462609499063983022414056818146521545380365319275811616656466220328488445418625908178938711203359805923043096892666208273341831703683241195857606698191245840724979786634804819878312668983023549178364311248554239365782135883315160602443001584288762014368909284665997462256644475572284397757097892032249199615654942866102393312546442604603465248812524100226321551832558559695170730769227687115399232249976635018636226567466459579185424059344786242947336704264488826884011092823 +/- 2.66e-676]*im
4; 8; 12; 10; 10; 1; 1; 11; 1; 1; [-0.01016051559674516031849033686141618439798894994690952708502743920629124473311077407059490903878668163609460247209948969203512657414393352262321654913502349713238404013296796215760659914822249789478037369809782689225983450334979042638199053707916271636897467853954494367221188043983749185525577052579203624410070318001018209494414811200061366761145891933592183733684872380861669307443619747411647625922546003920412771867415966178453753144545933249853840016442720309472584270342000810731083419524782580544462566674027118971706663794723596711452028992547143620157034048505848194923997674312084353493103201860414567250354840839611659815428771526158550955405021619182591933449576 +/- 4.69e-675] + [-0.261614586174581315547516957080028664732542558977134032978472192517496364701109015838009164192840891113600990551486679391714482348230450446227835752691400558115690227933425176296249383913826373296987838096848589901875504493445132712601253880825393635549819384696033993469500721969317742613326911100952804573050867521684166722517015197956270085487149241155010098438931612736054357586200533053518232936300696952630910123917739648841356387420713137697327378798620311192951154850324265502367184167704071050584338806736708604716280930355586852296925079347166160943494914779532493060720730414724130303293902841617349437705877430422687514464745640054568045902834562148719537866038437 +/- 9.10e-676]*im
4; 8; 12; 10; 6; 1; 1; 5; 1; 1; [-0.046243902037036616135490267935876489582653907562158134371089255966359226943149850107319524893754844670331785309630124241710079463853383755496160253066184087878005742254881695808022781529579527025925979855838781268172957860078064094647284333955390489378919707672476459176052215626776887057029318850885795003321198806707486722016635438200309287231758964036682658419329959198400998065536779377911154685026483398285218180280506543920937900369437034440047781233597405912388650513324037333786672723883348256680860374400726319759789285824331445673571551086206890090256334491314624141945233099169159300855645803205403242931020221713580530441599529480127872112321639355877937257863770 +/- 2.69e-676] + [0.000937224593661804196157687054611493903556541492553694289981884628656203657427194348093218445632717367879774869979293576700966640149927197048177509170592320659588998167904604958675960742775545584790546848769874556636832121379876123296760883310800387281416668537487623353620722665820000898791274630842239570635574448238391978348633561456122697540649567787665460705354596307961482387958144053095823209041751628505407377011090749885710248884565022629564246615322994620566440442159060235260322322324104901087870602664421368900816968627528061265758533085764785789495110584242081584990806852008910712831824904388910493280242188869450437330598222379495357044034848615702182069864219 +/- 4.68e-676]*im
4; 8; 12; 10; 8; 1; 1; 6; 1; 1; [0.008617454005230383640849301293847477569927775274742433297984920165875197755548669293203080400968241788708441218714400693995313871179366072205460007125367131535326120113361218493683876333622083692935808092640421006740050003434346727397163909858380133175045529609528906665401396337783619750706423830510224968261425130705042825660177797749660954127476491556836187492230912914318016262057740896337696518783538941800041341431646243755421165605369311574940371935429214519177916238442978171488081810778405075446362661667792529630245400040658973548597646537120568583731640687031223239704484182497190111550352844523449201015247210385508570441074630306947946017729806576644939447189494 +/- 4.63e-676] + [0.467885612483340984646933910583615922475925320513982958030479412527733099882235451760919493701628528465291960506006230224337931137209653270557924301093103142395156589469313079619651526195495856172268891420263583328386963897304926831232961256505878063745064633818655613356117909433518326297811258456893312378647507477068403199160497077438817724591912615895076156067928366228664698834980090841278401858368097281830609184166946777341970069228674013694625769874030280526509537363980891117117616496642002066249186978490796507386210987191211276649846622755908522501972596252915975466949276098506505208752071484350571493054609750983122380532018163550120055529159520844212840157181745 +/- 4.30e-676]*im
4; 8; 12; 10; 3; 1; 1; 4; 1; 1; [-74.2265056095244692359938971724700232461866536439233832973942672778895673287358325900990668004599393528378653966254738422345733325985718583387177226482453958147707021196667769625895202235287086858130515849085883170877861761963076417491085992880343234988783269935294169222677862951101484423458920501320728109222695122547550378288880704173403722849690735970085394676619770780111133905259724810194262457555235363834792632648584004883262424277798089172359152382357727890009243041895411369407597162978481096773736188688792870262165569461626405102834759754072763631532498358560424935044793792095960599371777687294062408091276757722785223493738453255913596621552426097457295356122490 +/- 4.92e-674] + [47.8339781173099122306811446284942869950051028263475589087407699260807064059673953914324278052758395511023110621876423154870460963076461198630347815203828487633756075327335037089835132759287746766829650537885019830284543376762519199676065657326848792657673624899628817140350384436380446227503769302260059934742696437435226287081023149712127721730992664215200207383855954130017977231965338621545604234056735573587922359868925543933254045159896548699923823803377840076537451064835547606664123372360081984240340028449223788169240011401977417919051467458865284987516042271596931755269998931932956591078280600428004557360578256683919381082698219995615446759089927459688170528101910 +/- 4.23e-674]*im
4; 8; 12; 10; 10; 1; 1; 5; 1; 1; [-0.078313436554394163370077979832790376544865706271312992053224250461289080688075062728467973536757643126900647772310823167138318161479837193334371289197582571733371572534156831967465421490747496587733128154601658686500472104933364493728493750063295441629609181605467246827999738094430196923669850466930294698541184555276770206802198308633750932113481939166691746212998326286568457569673970517135295201514703980824507790392725130033812353196087667926159383814200468448972033495039163202781752437312349460124274821034336179553830943781701857935177316935154623381612526964222720387616023747298125891838901315368789150518227649222336172280982685495644877383199021331723569856464714 +/- 7.34e-676] + [-0.137416148140831008992131092632380887459018837124994868791584359741620127785134884050089189475066461310111397284212083495781294099335933131715185384412600109159894126562464267140077481136227501244243592505078138227059810890557940849276711204506236518693108260584322940326886392126755039288887216111204711808208215936293013261094489171943353689329135437564322154739681862401221523535364105439865882358725040394664066180917763877084527562233055217637820538630385562868194654308221689480349907038273660166519339872625055878095586230154292790545823040830474034774375825662503058854289317680253191782889747176489017118066318110398297255792313990164999919251645500122361319453113100 +/- 6.04e-676]*im
4; 8; 12; 10; 5; 1; 1; 11; 1; 1; [-0.039053319709390940427870228375773550124504512572448600140938650998156780530149239825432734354924494276645416993156075679988229683655708429496194232906173800291529768583775261576786693754233952338043040056872877879812262240208575387190121635850256348563456800060107267363447823174825898201009332761195960191057082541941115448484621718852400366462492605991519848665769338096915422518435869594146651013701958748040124412697084561215822043829786193373476774897614841600938575215006164748956176306567280947781625808653609763062587719635174047054892746023861720894653490634190670074237320179999983504555430208033699617864776248013052719489264365589500207516416151378707501855685663 +/- 2.45e-676] + [0.020700444842953602447543490787439972373051154961541875991976325007558110879113413985935099798456498408509261816441943811543113542131970338464718503496043287857109187264169406371632601190704742649109774708015771191664776765952284810929799679015955935516164446742830999965915917240501766832237425497935768363107380827912912977906841905853252798745613195535052397812126156213254740675074049553795464953593645483894828306416738062939587011730450285299488408946077758722193732394558621845774137066735134216943805494124897422127438714913917224972938025247093629819437765926332035975444549658380555607432617396250237794566051675161579030852512815740949116884488384460664952882829038 +/- 4.70e-676]*im
4; 8; 12; 10; 2; 1; 1; 2; 1; 1; [0.011266136549838236540436467284759242254052452037600809583963680190304483178923795475913565551150323736695472738356681578829067882924727626630067665370211161680251891674907770175996578034218376018627097409471231111178642652572109851446667610524800573036681478659538635924093209326167503704121824593646153545094773771686285124954496706582499533569446663905657166162868222535393341365651664505005511786770106573436885200237463566232081601602315156867764202465827135452775330620183215713537830381458213216908673898550087319882271969318557361026344276433086477962493902527836860290870693040656895626557356338502391752388006988962529321774846532622378363391689103236169890098677861 +/- 3.77e-676] + [-0.021588106288161324813960879679316838881241778595462774143197773490459282595351089245324833421905895332979735308364836903071059929330409449405418795049160728752023271511405068292899431344209261952482790459161004424160889939760242530401942079574757491224236241966343160656859860023190597808094487582921867660737874616222730933950093118362026106542559252149483768875123564192148782771750820239390643876168734132082390423702766369440568251079619088766481256858320190208172437445440122737433826966776011529149446219666618443471737167550329312950913584498684062778501729059782206523879371411319009192222179436808376828415584090756474335559127039486279644467525680492637767516289455 +/- 2.41e-676]*im
4; 8; 12; 10; 7; 1; 1; 11; 1; 1; [-7.88495454958779647824223960618561445130262632380171081973586577640610792946864500151130094619938544182806980435344675571619478299898250113936982368435433312523941000467636584149439320124362973696670023286013886811980259087845067295043221189992019789398670683081744770672354964997002232425533539081434184676447610745412162349341580913117712755662910790397554192941730622946422131657840650045310230781964271524989940543082747537919033949289709594180033486386588012193060548172962858757910843435492388295021894713893017707911714110176433937188981162132528321425633789948129070098977643279821987193803654664885642750337164985396465120299060843857952903224646622631736710462945003 +/- 5.44e-675] + [-12.37849075235236534686397605042695392485951818637334775354860458529344841731142442097490642740693392414807973894012509427314839612777014258284461124757773989403211221734922467225789873876611660585087576680782213658507964377729584423249491273593666456342608600930045418109891293993656959609700139534708586918172062448117402703412742841637834038947651437675406008128252576541364187085759823352423833433659679377771689763350814549312646123040392016720480827528465599250422845496193381831564076379555092282271765267898985527971394259989940023523195638871792711089172596986517193101240766732236186454557805910533588911422088199897840451614308014200154249951397581565193172967181502 +/- 1.57e-675]*im
4; 8; 12; 10; 3; 1; 1; 3; 1; 1; [5.02733444485530918918701296321659992070256668114965015778562799273516583988358344823864929621870327263502954933088124442695994541575221925268323246532394331846364547230104074354964078998825384728412836233011988605658539477872358482744450770850527966240476266363977862505622704240284014495905835128463085641311724185993724666695171102933193938276980433584980334064146871574744661876983710137376421205258654880402994583056934633812551214900255706214579746713408785489930089400742498266266255956262988447646235215595419809018198173390618995014009433448690761566504757149300634062889000602154785540273116810518006428526162826930808602228840713979834307517133152362007138958356965 +/- 4.25e-675] + [21.95668308277868409254087125171046969706343215335800127249558803814939856027479660510152260445998580685189716602122230042980797269132354651100821646207965817808062936639944540021024201169350538029445322519551497806521887489604441579844587647430654705892132948370567647683879258044817544586271929008240098480549927457877994776720204816818065736615833355656415173259428573246177945338719364184013140777046730538986862368199202668421458088860456564878568672357424717961426962750570181935002439360113776861863459105953300496079705639204349888321370162268236113498632559658782650203524224021167931056396465693496671077776627975358887133777397476353497984007618955375106908671519800 +/- 3.82e-675]*im
4; 8; 12; 10; 6; 1; 1; 2; 1; 1; [0.054785830200702652986381128219072623040998219401554282657342254813701793121498452586352430148941250365159055138659916394756717591662687827136054307024849309430290979978062359863132373382736521785393311058559354632923876054262904050334373061278059623410169829473059873567031452534338584676167252432667733276163200669047879542721619904329116351754637250140180129046446624167208715036664772363867308212714878242641247869488382543553921517184218714829917411302048482548185511494250985290296524738288388103910848080044964975904533807143795628088403502639359726707311126420409424045463422250206843065383789755332872519379627041499906586853697942803437218647335559034940420195590728 +/- 4.25e-676] + [-0.077295579814876008698737519249265969728175099006482376488540481082759791461023674778505907245031176290519580949874972609318435564701452371121540052888526185432306352988731112910390997818432556551365495527199993909609594958303199282111529165204561113041392196076718180283101160817394241595204861373945983040250646603427594913366035863223027608833079583857503441709727255319775046165238695263823177923199727174181103779390844678867335451396037300928216622289859677699606156917096932743372086151406548146474610452208536944992582954394831126437839246737642540182779713040285954086549586867259854251381528700761726368441523070589968983015846647247645994954074197306926330101688621 +/- 6.15e-676]*im
4; 8; 12; 10; 5; 1; 1; 5; 1; 1; [0.00700537950223766083263881480473710201323797520371389174283217364421287557005067046928427285338934061213486638846812442003095108740897648164308274584580878875960494417329737728305698649251729746641010411515554122286600212939772886029304458956751277118050404423824718208202133632724898017404072760894751264861812525861075301612568622513411731720098913129126036868925664791849169446110610301762344561891857745929252736713785508473473790395475400613887339095795058069999645664558307751127074437622657621246898272032003314409220292384639691514696292191583819338792255758449978877890588385028142734042819821685612785230543714786895334274320846353304608881374114197548163044657521 +/- 2.60e-675] + [-0.010147591290865913830770657120560848781007415552541228729212856525556420534597204179231962778660190921718228307181513918071451956352689166911302150767014605064359133686342641018911455612769319547611150473483520476790474324735641481595761630439375196383685185515859301738587098035011470112336844335989614988633107878701037382776769526441738350636927113690935063000819615778085338567723409120918727334539954635852726027190638658640376810166413400636294464463336259927859338498721750596973669305108155938010049509043045762894889178448978533972050816358085518625860820248384899093383781580176480424067899578094882983013049383371963752885311218592276211737249681784525556132297117 +/- 6.78e-676]*im
4; 8; 12; 10; 2; 1; 1; 10; 1; 1; [0.278972842578059420067792997713495589638580838056075625754844454502423222941932152388458530264210242806181593867903187531654962366542441085861786158708795391962386532372992008923731074096191664964003058627843093503289506854418371681135666972900482461362571142934485897787485213683991655031995690830527403478554263107339951724415870104299577449820435890740398765992588086023627355685706741897094088175587399047463750208613489489029989413393503272673749456168609051238815992652677269605459001970909283015946642824494313991631314486950971708272971201057148770070173790504511997747152826513059874541937858376046144191479589333744786765816835904279374702826139789775770862808348890 +/- 5.60e-676] + [-0.750617548465942540009607518122009702454980617114637920135552564521844158979244774272854940030300155663258192549867452019350466972282638025915462057702383159797715396963732410612332308378428954837921146210701402670648017235183326531689323491643345350963994074320800082633681097268035915258401453256628236757748166059611856287151787251593179353497994597517880547563638679817011196528721850575216396594549573368121835740227605535226683279362112676440408958831064879921962568840710031495314120913161742215161349316041044324463744106355567695877404559229539354256748771989404839986124386102848529494959997431751443045089473416807161504542440352734651606101767448655790570611026474 +/- 4.70e-676]*im
4; 8; 12; 10; 4; 1; 1; 12; 1; 1; [1.089846000559622242399280520499429388441728098336338432967918599653922544693458929384548983468405432877456846606915791470796316940335163554173760260216685679287351007775380640507554123492444349368347896760672056752984056152419132125488874058729893239373860693808387811300149300437371410892592077003902227205160612756269246311202744662819181786979727536629771380789253396777351911730289986608801217537402201128042335179921474394086651682516660320669924464304141805457704332616413773559155165192329789337003291678984915652492679810635571481028081945389386810781431734906158228742473749660206912971043009123019617143460861795065729500733187342599174822220038932737449056690314026 +/- 6.96e-676] + [-0.060952183811663038120412091093879375109841823407619263282647172802581352682335605974119384850095046158467277492013607733789883253200165066497524412761014889006902376629901961475007530927688364528197895403199175792215531645346317447207551653607266660705510858907700501796253248616218460526196928413940429398101276970592491990592854467186078208795933102995167343531895245127740246076206594054390573043725839213173574957299201800111562810631517696565399738375871383445185093742621005062865757186935470001970356680096524986475440719934261317075896106965003915655796804924331462904701047629500696994970527896748969553405907367551664737084408027200288981554766329576208348832731507 +/- 7.03e-676]*im
4; 8; 12; 10; 10; 1; 1; 2; 1; 1; [0.005869008992903228150793356872325772493879592179708167741810905578566882526144889479348918990902206174645116097577808371841656896954355879329017126307475230062926264147078117916413130345713644577476386426104486435588840316612123887699404203875003594960806727162056965459540118924548107831958031663309896082103216304677638042025383741192617720441854215269261599375491515444894422876660691360009094163269326357971353823422161312808714140955179498992831692744020964206591415480995013009399790221857575084061457706107193329557635570595663761634078982120748132877865289855161598114775570626175874267882538351588113689188865731363582890704643329857502756363429818375886250850011314 +/- 5.67e-676] + [0.000700941436091211664665495468209246901925203310300516453900225022439418489453006967015409770909767000789311698683133756309636164508129199404496622472893696943070296814338817904503955190350088976961434686369650738118190827447840381934328744353884733251517841188715824624251948631962485535247149085942486152954979022559222550206726356400685030201558551009501820024158487825663351846906338677596249282102658170616854750500239344677306971329661225635281711963092087895615153809787956564002903398431577997596028044001252844309772145158110134149421295218537463013679393320980752871584279460225641338870157005557629449330810339688752308267146614230981936470216573290790249999453681 +/- 5.87e-676]*im
4; 8; 12; 10; 2; 1; 1; 8; 1; 1; [0.693809959287691444907902837232811141161633614517100438832584257780871376760888405048642898822445456480841925564420608739142010420504330938562066286005393934795556530793131981755748731225960311428354854564429043917310937761650628514042987908782634101599369302008768055642310644868948411639330317639710206441282665735741507456691187268640637714089716190066354532120053203385204011066911933980789853792493111201483399796063485187537088644173423500011260817348120711946260461711480368753317879114286786176479249566161067109460157712949760373001658105571935208423035216962635485503400144676265263805179042760443379613242955706431075125259887968588745320372400507261390553897733597 +/- 3.58e-676] + [0.780558549799368924985315586865152166373545071286446590971334707978112170662258425689525408404909571201946834164844778316974075674204889529730178382971201918750403219425195398344638045412959260864759920810602202326419819696335010988821943069470699005356350142030935277019071605873241120527312803729985243332482429672266994262759716092089920530050638422244132020831712847147000804168217533438151319357012551700897838088964523290943002175476184542711020774952563584382362023138056537253338700078986641677250434651382574513935032507981267734183286722348354857127290681669712226025858476326983853309359383519025331765856792125820694542021149196499998885577118479679078565996317894 +/- 4.17e-676]*im
4; 8; 12; 10; 8; 1; 1; 4; 1; 1; [-0.67719218318242236909573588795643400255860765900089143556542462447403015090169352406268259932647079642549791193902487605268943692254382230143322715067878409878642653699356335442986347285475974240962761783371850113978035906378666256901476805942902278998073132432099094529868092194049436351051873642125358522205706931406431679650633643387427923035460251978285456280253510639049053530692059711854911216669206098822412307058466250376183017511994005202947049116222467612016238247046400198303002978468287182561709650525105596045232198958284684966559562361528291363952039944762363931949384842754069917176233282650116181522916520268274389938624100096788447118574211405468026762966923 +/- 5.51e-675] + [-0.00425496439466690571889139974369314300309792180061269729192807744881102904035243885973577914775108141080871033272012856816844044592449745610305370731333648664669189351658378666370243010482019623212204059305729246873331736312608496152623719582175705622902582225029557222464316435918819932949638575344346348535301955254258670388880964648757196475885967761417628065082151481997785732399894487085962474406079877513613812500740777577506220952887697188321183872163495250473500771843900178023217889543367743363353788636760025218801781753265445255581212140209124037246332875313191567956642322309727509405038678000625765847098204751201160221940305073862958185083396935422018665288233 +/- 2.69e-675]*im
4; 8; 12; 10; 6; 1; 1; 10; 1; 1; [0.00055216684761414399639707238271123150798486658369855554079070764782171206439398506521685997617148117378166109359227463294187363640832103421242852324055378804852866073893169343139838013966680424494622400543699767486771280936534293778708261742957006250896721155911820891396498381867397344962485788548150950441379843793603262715560159913243186250406897243282994044366422107136826167443094528509924348016048215267477405141594194544382761431701215602180786668878390420941365031960325826120226550779313805627927538783755638999694937460919558062362298468403261481651334185192672114974837819250875260748673504468502390841741766056270053481708782682735233923320847485818113759297241 +/- 4.83e-675] + [-0.001031612512460005137071020046811257259100963488314257974354765575098414717096007644848516902540136008760940520415451284139186469504273305400085821866660826016832841402644721644698443295387965510376361302011090321268156724481261810478950746873175460339076578792245803897955630040393219786271140227249231009254798217539675906487804949184129411822202603939169381748662142029582341692678054935195085477339156223350997845042735408662376076665400354878028386958038147290097320436007968311708371743713440121020398111941258708308234344313307031761367730032216804600828447798806158469589708260419139795373004767909931491961100476399733847516553342609689447445948393073191536983147843 +/- 9.15e-676]*im
4; 8; 12; 10; 7; 1; 1; 5; 1; 1; [-10.359575768473744994420356127306549601497770748205725340976819224486499912675484224148276172351336970058147216009350757940538222762609138936801179165898158034707908330940169979905043578261968644631998575565622433949250790307293419970557077996069538768596444429870129479088922143116484461256197754015067147261676513179866290288940911119976835227307236205989448241759075709820503637031562262258642829804007873043101647707299800390219742294493055197042829248713609292310398685731430470577192219588915754539953006059375474138565260391189754657069153604651970858992934894983662711841535977943638779166333381294246402443157991053720590574209882746624832648429353417139835068373937300 +/- 7.15e-676] + [-5.992838237185209809881118879057887724093745375056770382001228240808176529563840554380309224706460123969624772734252438811236283240395849949998260849246381032898188452198184895349701869926314894167568346376014810734368586848825221802781810254464121140327116374473657284349399637738339397889132319024903481958278528158912893916534865600081182671723021716043676440801926430944127208516223486046434215692827512018224741644029012100459945879270040046155278269336346447933057310060177403715848157007909681899211896520510864241490689665156017590503067131527831982562209075639030614268653353412350515643167749310332218885071432106913451559489037057511142879371811489666492298001649607 +/- 4.62e-676]*im
4; 8; 12; 10; 6; 1; 1; 8; 1; 1; [0.033666665235169164951708555638119300554941807891450599614789020021337206133842335636740952121797023286316667858154152848027876863498718746673211685251083355183249205879873376307400023701658521955506069917012148393665684914078400308469604501830580419462699685885998636273813497560294596507150680438492243570479562683782189773601557708113114922638132379542729466679016817256322686598599151435319093521610555164658624339686758981491181152265259139765798288028859496434366737691893875618735791529201923405772563452792730661015005413630844792445788388008002072391605153544035977702222607740711090716574340915098796557372156914249317518851015256683011288569843343663282997910946259 +/- 5.82e-676] + [0.050171344327601844822659974072593356407867454364399298813653758926574950877833172728959472856936233925612242347689590578546615029695277257242038518193410837155045800498508839860582823250630403447515047227645085709095940821591464031603331531200076962040360949574810519059432227360447856857494256331057354363745357765159236251822470697219305811185756762436772897820671678299054327209145333890749129379024473627096286962226259674359220436315579709227650878223180104700255945348743661548050255671689685426167678151203741858811515415531887369656207060751060012418269777500876229244268440062872370068313886138754556398276434042058211681653954360447161205392511044912619832177093896 +/- 3.36e-676]*im
4; 8; 12; 10; 10; 1; 1; 10; 1; 1; [0.09510720273019276935570857689068761487757848211368511397286664329016484859449195511762571953581869610020378886459448519243519152217165707557396596875638990318488800167735116703463878122875122406382829844825399437394971478281861086940443871001452489110383043938185653318914804097230471945839441829430300099037386345085493355330012004314174140352177926618777204973313824594770357378337463404440644466289075518595393236593911331788110609639655242495074410980096271843505899155199185760924339961105441315808338029183056724310648887963395208325124661203301415631356934111325231971573247704723827212740370212989255367865932594009179525661861896524700222289099883993318974142859045 +/- 5.56e-675] + [-0.000597581855407100973552340565043488411644390751146638049981039478196533258724026937696172188188539417225768666694763608831297334740441363476039064881620085612634354394159244636129963147983223834073809417833710922571841350329571347418037167541662063207458979359122297858228053723866915580596917052873909192067117668729376136314341149720443692456289775876874396491230506385906720049286426762099366428819436798996439496219595606376669041344458565236484500772125787868830243671636599581280844336693244370735381308972155411225948571519852988761338749066538890073826492728068600966711319785197712600216979148259445779553875953183576465679268464306634463126978677972768737768317598 +/- 9.93e-676]*im
4; 8; 12; 10; 5; 1; 1; 2; 1; 1; [-0.009468357149970363294424660020270533850450182753036071937334318826297613580767899800838932424860443354277442333491004825700018216626608167578668713289575777019199745763676956689566572884878697824845922973441542128008095038196632220056392145036472492317685351065143089310316640670559233194950457459704441260958387013849627116757760311179145498499489859641583784544318526423040396417544787463690373898458139043423676174394837389008613913548324693513707092793720641198438272854788468856480014074970141753316014167657407971572017657868766982000587282352935344156067819404050398911706560827683840914424226881354927988023497323149951917033685610093736067135569807078916721059549196 +/- 7.10e-676] + [-0.027668451043970317717582070205533446889235622767050819471676954026483966403085964133681959799552370294383034734142550676273434566311230763568591095347859071900283184984967869474216714911786459490518073441184550802136966374746249891582324045317852630829616922896402769041846328382149870605888829963527920705118593067366467102951390024149565215777907790920831417560229658122812169321614738204860434748712043558619738119580323249246480216688153389026368461027304891925958298454674743671562909747047062457092115033770309854209153087478141178987043686021541336807702054624390381959064244825885150971674650362570915082704689277760016631618553483541675571718768033369333083508408628 +/- 3.49e-676]*im
4; 8; 12; 10; 8; 1; 1; 3; 1; 1; [0.362932602828812272451228412144160835399593080331270484754964043103816626488494526476129478168146113360148937218142379485282111736495181795187536327975952360999923251426240196585143133657866879252412075333882512203076377358870975388533655716873010882939054218736999992153489073612998111674220512881753607669567833687439754099270806178026341303337656347458372591495212658536752156305057792900438852947624302822073659560340639005825644897109169342062186084391784136353094563763124086503549238814533231045563051640148247978768073327242898115752630840072534521469488267143536538987715317516573171486487901937718534401575380672193655207242288777593536949958655105342995392967527478 +/- 7.88e-676] + [-0.983107953328973351464828969254479865984763318308690092989307785603403678284234383028413600087579641881795183143185856826255577900357202370300193348687613083756440766073211843675959513092831921817170751270472942075256842860407458617975490286745503652073620125908651993174767368071190368148471759250209952575283612166724910444922934438609191659651135265436149452075689987392222852884515269926300749036683879688929120692810285679465972156115206737105160483460468904687119050819383539097215066270948962669020753900559090539290409597400429603347768251730094596283390506183914248259140637929866703095003415296183416850977130672579450700580691949966491902395590115013331216426366970 +/- 6.93e-676]*im
4; 8; 12; 10; 10; 1; 1; 8; 1; 1; [-0.02469387367049878993441150708771140287733531245884399314014483249582561191826866062988718649086199535262507291260723622933551599748853555430322855253014739516817117095124113023320156235467733989984487880964501810463771936546687556603632411892331817020978939084182689603545720937729950997778133171680901063670558471316361098761013359141177855918903353875122958087785767977933754079476260322675798269929196468528146801218592601155322369707227968178116271331700697026686195224732899386432562406441232016362016457637086165795018838863477823037663689741703002849743064348614894203442861458435752601011399833347576197500052027767976420188589227410798488261799547487797139133860395 +/- 6.35e-675] + [0.04719629126297209791938945598963487485191626899908137592050353022137593486569022716840654296230105384447757655432342580591587093380706378602314220031786768172135819527073593053629426499709312634822675600860792335352071757921637992543921689670214265123037689642103572414548858849427607768728883736720210885146958194148829980051082959515350550748367902712663030514022707541441899249889577948840036955040579393524910702699874805629317586368453376340784248408872037640209042998977055121450251318913853043640779693422820124214018081976879211960985112294607536615857081262987838084611059198154592159029383854955385253761857457788161240277038171791744546845948109531669523847435723 +/- 5.71e-675]*im
4; 8; 12; 10; 7; 1; 1; 2; 1; 1; [-0.360110702941336561421224782472803775314660714455858725404007330866963062729704058218885230604806052862364535949258363835017292886246148625573771528806547488938394718855950016844652178685339241454309847960520104546508398449105136587758311480503702128172167251453526512902791932249891158469171099080865059305704813552284449228101350479861739150694828450812219638112600580030903281082758146145958576626337534938832329854137288695083538878292186630403004537479819762489071796661672081036940012442614669973354165361561274878470041505514858440943303405980617927201962415063787960824614432619649023214735391024130613720071850352441340943897651636769680335537116358550875562735446328 +/- 2.48e-676] + [0.1562960187486882454546879842433015750405501440351641435521075184429588872154195436832893401377376768322210288552231643517680836679788719657624627155002742347832619875088027844131765428658321550916056218117091128458922931724936956691755273431063752205654645446441697327161426746648558740101431403225035082040680413617135027198092012856651765704633108207981796810124291787628153605902684383867270978054313776853496422023607590101542722234326759666167510986073144240822060342220284402471116154370772096153554481046710022265136069874821221975723536869784456828427681085577244925939770923591041449989222379112931394435101101086406351221305274192139482329196195433836535543866491857 +/- 7.78e-677]*im
4; 8; 12; 10; 5; 1; 1; 10; 1; 1; [0.04839456902684176904614933043545974991441240114991686362621447271216811129595376534819621628913829002440876221328936770801777198835834216177756724402661199599563464905450349037804896128385318837041503916704000259979743923405183592694183272661177875335528546641953418426070084954285509057777061706915177256828825179372808722544782318409925340623928603153393738829956520318760951086775814612918073988573299774032572519305962333308953051804093215878895275839425225981072873103465989775037672778331940532366641424642246010698235477700738829201362659713042641584937744308655490359771436523676686420207158447376663639327255385526687629411064452071048441299842571236885381276903248 +/- 3.37e-675] + [0.09895178916374851336082101532807914510968002304758123779982808986290330362421645510386771432797545076831874144089753672378931744642346185600981490651536376617188891112762666401154293166314884136434833433530270483654937592751759546522792777327877438545928611882053470487635113871359222171815442596030906327907125851406965982085581343317436940851148661042250218998623426850135577582652228540223099773259404866296204172620116268122034526683580059273706222781181629638584188898376154595731258698138017414164640275758777675472069074260786323131678361549283770564388645877948473434850386529197858210160508223317476275305648872131507642325501341597439628893885621933235112861744314 +/- 5.34e-675]*im
4; 8; 12; 10; 4; 1; 1; 6; 1; 1; [0.785165601949877677675610030787399235331409975320890422940310780604817137308142557577866246978963499615340507382115683837818820377244708074364170001549273614544494687554643302592841074795322945767432346235146562675864222347379424953027685064863265862936033992925433386376848983548004930014458089985299868346411066692322071750915690005741334843476518670704463447367622731962653674128980540289399077078388525853757396610931965976117491472269529633250308609805023531318123403432416305678751785224994900342728498752995878388546230161629715134239172200116024771623068947052272737597833582365215222239212371342854753239030939792324085528819866434949346331047861423596305509419600143 +/- 6.28e-676] + [1.125979453695103676933396918884124050502297942421318735431520165079554585717897149020912302174601142059748520333877787715701419066647239239092349455337744119548305891105648704675383065958508760576687082274362264225854319974497166815596460129386652071195311385199122750494920091551655953002310679399524902800914542990658039586548741915931202388557392688143534048513107171892226771111687813310960748591269510301633952050561208460697519565298122421019408546018062352034899513880723147088692261973617067620027773167648666746204427907896840270058330519918448596195262841861413053728210064033960457522164503758957524680651652203162538482797106151993887791432999689225111895990631026 +/- 5.11e-676]*im
4; 8; 12; 10; 5; 1; 1; 8; 1; 1; [1.477296938792744343924050839651197670480363796297840945149350707431677436092285766461317959462158893131082464964281928983200183551996295577454254609903483186677062731855964414702527133875269580517656079208955901195639890266460800025143287516968877224513999327885752568784101075755232922925061383814308198685346309958551477139994893796583908056965344503491619953112251745447433180791861789526412006736217022113053922320425044094042576419847584033149415402325482199111023531839778033922848880201206892440704491730230930779832739358234284307514754820842038606646808670063504676950565813599816384312016791827138824431589031437552522816917800227235018611043407229332898659759544695 +/- 7.57e-676] + [0.049454298003530697888491177742935377745548511399371059975866471135963317836624894160699072941826755660105519610377225312188877209395684306755178074479736450128994347217221506787446083191872220700039712113588300973643405100047104465619845741309610540403164695569837405682634814187058617352630481314246450879959344768093541077283057066871973880010994196959731090711963655950578869140292849896151928478935824880673544701555004420891984914684616917837307651867414345510695710432911748108723539410547538636887028135014911122121184405800414715009569569538228985876842424963485389978290266221714239800194665592911956931005224227950035281403390131921308921867200613556699095537987848 +/- 5.27e-676]*im
4; 8; 12; 10; 7; 1; 1; 10; 1; 1; [-1.01783050715468044867130119204154955476329161931796699238187125710837075057165810678522539788743766713823737525573259125650125181621639369009523669599458145721660841301310839230235866008014068879799536004880239498271232918016749978093055208025589059951846631186699805151337694563160391530620164662473257173872383660271910314628340508030566920145796145576967535810445262781779153820325445866762519091802863400639112981346498147796459715371047049292321283621285357042347709497447443776730774236165005890599546038713647382428043266215380427786527158374878407842448219671272846615992687802084723775829758593528171765928249512877646235333211794675157748390480760145588725866912150 +/- 4.81e-675] + [0.60272379866668165531072590100735125987192641690425471141236950586079398887806443213206755659371111800429664356399323523860394473785245530172785312099061561898679609277238884005480139446949846713771400162850838844781731781414052878033099534971743603153952007772618581736569556975996276388421486148563239951687121689386625329441587158691993832870468593456077922145269626368909507169875793121920269965616191779217410928924469197374957162282088480152572016235910324071838310678979156386558701711548660428343548430737507985886318619202369197360157053456048258113973535528613115773722884761773510899366523076737758151660327330132074039444292426460997574564286408458702122934385634 +/- 4.66e-675]*im
4; 8; 12; 10; 7; 1; 1; 8; 1; 1; [-0.122914791669894679579784629217957207177399801542134057581483584843613400671752805013542879125938142908465046808325855693381810948605978289457415990710387077663211913978467710793527450818314160995748197148483153803384104871418061879141554592937622227602535429141937633710874741960405688878807868255255093925344547275800849036522064077776582156144071347445663857405993666969944962830227428192186015009499151784699991982922926223496169576936305734900395861773967950516324689814878922406355257725584787497733889785232295174999872129575354452429827023158350034476802828951768998579232937812502238724854800141784395189009151907809271186154960423648020631809846233251558942191744875 +/- 7.58e-676] + [-2.652403919025874209253051953431563234944526705449693898988496263716020599164642828924542561942754324026617656277601241434014194276592331968872374443549300457327055651243930539408653651046732709904347842448805952685077176062971943991545770815596354834571187214050677359900532390444841569208799408083019972620808947541186998966346205413601331398773471481683355888129388991915165051762614459282876925378364779688530767367022577903011766092699018630926536901882937324444205753610427556460560200210715046304839658392662776585768372685199092764120899902894115175749676558501467684480026587554743740854949901665868997502387639443243465714143781262728595616602171207590723099998425418 +/- 8.50e-676]*im
4; 8; 12; 10; 3; 1; 1; 11; 1; 1; [11.81743319860466603289549584759528432262107568288464679674394681711882024617322511280626321932542878413740189341991977117076873084939314645283420066381449444047883383805947288699954458626757036421670146039259874402164024532801013623049917810214185485258776404970094929640728826967198431870364822546863637025358477730696943321796782491776718739365599578473014278944626535767804918505221184445341773687010293320425234291296382108115168658763783495591667542861245279091702004282075635306748008402805233982236724158818520197201677329397918561433457503787858671938648424028551180054675497683241351079559491039231429744361041792098707601819373105944058664075587849100522776059081278 +/- 4.59e-675] + [16.86252567418405924316741582785246625805856941959775288410134418418465284074384978788781564965711674977861706982674881579347273940995950137699051507115882596245896616256400702629849457298305359198475180377197517245902940393571889433214907121573046991115988248203484389136499041430389582127216935485237395581205251119880773990624341021231690772097002594160815509569571749943458521798051046034380007469078658584447817692994131613444919824043581550019027876934417319680456816450786309600503972084672576188289727489129772958052381022794109650887230433656299421602292302631136133893349301138000313339606053101302995541568251491476662600496887380851944968648827178583966373862405682 +/- 5.57e-675]*im
