6; 9; 7; 6; 6; 2; 1; 12; 1; 1; [-0.615487855607042481801938145964537303199717288434965516729603851141556605386101919885705874348106748044028538201376203691876384761174330653428828722658873374920812995253443003662658619097834568395736802955997215448690003844412894301085735264818529604039123067351755944391141498613518882356903538084653892304160191329837595401547498367742548090806987914571855577721720032840663979457491543458853591699636294749032802260354322962946106435959019681734418126729881724303258110043751695795782957665334612053496664681052680277533764551737197437500958236417698923628849981216142949438579460916590466478554483263379843023844029483309469194480913616974642941430775080050032365836482772 +/- 5.23e-676] + [0.082672991743788033258085829343919075220678403570821585765897584225548588562919950996332418678394551374721508576552874591380233446356448280873064958008322768825571410764360489138100761994426360589566761876686543603783349714248604287478481973599364759156180799448684404544198546695918970269116553411727702309175778012249121106649778352809094704858201842328090642735790708024513240043832789391429899870819398702926027221971818146172487529580111405475999407293240025306590720145023229656828538297197466028601306337682199768574341331906849387605520094918073074274740647345724590298458446369337554096351845957501766258182620796975653461737695778971070163509064308965258771503897697 +/- 5.80e-676]*im
6; 9; 7; 6; 3; 1; 1; 3; 1; 1; [2.896998408758488378055250138733935841246094249972223996563980146359899601456378721341074174171481229438057576124347246939921184065234509316422999783134589655906178702605730784726002380185477973225232347695316988430147558687711083480485558393323223155466469012176317930979458300817226236370951927993694136350003751183625146670489600935201652549145595253106022903555745350647760704574221823530983769643850728240079958948793497275857927071455668038276165910404499520872574673811892856064066652474650156230347219395109265970512724503497250375475851900508722963253282788018627916611633519374679309556876603285734796137471919622254247409901720110464332935007934512021928416708469086 +/- 2.98e-676] + [0.415560869452019636707242779029166911366161393001413409743573222082448935960475285776271068189687299475650281136663069931612883430045000763516069838474131212637274887800866162828086565526745472738012224294407164619105665828517639590712696071050341428039257779686704071216596661387747841407444828831527705810653646688711164599852152660639101153094612686054532683729869708129985659453867001321445081823689040468646043634867236799479104394462389246239914348730709303841560311322097986972264901291297891473539825536976326360037260711230519711603640078479600188315018895011691187364834548816671433801385098024413304971916033602911140622757430689899437786337953527914856027398904021 +/- 1.65e-676]*im
6; 9; 7; 6; 6; 1; 1; 2; 1; 1; [-0.188455507445246328211966577332789267667860212743026488001837773351324284842090849898859637537981303160180202352566202296756127745228082655327176024276893012540502372878632644080532007718765482445788123847943690956608318596853176680595822535339577692733797139629720255580387850173445205895306403167715436343091382493184623645189895764701081521979058097157995887117901601211927938987439922265159382885328113351463739758677662350223982175393878150534055478562436622251432535201763805882841385002049679423294459463657073217376742343319655608241754317996483124958854062495258349830701078309993527084044606096453127527118591477639267295665271085408797110911110036162139601254439341 +/- 5.25e-676] + [0.9399661388638741621894098962998298749455327534403380300461030963367494934252705853881087927390397130951035311688162189081193905065275241314531340864569288184054040651031763846195623950083100021098271487950984333383448792778793746750680448574493808240802380842409841925354206728043753146569753313495015016387088639181837494407496106541104957321013551381544672048944241027801562746789519992645612045495669998336693224321198416585529924374654546027127928368935732938719848564412632308997816079262799957674594476071356820096725640687646055634531645759161344091002567149921865493314786743345527931565689103421080438380514933612438759648499280382103662880803212728547437040626104016 +/- 7.77e-677]*im
6; 9; 7; 6; 5; 1; 1; 5; 1; 1; [-2.599739730243431154958722023512987335913451509624538326049848522751403745578337831429435635087892909528573186177009877723937677858311472493243066791400596169686601710763171034246138984579102560303121799748191057384281438483454135114629209782328717588590749550080561211096929366711845576321066108671561431233833192494931027636929758873647289103126039243723840265279691187826672578497465208094315315555780315243253256529385952789081777309002177252905904559322125394993916187036932124097209498395098313294162237636810883354189937161085797590020078778204160945298666049009504171676215724758684857447188316379096523055803618921335393038422040377894436575873660932596613662856043633 +/- 8.04e-676] + [-0.968287970857675655332586939994001477355487956064808874861816663028177422153765719836016787187014765787704265531675946310679048711856652207374373237724096293328859940471529363967486490709756076579402172022684544996412946283209561710699075340736387745129985278304575852218081460278847615364331821222258780491697289484471692494797913361227097751226433191754821086937808289874141824896250299764265972996377351723718649232333400220495328513508935093670663667568748450375539079024322461089093896492340524105177954454989869011244026628112352463047856287868009819087691683724066177992608666291824106767315270699451342351576392771666678985630248640592472829449319738474990255696112505 +/- 5.45e-676]*im
6; 9; 7; 6; 2; 1; 1; 10; 1; 1; [0.033107220844161478353591746636340218661940326661184097125132203870576132900528010693533213251943659032994283045761057605824051312253449748662910506809584326582551209226817265724574237568805578038865823347196311231880093165628203769805383096619006344315394938220938250854249851714071086517463483093472042367281771008432899657298931123068977827533494640011220349094561066521338060921673462184424756313330040670937546373487790289618412480325668487050036091633892549894381790937071489638676719351572355436055111430038817496016848995012531852144325823019438168807296320776125824430010092289091033974961727495042164576414082229765245378866190431799613230821945462205893674594009831 +/- 5.38e-676] + [0.045344528986180138474327293798110662761955193544024947189290762288809660950662197330810260569252821893695925805730869379043885108247485687820201738352624833666466731205851315675920269575552084642651299770505762542447319454360450689136730255059590182681310081805122416595178574469233721999620394735947729351680622779464143947514531415178324692251508388372460903318731385020992388373290270458773334872908649976650066278824715693668913865184255339315004717618840330625526908097745108979319322150272640126063278599717403123799328996428837016531498338611456281514425289784960279481169320179451071681436720340753728238680408424370856727951974328550633760658305404521342138386354402 +/- 4.42e-676]*im
6; 9; 7; 6; 4; 1; 1; 12; 1; 1; [-0.39282884093558597399932555138505138185529753090534511953417693034009627724693759787079963455382946957782300920601990424118318187064919024136322381163649672196978251582006065112428690350907756587834656957948025146206856985005802660300621818252921754487147760477764943336469645589547292928576148694833319101334518120710287297022963520727161482391702224803239052084514077746822161479944885572150912570481775458699523889024280571505338138056847460358035682445785615869416449260362358850999554630222586889948345074139880674537807177081410520549710761193325125566888454202552268449351994705002041985705570171731959273707465450126710528620145972782079296252752059888850185207835820 +/- 7.89e-675] + [1.71697395890416281612102720732350874654412990649362904639431970283162365063230424491851228295075749899738890325312076088454172332943801299862389451807157133255637721032103136583874760684727705404501856664856389904812965630813004425124797862396883762754819967351343700620662901855099296250452262897295300290341508699072650933582208309876820184297949120499097329402413484030272294347365907833023630115009557893439904136515800854205379117245393442807784097029052164427068315891013326221083207653328153642856693729644680106322937111789655971156212074694721189430169756486089688015810191666989806192038339143956559831072539841552012621895440322040420092671076957989535152625354820 +/- 2.66e-675]*im
6; 9; 7; 6; 10; 1; 1; 2; 1; 1; [0.0591325448740277465241235495623271475074724307075151831162566729967855892044702185697296163974398795399040550728863937103258747353092067753480640377112098901635260274687103380391545516102673910347343044272386569460778311958842270462387603313129061930725750732420230455713578131183729142166977472524160862553486708545730491014075199895557084655164092211097758582151532508730173472349319446278776172354367160302051692715492581812594130018572123400539070108975611718632676714344786386685789507290779729093169220894244854331089309987446417367148552221797539925073518772469101751448808945353618098159843242671836592988315090263072981292994397109227887783084878006193908772987264564 +/- 4.61e-677] + [-0.1019142160187001185275083379114467075510661478577372076839132075190572269977096540598782076057074097190482146916000100785066240600014641318881569101227561766412287462905462024814338632518442175345355933888229483434948099167537306682636013360081937785947317372148706600620132073467436612372639206495206082269120696841348333842412280832062268519638650733760635751959265307630846221600807431583755761004330722443489802691663700912341416779119061833611207709383095430803596981956682703185147458177275575270981145151356093728502317181685789336170438080624014547581584192700116707604930639226696385128863196265108706176524286488511837146340817689519609278402862705125083628991540267 +/- 2.59e-677]*im
6; 9; 7; 6; 2; 1; 1; 8; 1; 1; [-0.1020044000007785502651946712545444524511349912394035917419771189540096486971459445581876030915227833981705365992823274860969970986525405626917199729155499761376562079985383859058903903397438653639106074612488697072815766273574353309247116428140180157737531384566294188006770237967588935879236538282625150902830335150022311277964367027165819722218024455501266113171856699607238490313848212396052760153727365755097882409142691964546642522095224767016474984927794451211006202629019830140686332383686267232958944530923687203729126375434644135974249288549692393299023818658289505876676796521544327181629444580057783013950801345306339930506892777233322371878161576861245377592726602 +/- 3.43e-677] + [-0.0646971695367363154490116650647753778321261148806078966866514251612830607284770772954088398991579343523008577069865785904562610979778011467864561417021040127189295613874462505135004327289132680569828177569147179181548974466718893988159457979219650979041329816658000985000831074849337944407284437843579703374636506050458880264357806177795532463598664034591872596200226360183901062418025545726177515466710575978028876955669884095546263579698552424416497598042400569321351919065086848733157410583382964967602498005292335539491056223592594415737605073187204679342980770911978339820387452237233167696981798142250071735398432195062945883473158894657028567836130215026071941222369983 +/- 4.32e-677]*im
6; 9; 7; 6; 6; 1; 1; 10; 1; 1; [1.462359730768343804001003049815801394319834613440528815923387748457468218480220349691721468979254161760235719149245685928697656881064712022470981448996551042019885855554774099968897689216558838407198362862655854635742275284149842601425579713927506902111284009259474383105020744336162062899221657881888622710837250845758495559554463039607686603274969165735838664515677405118352445962588692166629314249214985354829354018601016579169344972868959276290690659135614547272957224344242906313011486371706331626315757722137623825216806720940843563380997709588452907568196928910634827636722042863311541180822934212930337916494757976968672540593697436382323472362762217621645109504544912 +/- 1.97e-676] + [-0.177562618694263268016495870261803449468313858252565864929654579053014104247525284110250843425559825450204250651229538962658418056924662621424696759559454979578698480443667782561601921916992264153085349244452082378651856736263552071772973187231183881515044360895916569573804648726313260136018172063968875284659189199773792870659826106187554090964858013538481772394807252403575774649910833155167486816767957748190550296327934099399731055296185163369979601203023656095252513919039001574046815134910757644010816926510633756295651152222036522925401676268831043248244807735289180976760672488209049598674211171029579978368956436109104430910877273884454228621548840276498502617669587 +/- 5.39e-676]*im
6; 9; 7; 6; 7; 1; 1; 5; 1; 1; [5.123572086474984900064892165013946318888051732523691412510516411995196829358074835658576707786992547317283252494604304805431425999456778024829969862490646943144911501935574606857501413329046147538130751498641092036854664632871505762064407974753797042730565125660415589927319268501758120949205081338603349457353796558341696873486149667339680187403393899614519775653680168401721326038291259948810383442157553978054525347879532487859919256344045750297620881932022503255588440194812560502514283494514028155108728439223281643554774427588914573362483015116717153234517125542854035679821116317428802654402201540184314507747292451823328204598621694150377253305678567144321654078913470 +/- 8.12e-676] + [1.230539228642901547431285221411574232445594021996975891400979626412760560881664693522083779277075460314209662026040567651041368718933290002940631983325029588496334735561280264533515344136847109326448140955275023551198534034965545104096398032914150751239401781713534473382474951832465770797551303054020356528437213415728220530641857158129089535202146746232105603736283453431871301751856181009488768335397776316536653440102959454681002378896460450648777587547077650841889199140199718738288454286905154477758557770460975427281212554993813403842317266680892197351885036013451602592058419103798428589230500980871994560152890141122684615000296942642325811209365932085645094365116699 +/- 4.62e-676]*im
6; 9; 7; 6; 2; 2; 1; 6; 1; 1; [0.091065360355690499500342695016777179371278246384223045109422987291850070302590335761573523294959133429531750949422428587247560454945708975560885892224780400327116700341181462306771970491505232140092979163109449709059326766437240492697330158472740918495527980479987746891974197870116483823017121867391414540430185781064976207920324944607615317879292673001808762704241693029052744837897505659724199522607057902577312116566713212268101069251197457025321340096470030852173373673097083803891601938076063050284202823089255324275807014328442488817301502226481136352972289626679707506346059292428229618327612275274017641513342419208273833536727881328585987983197573404102776858392572 +/- 5.26e-676] + [-0.191876832980214228303327820897576230723121539763056246791232009890876968018138796516452174367046017720290710061070722397695046479476825843364425946750446493461067921095535700672461518116929303649546765047769544150449574321887613861172208636561675416968374468281857504142599977560002927139827578600298583095067770558646746001698957198135709714252488456298823836216977307254259530760479289439184516201661085878225665092024022929336580665430466591629049125472794885108280506726696798262969021732533390878955614007552402924128127773692827378065541334722022028691095782275364875674883715959503304596218706741444045597822815977419064858503620228004639142136612442788895446185756984 +/- 6.23e-676]*im
6; 9; 7; 6; 6; 1; 1; 8; 1; 1; [-0.120482987991787833422853060298348485009806387188428882089430649509125457466746328958118466303407340726813742420800749754410973361928151375493985803358583427249517846124607448329520836662587222221942239140166861390953956940357472592160015184806544918203665984526538527537316530338756555385991665076207489698114881266503920014903712198916678409754219005886769206031520455211607320529057580423519806023628920111907108003726450255931216242890642106956603696340508960753953765256393765933000069053471229778651088208572283510155218338693874221126729563366164878749401935050818475770426028291983744569441321466443244360901348925917341764173556561078952036803012174738251213327950708 +/- 5.15e-676] + [-0.852967003648890347649898106178649590236351377320580272644662060699068991066432504634977186076549833171134356358273261747193880278336585020834800814441549961132870984557427442246606887398589148484712434003529550487588690243005958670714618851722740188401353046067873918490630234628922796822974217761293620094513723768077605047399733916237206684855460416067243853720936803560625207606512617066194664137179719756152690881977973628016726598792964693669266280899936539170993667754605885566292741887733946342500112727684918156714806141002919758934203539457439181736229264528588817594620721455165040836465066866722124801054536180376149577621337342759321704162821239404830467001390745 +/- 4.25e-676]*im
6; 9; 7; 6; 10; 1; 1; 10; 1; 1; [0.365852532384525553852099433548362576075099051292457684467776447117599601495615972350698267385709100085345087339037270016334599141598181317753965667490520921363714478201118017710918112372384594998572768494012274087674554846411500661240445698211394964080076390474634278762468831291164269720986405556050966450886757113963487800372923890118410919886519017737957814206776449542907380193574385552156181680896916352489017706554516455524945356293964285705147723429237453132331497808002692607140874698050855331674232959464431268218346851814279490164902494371214139971132175090218005668928816559831681117585293564504899039335830745443961451570828338167768422361255136346922470463596993 +/- 8.44e-676] + [-0.024886553832373247942648330598102474146304317230939526495806705960258500783482478004548568524028638769998321461727845568150248401574212759371726581692320698431864079954677003576088154547433878854726590731741980916111123834449826265382177861947004435544725723624304022345208886779501120995758611187458428261633874397022002019120650748951485572306610855648903833800047960722376264903235224379801458753682060466488901637081867757850817195219727473113981253712037353576813890962126134829794249980909960978527047194692862165861922346812790165901721785266415428602268812437771520782293751891043316674580119289702540097436598644110842354263494251647311483704484713549357242014338139 +/- 7.24e-676]*im
6; 9; 7; 6; 6; 2; 1; 6; 1; 1; [0.036476338558789771880720578262286015245846316595171672475446545564888069836667945116348417604605165110246085166687351682236521381531529640370706357128456795632744734203683538090243369640465222422348593059911123593230878958957376269686860214152274239614612545350272331617485132947351236373913459988574790402421411346626244383204645160484825954893788185312002267651259742229769497381777046940420525740291293381300054154493718316166397814809066082309003250950286662793860594971692628396730149281995922590816873108036943759778412638249778096343347883443487414963023393784323048336007059020090727932372719290246590875029807746202392901725389252429706780492327802825907582185276224 +/- 1.79e-676] + [0.150612449087567767662030720867974219184424613770393857248889348795627721967012681451577445468826116011139142397633348967068314334286620644814831833025101192401070251107210201009641272862755477444314471837162027650429678364489946722543660356395737417050380252717847471026690075000286602548833920011007848011183235544127266034641901732833859212087476366362934249870437586290271663560642047582573824891709415844992831612710441008496071334180296816657565171470019593973215212162789325535843230852655579721039166947660543393059668031405016162599829485212445876032965633024785451991068509771971279737856687484544157438728945402504139925772970055395657693930812738334161333840037954 +/- 5.95e-676]*im
6; 9; 7; 6; 5; 1; 1; 2; 1; 1; [0.268231483560580296285456720896293906169439508266094557187911878163625959285027558956797682620779537109467366066248365467543257545213373852237600866162618557430660212902496219544307209572066775046254075549441690761074072062291406720525981008545327237425647313777639035408235522412821684316375627422199480525329726016508218309623820160770843474239379235674470253042482851093490347887554910462093423116819678730910309095657218361685498291370953286919368506680571778484555980911183679359453677567778263564704652492155551733142634490717336833668126875492132464242892419457558533716770544603065993282231755559337204536587633309808078642241225861928957330431739448502470456170120843 +/- 3.74e-676] + [-0.8756090668259202423679651536791215569043912775524303487777233995368509433604765129858079298788889456397677289426157287420751654932870166719606151107669316560757493955205756969381274706569463221111945571190884841778607567564875089664288656421398102846571148855692337826665544000105049834651615603431839561679065776879213020253382350759125301018717193877871834740223714335344287549046104664190168682264233811924097303629982586854804786477248253080153614873730383232877098869433886287075713683518075826886457084358434307098731126984305495056023417804472319030870343204273289558215764347034316848766816745426325195433680596739003249603205092183461716675937787331970390490550285595 +/- 7.97e-677]*im
6; 9; 7; 6; 10; 1; 1; 8; 1; 1; [-0.584437616456644846782071143069904268543411852319384851895749423652892772768915147639285761549390332448489927970292381308352712302476321138576744924209310499802638224155797685300574899298380053587784802947308144163806224858612463152346955222651450149013474162982324463775822670560292201811320125419422528579190264640515035121892271087257194136536213947324680901886555687848980450245895668261087296489877923721322584377799334124559788620674729169445537104283611852540836468913075506709318673342658578491014747099991192639762346874273088491293570825305133436600350500033751871535254342891611174242039883493883425894392765242162010813406256323635085189671531148341666801316951013 +/- 5.16e-676] + [0.182492566913952507923980851598054608148004279657540306300790803243660716823819019201329678523736995117156496253571757655592998466396013225794230183060307887070719303283698563940796503520559115949181207940984513073988699628767129551632204608605605001836781699736169974814065101933626677434398333595859445288105910695302925515594073777724174955348572781256994783640859155036151118317820888399439940026471995648314725157392109614981474329208359905401107357832217120169202787807452080167433035208513533029483414285644905388078379169134717485822126074175405700591729054323796398015928469242719851918219555333017085644385942329597044797789689369822972488888966328717394115797195980 +/- 6.68e-676]*im
6; 9; 7; 6; 7; 1; 1; 2; 1; 1; [-0.436937502727394640926412146879005311879083207525604159693120973384923147340111108369631387126527857614789379113171276981828510917204925973349107315119376841536343657814752089994444937320993453942474404124435375704651247403391581926441888859401008587654698331851355979649866890123215295200031975221496878263988774070855305226995810512511123197090716671559229023265996876229583590129479189537607665241776902944230651498866756947728390716382321874948613709266396350022995795774019795664249844859373028748062073258138002329349938026474399018574080592500646698261593986324144142285192375185486845022662096549553330896131893994308964421465394551807225932037904506991557413166737596 +/- 3.71e-676] + [-0.5116661781288681129854115243675250840489047663641097173436341235762488167645922215790041820272985195884479035887125136225310649082242452748331086179666372423981065838195498584071550305765803520602850278280510553283831522327121090384514822748652931663264076922022357303283611886396907822419493808734204452356031824739984629196223899026416633088499211418408860917425516447805011923297586445367397801905163477361655792773063906483784835953579438076763892986180198181849687291127548562403406973815741978852562485094654650161377399523225122842728539761599211796605431831822481856130754487650501158885887933655452346240921378424508098246745972079747854869025809996224938967800923660 +/- 7.19e-677]*im
6; 9; 7; 6; 5; 1; 1; 10; 1; 1; [-1.307635453296705273423214663205717517076208606112256922636356202600106515559565341329258902704273061951433722282753301811044929325335558779467836476367720097287317534178128382428848177142067966383971316529395824849090163905319709540955333339291908810601875679337272839778524950254642679020124941351021151226495167768776635616708033279605820330738543312239594339634279927413365584825374989386583467239338906463830939044834127028340137577799826204167090780997211251483200564458605320052628625955925966748792407678236358491158354686278453299000351309918813473464381571042145732285205525229109227124954172785321747040622317644479519334965923697264365175085741343073239502711210512 +/- 7.98e-676] + [+/- 2.19e-676]*im
6; 9; 7; 6; 4; 1; 1; 6; 1; 1; [1.993316241861773374308376631543925638900375812413622823308537423419603132523485482806577575506641534107486521093028768575532856406936193140990652201771907824277690484341496075259493735771202966772258125295184101521460711082959190459839869234448082909076373595474727609138629661413893089481230608468052181384988627853870893564982395580897538552433175258194146824880151603671368557575390749027747968230902500859441334641248927383939321670190144006952195549313628601107176771151538185998822052191489201358342740299113728633494513343453843255488802651580261421135254161022810841936558226825577582308678408229920985470132414590738172751373806647713551694757009354192570012690243720 +/- 7.95e-676] + [0.242032411275999660602570834995943502677218808134075868152233738243584731874556079757476008121341437016741246894824519487866408479358479533359269170558378269321161855455844995363928034588245130074964422563972208218193355064201277234696047116304850317416187369395158470995035822591438132471183436638881103876170328469980495705107673986976970263225821908411551136711894800680152801327028958830851052466190952752831907224221475940835654970221569720490194182763242802014337726787799596187471952282957606234857375249201938338477000521265894081701959773827814425879983807335263438082616339511740614302619055406241021737119621556101025568154505182546314858833217675955965329376362745 +/- 3.38e-676]*im
6; 9; 7; 6; 12; 1; 1; 7; 1; 1; [0.165024881990559328934320586241628870556423919569179353988796792475967543687035215642429679585737243393956542281722168250903716464192505710579556934491635299256935370147215454161385823139028270787674898815867019850198958760118586411707765814023478890885123553779748226444240664315663824025736465666919229441527633690486148685812764361497827878396205159393953071958311437507368397739583249918109074584117275131063507465985662726843871876547395201840228416192133299451934032700356247687748855439219256322858115923097821875157364122162635243361062873158795762900973997139680589719712539147206946035892378054881077919421432609821230056750728175931033224382399512904794663075991722 +/- 5.32e-676] + [-0.0442514752666693313833117220651847005072361279077434128584176060118597237252247549258780988124469309986451151069846687464168308001819652131363422782027715746796092829149404255515178449288459710231169066146747300065471363972671350536069329746313976671094413828403021697259329852930129342867853116984326129893611085537011573763144676912951971632877452077058449467543109153187145855358504792213826242785137927536156493938336417091931925632986929964018418177121981242049147446435399996925323154441863884524949651050983228201711329130952570096499037284565533058699805625910137239980599349654991415525363636867456429753351113932155123329547099606513500652684247346603435590868390097 +/- 7.88e-677]*im
6; 9; 7; 6; 2; 2; 1; 4; 1; 1; [0.454642625011869107362748533281315186812690348917085244443561646348223222476028452878581047070981475364305776742209672043864542320551054595250115783847522242741407902187641005511466941281786554029207438728203563691551385677690743958369028383544054693394374689798310888752448571252147130433764633308968942944672876478874373234960750915747778792228363567518605759509487690887373305956554836436136891205247737446553734051715385773899093862390545208485930691791674736999408363306633910716830194268757157504361095660114521865989154463819637468654307239012132408630423370868516078531788099341045163917929347036953343858302805264905191927097043456147812236688195555655925431990306445 +/- 4.24e-676] + [0.3220533264295916381661669117013321088773304373143804487810639506688626312461323418834624762526041193649392179632475488590624492702823015834156385167841139592592232030180344346047322241681096795066280214761357605430678939183950850262536034858869216130885233880337328289485119121993963943945179135208197251123616039373347679545100678330752269608500124861419250464126295391294620605437287927678769706897017349851150547359078837380517718541633164159377372877188908756487844815604639508139868770643308559007308147693434279658188325914907814234367556555765466068420752078740022880429071361497694802795962599445687164165602542745111038771318912107753526038917566309619392244634791655 +/- 8.62e-677]*im
6; 9; 7; 6; 5; 1; 1; 8; 1; 1; [0.232921394269321521603290649793807928586031880406957759193948528468760783562088097071206336141655614759657034906249149790632871402022365621443464958313017522276744511091385007420656630057241985652961487778853310432505665002174476342406159351671629289644316392883523888634385998423148296519496610786643407524980505224987638731086912829882217791912656377534138697057536191310538850142408146924478617560921005307094176033242356730978154405086177798724503989631442423431038169540475184982774289966503464082805269046569053783620756918342452090782570321217070452110544647010698854013283153395728008471354768369231620977006373537474749452953329944045749443203058802870564287353283189 +/- 2.87e-676] + [1.027429996822372428677980114221670606569296142162536456045181910952430583986423081303869701489908444461825934824908348185575140350801426356751200338997815527269894334528429086319531475106289388096984133398196478582227130136857101186178384625039796746864423278510962199238276488262617915965316392419372047223174698751898121757699010281438370804787779332340999149689398877079963807538474298843475358808081819660022668051742639070726405953774096685362460749460479002315865625690718979288412872070016604501568521124066240034739160967648925955351950437130817309171296316394800716242264110888400213759817131450225114568626332223218105630598166351196763031311364712621789892174713107 +/- 3.52e-676]*im
6; 9; 7; 6; 9; 1; 1; 7; 1; 1; [0.067610042976943191976997906361970958126134153075781720235683110163206241261731689896505631565415159645978431191970684541126157917738763324779791590005939476446041881036112325663097387484087382440306697659748211985121510165726751505667820907914073635822757257321298879884555831864784178440152249989130178234381715120587953694764312011426672947049509437033248819772987805525154776977035650376810930977137512931288762973201080517677452746522078859042755293473652229858383097548623271698685508082133325583228471716660492263362449291581056228498027574570475643086692101108541126535109736152639172325443107035086849841440204496527407140404080277333355436288871559162766670872938293 +/- 1.12e-676] + [0.0236244713508312740320298497044622205991091358099079415109812843625404890205463061318348345273820131027311188072065893117511593976354263728849969098822575867073004219960674053547771650164015330737616191867817799178765003659390872611156016502644038533317013317696594073939513122406415830413209631177030930286593935146639687720699965683454780641114503552010966351203829446122955050596407615077458018018479485589075514924873734207891645541542660583557788413071614142565458073889424943191751774772476358248112988800993699471951206236605720079351777704026734343002988491758917931736334622882417583529912658476709678276318660684830683363285526989352352377362771909157425150172513994 +/- 6.69e-677]*im
6; 9; 7; 6; 7; 1; 1; 10; 1; 1; [-2.179680361084409989844448248984562413062020692343428408709268623473474147208780713720326951460175747111699928217853242538517322815480236639546124632678003013586844310053880923920875670380565672630033416256747536678481443117443524701761499180325874464758165747945101643431960032316725604854772246032979640336184553191660000060221862760331329584853766300644360647771880063366170391835350942914592512977964147893218610194005332033008980854583290963877419711039700015915031606355818043374456953952122016146716179395002660376723618059530069760212178160960514469853078553582557885617754060812763055581376334219421613519131773874429124921247023142757305629214592334500310081719320477 +/- 5.48e-676] + [0.264661112233482004975179331255973330789607898734392490354716327576048521223791023494490816015307868295982744801316941141750628039122609772143274210624242328512931218197734462574477790470378943414251405989615838810627695417424884111183991407562738056857343525575196362780111973457958757806710381416348117752713601175232373521499672376255238579992129495887328806985658090522893904965391998142017035503437849628949352510084557641961801784676166413808007902458564785413513453446658075883182716283400358111308429828465039354159905104710482369245252932936449874701217162298475816441628776288001787481156042952372849941248863924585416080460222357740844416013182674652100073010691628 +/- 6.44e-676]*im
6; 9; 7; 6; 6; 2; 1; 4; 1; 1; [-0.126065835746098013777781536054937447532118945707424221198023015072105361865680826640153664641283030760602420457380725189009613378813229225122214741044643633854172121996033125679829698107524260806644564163017321018363562543297780288835846556318124248267176234273837159412286596746925467910911345220666933404005957952553651286736277166022795860419762838640464268703649820375878255403629420777180686463578209448414883227292610338417188507212399623763348355373756293261202304809342275633659814158318599418855352530187913760423092315575673449944215884013657488864710321329938354210854121807190838894544897203892954397628233188774313275378145059157822535790189544203771436745880000 +/- 6.01e-676] + [0.008132100493623875985151315041590256989175642759212108221918418142348542930606170936332244478878827503919612363781939913587682818443493616444601359319141764690442985042607816179090920184629778860294313502116049531923943351414375983019681466943521406895913648717780416026152866481883482138450376996885367184495033646516750692021076336059945076563554885523614927277636999846403631043891307685107394588932106524829399020203469846920535693125735951683807171419153659845759688611670322255500933543662403082321779828787675122174639696775027045147893360908380485559180390088989049020607773546677408744380515327458441215463679811620505291729376963467321850151531759160900889239425647 +/- 7.10e-676]*im
6; 9; 7; 6; 7; 1; 1; 8; 1; 1; [-1.543456309152984276862507765843294169649883465635145821456260164202607776735589807879721819736742524031106955772375340431413102734315400077044218437949731059241790475402445073666337022529878404510892106478554908081593563620648568348913416912873396599730231441347925702011374277616265153011361363415952848457419539723464202192738106319555413257189876076527793274755912492052767860909240032944288025764587720353709037862951259530501153054427365165554990548090617164979009873425750335057195708631328434925915457647064597231764327316895184017108429002707610747183251474672968013075792904501143762778095424985568491794753338722466717019749219526107186070302136543198476798433701996 +/- 8.61e-676] + [0.166410955143730632385335271523925013719031100116955329631217933722477548122072473407515292047969052293706529434352522780559006814474601460137708202652154493608436719221859289580208454016571592268658400786519306360034090819932967875282789576436690948409522998824338138801530108831884710530356848689431490504480937542670028274240175627960769915822504426982557207980748177176250121833382669604665341957920204828185704642823602200114831345420407745232592945484144213750827280265219146376900198801604924680662591291109655237789668703585964938318923941382137574707249917918091636276247803174413871034703598986508010362716016475646976138382313169532584684993097578837320907293175327 +/- 3.93e-676]*im
6; 9; 7; 6; 3; 1; 1; 11; 1; 1; [-4.174449525446835374962719766504833744839465396468682333306990777934290076734883562031948114475264355374137609209155215013534976841282319799364665329520359324886844121455675737605689502224738090958917071114759916709300845048168131354483030394083059724878143324773648687134991065909095777873255693583971592607503553068923729130750061920546557642202163211741366376062814140005689601869257124545908751383824255549905524132539377161111389351411271509906709846916894360754007764437731212033957263724104342552898377023951386204900426955440875474151841289896623262524594526363143101713260586579854731130512558566246813579011651719860414494765076960234720710761013149519327527562595413 +/- 7.72e-676] + [1.990936254319241487621872002539237692262224344880082549724592464809592039509300779545523590541583700915372895568189530258988537497383126836473668188518914758838327095785964777732381372869762000428852568669413657613058056030137510571538868105809718766274643081503759105133817121690175614864995098433942006586081161616085992158608213086195576426227740089485625399965902973640963216585083787726871274356859794927621001030156190536631822080733568956731415129999167488127303637308377784787036215359759187574735575684993651946859477607976712839586711640175990145408898783233194118464112003827303916328727557941693385244954815317746447521618847314179604021144612667292156181747819535 +/- 8.83e-676]*im
6; 9; 7; 6; 2; 2; 1; 3; 1; 1; [1.395495557648164356714338694515327183671707189066472351162594529262743444344531804848589464017744743902468215132279171744430377378668240139669060178654945035520954632562214903970052377422112250090300314227136292365372145729271843107274888705176084728646766460566600659878993641364992340124790357655265908067280717689859883528763431760337984854199226175944950962652677641572222914704134948477272176869739972851533603483086675923705109601216900362937342703821893555597219722435800042565645450703354103970350785893256489223260970888324840129189289476176080729812740650656486064837481632257091719894289376302753663772796211058583643557344381361811201262120154799409841303238733492 +/- 6.43e-676] + [4.073717924137394153564828983739707702647922471837331092997943303722487953632233403204698558283980956952802897648931301148136474395787286311239366468254207573978855988404944928068758584890419529773152547244159566602083605184815628218613557724575857777665857735916910078478752176784318575961980733408341199081558614366572179068396914115744356840708949111629623128166185226511723556396080737624994342315484855446601080225182597650360308844160621324572132251063105306933145813530523841207698943566187096846843378164903991122749942111784681150906240785201203297643638056456593952601498956654643242565882576818911362634173286392714758366301679715653708121396765254605250275883444630 +/- 5.16e-676]*im
6; 9; 7; 6; 12; 1; 1; 12; 1; 1; [-0.729041077032845225873658331799633084964349242654982632742571979165360941870284356371050111885820068401551586715500471164748430552202051609814659228174413234730226829273817637073146398665516488936979424210641703096118949577422573212986592522931299279185532016704976290705217105572562944151945141917338913429188614178204658493961275930156988214049162775792144888838350451204653781247421002345660489350149044649193084130734204619066511801125502441931676383640295429308836790202658558977104017767473445539397061109912463526277096043991372153959556796984867416631788271029130517443036445015653879681543455050711775661701485722593203342066395183633196570402786086383379277564124706 +/- 4.05e-676] + [-0.020357194321477985174480243054009723939208694601389648530766078470526889717854958358992484831576043802831188290456257036748724927097117225505183334654186585578204322946206025893875684945360201089979332625278520620776441734812424346017582495846027367685627242036293060075520113179398985181055896193627068522351676064172929875472189045325690434817780308453178768242377419537565689481086069106268837343763718740974288271343425999346646444882624699762831023373803495857721633723319867803552545955338184110481052908170740553720294419208099877347965433548680905462050437908455676658902290517548825725521912982044438665292658242554598702878142099438103216193733285556648228703279300 +/- 5.31e-676]*im
6; 9; 7; 6; 9; 1; 1; 12; 1; 1; [-0.057111827912327170215731226469167882347179767508087935817742904154442482764867758084223826521300555040730096351524303017595551287578172385996708905602534163441865354956477262488152657579799333198727498821601301457905703907132507253860793302491183389260444540529065403232015619256948917272245930374630504421165616092295169960898935104919015742681836831650847866835570738658351529427242207919476932015864293701456210289991560186512910910570864281247689299953051873838885824377788667628424429376893985798826060897722766875752148241665743067169553055071854152784167363901289117454921274396369817048773125710227536485437897335600213736938600588307469328693218951195771185738962096 +/- 3.62e-676] + [-0.041297703394506845977146767420652014350532929890734077401768526668674788687785462917680911715915281962960677756404217388676603397930355669711707317356601050585767986272417017778863796510088990266088093262575677372295590329244660338281446907599655941329612974633776087473477308234631077517531626684564679390572926374170248266440853360706155121133429266644787643705732901871570457720733037902433415927288959077294218902943560821401059180473027388296039352602524075101881447758016222240650156446324616052509630052373358530654598801541745547832201114479486500419013304698489669793929964887258040250393486851960551538345436448017727421366008383434100481434137081600522802584489288 +/- 4.45e-676]*im
6; 9; 7; 6; 2; 1; 1; 9; 1; 1; [0.001330207396203760780472868597525189911697816915932936571415856589968955885065443654786692385878279402608604579684302724708654691818667174061454477295974431596642283837980861525851975821520057321010959840105487085244584145119763000674560108117902637345424763576016120065345599118261365074624723461558701043460390198418700505627983458114753816640562492274287119866192120992111011566193298644703744193430573402677206468840436519910474259163108348753519542627439863208539334755900582668728840107883173657941901968608890702795379002616537217816769722119266328012194496334534420507241468071927792912024605545985400452206255394767478169362260822661685723689259774824703357038204312 +/- 4.72e-676] + [0.001821887379756605801216925679552263925243359984936697688034424419364959856444771394066080732402539545675993922900439302858508903452684630472055875206906604488411510111449910990949881470556453891302800228039333193180391318803558965847983972853784634093698221391982447147611915349734529865786471144503849206240920213211333665263873855068522460018116450958081031156118936728617647114581044150146896251414847802214021468846615827155316640142062886514935064774746646094435124718817620681571250059702064593898074666594559350141230100246020565533614884651563718290917888989380059119590658442104755300948737374417611160142402669762991705120541485679239430760836004045308111549481924 +/- 6.22e-676]*im
6; 9; 7; 6; 6; 2; 1; 3; 1; 1; [-3.915479895512735148194448154371903454789035856109180090984397195018110497051131087799272038032865727605154797709797159470987986782602740375461946776952467023465380915654033835867182939518468757122674263095508817334283252943095852576773237407443625104140469973583127592353966773881070293295327018677137978364210579498624289537658112556281141190577392979730541611477886949168726109743513871711346563591891584470324365787549668365620327099905196707234392214396454504576023555373877102252492642689607935221262430329253714968323840637760099293319164845399515798799608689929927601402685512010007369219335848976741585137846500605540700952922655019944811901126684338737337419400981493 +/- 3.32e-676] + [-1.863729532126069739472557328945180227777376118051404148025760520475194720951248891492063542396973475389646336727269092897728525602019665259526935724498568720485713125455371441029754219645673596726408554988105493933306681581005308157963228164804514362718117721771044025614102625824825146392992402209722643446440454204553065679714306385213263522254155405557299344316335840671180966092535664393131352319718854185195789480252701062694944410880428173514263177237932810355413898346280432796673484279640642683441157455176108596865324761201608423207109427461209424532453550071931232011552010343126804574558993712619587565999211165103752400616989764354362653989232148495176185600601499 +/- 5.06e-676]*im
6; 9; 7; 6; 4; 1; 1; 4; 1; 1; [0.011285659121817587221380264304897364774719176970402958894767179933521155764253882489317286181384260464257489218278959037050140047901591617622143722157470946734971792263879411521776549144073705581070158968681094010135518214474490710042503260402334676690427577864207470189604780939217841087767099772821653193626389672135412790311922483234326632101574965707963904562100903866248615176550221681975598697544519737032043049181357173162993043132709629511476123728840987109029149205172422277827085926099487829734116389120024751244496624990600163463896260628813012734889538718945537965361169605003693970737523494461049993500901297570751472117613080229316308205821141755904830304736705 +/- 4.74e-676] + [-0.037270874257192269812528801529053641437593463913584014987148735999662387387997238355378490940306437831919438693909747630174446278923017092988827091770194784491517743091351006176467160574800052267333919014807329769335700847470159435068411645331854872012772186265668896432566357646359530171889594073856666028858287098832109342648160803482546202461519901140664962294463051963633658216192977293088368423757199656474381539575827566681041860485818149918225705531043961580055140338609785744235900796326046829509313271712368456104254623841555593422629277099800246584664308722354627579315614693644139048854715585802886173943144192172314551068660697455712862296980082950659013659653025 +/- 3.05e-676]*im
6; 9; 7; 6; 3; 1; 1; 5; 1; 1; [0.017195527224209684507102252916136820156934521880435303062062214453547797959759187780311213175149788919528225678630659393677440124191040204624511514773468447700643473035028412803593294293024501477730883447743920376809388531151664252653239121221035629638461112295023005202456144564590940315984375065105748857900798140021151642140232180692433989555124574018300575985969422273700060808084041684132244805059275889924152170748243168654160527610435234637457417654535172819052143923793481180306848489511186623280559767170639085205319955361332971958738815170939705970350938096619561807817834210267897640246695675205658004274105692308712034259598698498848457110868122624768814276488981 +/- 3.77e-676] + [0.053058174799616741673839485953814437717159224252587469423065002922212579013308403319304280701948378667124925381357639842511228398566292190009240306109525391635132567980697665810513432013687989380362356428121765663067913052427009221639898776212665016588079725461131982097600864120129228903808597896699463672165118670084929473080475475462168873716387478786157957751935097933224572414449439626207548512660501777996850526233742504450935828957318753101767380523666885740358847676342810504613760376487903579411700912442903014676857591458160398512169021748629621065238517103736875690517927473873365429342319691348855714849404882102127024659025225211654440965073908515608895848303266 +/- 1.72e-676]*im
6; 9; 7; 6; 6; 1; 1; 9; 1; 1; [-1.354887614739178733805694511688963515866394490869517580823611952276188238495162740156723033490716449913953375831484795109753971544776443828207029337700946243180027236477961756638244591396773315677361693662523675366671868281818011504924227496166496319111057293861767541966595247370947249471930262308618281150446055987564053216309510395951006889512971421242274007417755614270317426472416795007507811517060988134644886718105347793342148103115984646564143554380788968131833882263315293837642604341081175166045446688417152966261298993097510736641071075675711216485851184406043923120622403414577680236506625439748632974224346322998183788632161433919159218983440851840521448100615261 +/- 3.99e-676] + [0.164513141224909149824209489054712779702001652240685684986671140802578052165226808308865997866912462848963470121490122373082771472850676918787319484719240571309718938656525126566898208212560032642616054871640061818327591719327360724488017529180751761474160498588839186634725946435434132963023324782260936916010103109423246449631958557997087954114903320097188284498585971405850856916727950472274953010174733820622823704822951610102451151782602156322954069520366017587495204513767521473741416371264902190666265381945620120797019677667928925486963429777887709100294457041359713160103163107788088771363547161643495455500647209916297173894983482245085935190027970682834041147033991 +/- 2.73e-676]*im
6; 9; 7; 6; 10; 1; 1; 9; 1; 1; [-0.164987423702679948034438499596325194704914269136994881606083657915268253233665033921773215653210858273197994586263197164396975211586434123728915466804493330746289670551329071281983811006955798481148122331448462945445252444910205060139920679124735728106692776292619631822125452924307047396491365912001952825954668199536222093515133311657421451794631187478110712920580434727984607760984369252133343863178460725798857990090928365773586840451145962754684011935969066046450581859182118357682576826742192092166814468309901290537824308078301884791742029974884588219990726005805689784553740190497636434138701385824034444121788974256104540142772197801328805012335554399485599746368291 +/- 6.36e-676] + [0.011223014843931112952179720113604099785158813698665531562081844335179955661196532696025907303466337805803395139057694271312065603554576245263399167658496985747494016528462288113256022566465756087085960367001131477583619075859999759058353456349138622526532115493440044577687652168040466872274152900453383234735072266121672452478509872197344498858512198256140517761127527715027897099911669920388016718765311520637276309792949657844199969348665713883467780745098441985557739478267938581943296217570727987531891229474774084967949048232713896939897548181415258607872688722203066105217070968379395516809123287498359674004232220355551081162134539677126148386520595694258373672405475 +/- 5.40e-676]*im
6; 9; 7; 6; 4; 1; 1; 3; 1; 1; [4.76123421123012370450533043960465840807105682840377924917430161871227822553595579596085942520096324208791769975605336406841907645952220444650493402063300785000363465931315981894347776311841293519062559032776160800094310188176737084361212102534576983225639949060402295902914688556425069447254815081983942792290161000590763578857012000179570904408641409644343876034076929591854311064470534481084369139359090841260933807799868710246175798460085144527646339036868934013979223116550956497680642150040409398620704474291091664754858715180647158727677283001298420029551351153027533500317085997019844000244363952055737099426324024345253908260551530003124631581676552248682396685569820 +/- 2.28e-675] + [-1.127530442736461757710144533409823907809105728819267610714863285516937521036995472325399546331333443149694331740894239540261562677523523615748366042701401520141010700848811534837533628034866202132077886706215952742396111035292639987031262863975642199289772756146546333881540257353857166821421910996978684430236335497518872430180861058033634073699810940367728104909356921996860133813451135265618894638397338790919741467403684571580091290868385981748187556079531655168151861121695759445071871165646775232336859255921782723313864450244437803160059054228913510999790768657873455552741959685805539508281990033412240026284264744228188756525104150062098571935750343728544666879352156 +/- 9.65e-676]*im
6; 9; 7; 6; 12; 1; 1; 6; 1; 1; [-0.008247207989169200473045892939128868641747733087074395160054704409612601510374870090814344572566806293648519925358988284366771379520776745091145134701048943690256797706741129247031762127313446062122009236623053441326297918519995845835647606411326200558763700248160113160147599777900174549541876474334982145696093362272985388691276689353424075418333570214591421859730201367993939960701925758433216626180537830259340472353593022578586463547454933589748001394071869715597080344209446567484635587132860504453579450507856431987676568546858539447714202689906006266510075594838066868205636746124299980784000809992000277984352536314822468668119777394202211405928544924792522308415579 +/- 4.96e-676] + [-0.108058944034526485831154834455606885592178085988342357492806373285641680958510229368125224903853611415573469443149093978206978852881175563482062601880221631332331680197330515339746482674084723282755867740383403021717076282979883679365713833283793556726935764973617473242720094351868328406058633108075345587737318706451727162407134050573587217683327892012067106933399451573037793239509697421634061467439655892726049216207855283552364834009736620725534614855167142281837890613676485631118116217929667809741088766785362155627742702750562006022614924161068797746506944941605267800201840816479824057667991025639722066541853407111850996511417541826059543040146108238142312788046791 +/- 5.12e-676]*im
6; 9; 7; 6; 3; 1; 1; 2; 1; 1; [-0.2109121472756502174700371615390066603006930650889325756482497080883052132717652093263857251109984902900950364832582138481475536180493675885330997586916933493615839128565039879686352196066142591337652125288276633956359518742229376827201901373628784267739496289803671738444172538139878971030707711854624168934848234108321072038050093539538631399888881205508277978729126600863125834934812941337277083037190368517981147582166275543291899522931647905417815625753396656500249750062429940045460228368728140627681302218704637590565237660224675238736505372707545906406613988233790945592419307239052040363902109046426648312519310106539297648607561809731072897390604233123405169152513566 +/- 4.86e-677] + [0.0824571728814201932508630311215545961220673200706274742433223741226028540447699205215928249062540869686217834971070665238273767757771030397124143466072414876168256966441860573950691835250957759773057243816948729276757646244730561920989116643306663931022372834226119184820996420694592801804840418838555073865241360651088193942915192805309345548565304995280494408602049907042274203217157821557888122944603583529761155244198266458314152322799271670911105727130330458364797675632205226288716711810197258934778642309619584265000695924482375063187560272164612514670588316354068275817993672289171269154198649836760042509345051708749142978015360356706507563175616329382143569000128774 +/- 1.69e-677]*im
6; 9; 7; 6; 9; 1; 1; 6; 1; 1; [-0.042706306553021550921383708939083547339189709369859144970183026923888130980495854456240281019895703921145325052198038727824462959436409141757017409879710205676466812671745216600682799714438811276317042560385591317946187558276112060519659714098422267873332656633905994044826834165816605793351437523487808347658220113456407072137166040026504652759764056316821998025149521685863813373679219424718382019412325445313386561751672675293922893056082331357225343617166600128728544091997636584482472804057268219514631305832963617516970253811449620855540748365427001257863305461950395827989055646922339550049996876660583413400511354824018433659636698264488558043140627824440932832727239 +/- 3.89e-676] + [0.074247899205900064377470281430345113344343194912068166600408564948784045819053299670372177882286391066780419173685684612205540385902990590353448088634360893845473339187109697883471191421322691222234989261094189718932481930085687233829065901642744483104219912818324598990192197043828160558177364204962979476128717665801472913500418728948261039225224990839264911856533951799170180819345788130535580586824940718370686879204527255716175831926525503622633098444217423746247505531646451121831506590872995593031724621458607925391640125380043289849508166410622661760412432420696779234293433807600404468675726665177974025876384504719826969273670817205333448762925813210926933439799469 +/- 6.56e-676]*im
6; 9; 7; 6; 5; 1; 1; 9; 1; 1; [1.830991947980578882122987446998927980873927324172819166510411891721472411421183178374116439612106148871115951244272513930272398877472420683441768764348426230172993897379802154424000082149201125112958821229359830094918460694641165361866345773003168604697134581042820969511630256169369309958123424950864053393013971509932739314985245395823765005423666191836243559922330790970851210107322106907021255789166487126118435960902710355372189461149925034403118332678398527232474343931404835860851233376120457145471320910072478422098046089840956222571064631618400129142153482199017171104067235844221922687615859312223744123861321952155437893856992337213361823903511200750846465956880938 +/- 5.17e-676] + [+/- 1.99e-676]*im
6; 9; 7; 6; 3; 1; 1; 10; 1; 1; [0.05517136244749389156319578010708875939813614035333941652265925382390162046392137296940781130768763826687678030210265601460328856771977121684371444054594981676317040959897948027826996022194241785862359053251271237966054900496685151419215900002057120559189962299309231012177385579842623610886451356546694094885748919944081645359707316620101782144644117142778539577284163327067225787881383174813646226490182627034058257132616382769406977206465673360123208028525150036189932293509536558652129820630144437100621396279022696739235120883735165415578105024114478430021198270717187290643136857409930755453228579499105704783623586400989039804630058844771312008767625953192106482166520 +/- 7.40e-675] + [0.06964630528631910552958012854834780326001613866952575986610871637714029225632409954128412075635917576550807831272837135246111026828793415447477646444575985450747712760129132393562934944460983052501102602595800517666769843443327005480475026435160144411432835383762914332191952200917709127186603103292997194146453947775361146498188435305804848028374132349388234811982730976206741369686843876557727376492608303688538673072771926768805998357982323429981263824578556194548713467505660465095605924248231454978760436010378720672164885266298512971344952453390310891691837283516739222028891551948075990386721388553605387312769973923791958659016788201332223594427453946992265175448239 +/- 4.06e-675]*im
6; 9; 7; 6; 7; 1; 1; 9; 1; 1; [-1.686245325907059825118868227371926616680428737099033136095764786042529860313648711744715134303024056828543914483710489745364630480329737370174812050562014531848377710512530989224554437099547650690062440011720903982075004680968277417812887178690559544061678131222041901389256809232520182936652909471355299634929789128409729424104828045088791424791490355833262057534759648459790977424746331038024054063834898270666319660864906647886836022656286897432268143620310365927267936697815250297799550155439358880991639797099965445310771579634657955688922522120239250583453762853822091348803778534678178960430848062538508261852263139748425951142370923681876814698293723102114335371241064 +/- 5.01e-676] + [0.204747251670902258546830428034496193513993193171548180742307666115908922958421789763921947064081465751903599625815044833701998805842225542081929422857189796807616391813973923382065761599089070913414042572721221087948381552566631843979846178452262881475053665416027659647927491867079632469017452802851759943728102807665484678049930634968517680249633933413597272658752577283503186759376904052814410751422956914391824570394259400812553536284396773043178112129460814294455837256320423097987150596251881146531970327670663241034143203684329047576603709564735786573108625371687580136861240529125906008330599210845827163919523266129333896400002487178002491508206345938670375567247919 +/- 5.47e-676]*im
6; 9; 7; 6; 3; 1; 1; 8; 1; 1; [0.842427252306013836631739892280287094895404553836917057712203876585491379997483170513075566462724920208311386904311266411977401185841233940431821724566487555062569253442858180000657026991277025264656824928919935548462144837009231361268864824563919373674764727876837229223832366252726184181746829434687256631693589285583186354235519369438388333212937073010288422485994486892123137645015999652254134723915527663265719596769926184218224061212155459327396809678227136604402611131556369224567022379353058190082437808628659792338966555537942702513803732550680977236049490904600613769897527063144633361370789372915177681894053122679928645528966480604336857408976860035027351668325334 +/- 6.19e-676] + [0.399029791994457958524420817648296889286188079594423841090591784314442818554284962323870820332909320424740129945637141731263080015409665326986021086364646519911832485281340095217256996249851138466436083323314348906573783030521845173906176312494782129275953655940411099637408919456345111887472546398666996968049243440057105339670478794821750542734714062799755665114149206079758217482232992410047381113160300352702438856545170512605123183272997668622147414492240953208309714083618699415175389162391695023211627276082519657442067275020098240880106177435456292855701981267812513935455018798764565536525452851804788400706363369985465885320634096264980890913635146073877694484845674 +/- 7.84e-676]*im
6; 9; 7; 6; 2; 2; 1; 11; 1; 1; [-14.92160719766245981687488349471756782931483107705774414025414483913031005889123679692035797987535663018975276779587392372985971098911531598231257793229100359533423525108617054446245824764336210307656873971432016604456631637011919931748195490811968443864927707049238598519175483539691525244802284684131015457717620080021691756504149495813530244096991302171084012597619947854267006434882801838615307250612734815456786657718572171486898391596848573077957511189428690571678056645851909410920315558874952230258491931104507921789890574406082685403542246183956082408651506254114791620614487071351063422310542502530737677828306660178445104992500243898571479185093380710831185394014680 +/- 3.27e-675] + [-9.091419214954664467559272775610385976807248604000545203047130566798886971297971612308555510943217416395780948795695949456505118620592728382250790393075743957802306393579287431533489645174954664622692046306894507202203665717225849763073512323464500585769404638319589218931384458546489209794653245443961344887564564034740103256126259223366251109541147487330215316855681858947490959078174866920178108347582891262505366496328303498995701964550189113889812720607966805065909710947284060384546327871851512481477111007075526463704914990245022211053771917612708651030689523379316350150291168959471478114876053202697905608542364059829585810590732439597305537616143322069001770154074249 +/- 5.13e-676]*im
6; 9; 7; 6; 2; 1; 1; 7; 1; 1; [-0.0205018039091252648572970512247193881283254181476653453020089838683124662581230580552582488532490337033686980509483326260182161715710999385301356907225069738265452546861425990098846864905624290088040971869260753462263292076653057958911100321589446794274269870052572039485691727207973911995600332067306568011602329410361401567007713462197678703628969850329868625226729081279340554517218095288232961426234823130566875827036532143264716856064570426368091266411438374395276789526418829304395915887533740194667391417278681786352534110231792803062848991244250871359104766791762918789120070745762221128623346385521857639647677210303444854084542794741752364739284168951020325312566144 +/- 4.60e-677] + [0.0171162829618367665866154063263613591880324097557889377436560143087247364481395700424451543797850083232012302330821798458185790396857850791872508045318733828510078391376001227889963768190873932057380477954680188979012393924680228531523192238758934178118358713256629852716425566499813275375832011738134541952023432351690773334804971613134551863598963022864883575125805009889208658439390099648914616812852780791157405703669944321981705341958550411649598079728200998426986598091831784950302019820228204511442306274039646323484163243645703573629445265089692285746541147718430372728755424203060013090168610643119024070177989427191428908672157705839621498329297643523295756037872190 +/- 3.50e-677]*im
6; 9; 7; 6; 12; 1; 1; 4; 1; 1; [-0.096864809040074586367587164318047624947741558531284997176241846180301408550062485889083042112924697389910536499798388701327745448363410338643500704077209837178916786954289911055990213291408824388960889562116272375015601171514960493787889133280252946468486258034716491693276548906156795943444937954933557373229314194064776287728327636720985168835584524667719180430841483104523764094254576882718427816352405141814703198690276897014171186642379698277572473015002877672693916921233324703307670545919189867124454303174691402924502130674028840370593348907634706537133555757845858331072224654869362655210421760629394677678801920318788500097224534122000557192623298131586755752324004 +/- 3.91e-676] + [-0.009427457912149222905262172577669926665508398185880820978430952154905299333288697730239736938377250270057610742256607449600808571121550046056184277174412013182933670792898087441868058511108968588469160841159493510771293517790730699893269766617943201390224936685084688602802884969340138965719838994100096990324440768662182861236351945390678852559920818295198140219646504943528401084723583334410084071360678003042613493193927158120631633253050116106318900754984502485947243749613494246834098630919272812366844577521850760596563201904910472106076887547170940859662546856031594580395877756032645125154631748588686251614713679317287644417461749963981403815612164807553490390633044 +/- 5.63e-676]*im
6; 9; 7; 6; 9; 1; 1; 4; 1; 1; [0.040526071936307027332595907273100512824270864988042850906273664274370215592649105353207794863983975005386450981783238424425215087409439806045648837809937222404933066579558113223680541933399777445954398187352565207367086281639023927136624107364092706576157495243046080815095830500710251677487387514625656266821333401029592563514671483171863889504062648066515590994454059435101575518967301040722670140227798617110600227579575739050715443749558455115768574728619049641925767711960930476902328014255038739592126521918775878896107745068281700417003590345801284122457073097964934053122130901521001353258535694581828163714920125396120997391453377908550177666267882053782693160086243 +/- 5.91e-676] + [0.033801223022530468482880823831494967015722051842172770175279033167199250746308261167089207780331011567840515689498461589846701588993966874697524665731463906433727575777262747807104010154472587994405353413316158164314634051789183080065790449840975012893547794569667793539270158064704680092480189062724704513469736500504148072485158657941352351345378329996335193985878724790092210373165808492505888235588596259052268257871094250690071166641165369315757995642350161209676529550743627080843909352475124844619836466077162657778394748599291909079251978354136034812876280553963139128384254978249714003172583569792823807029936396739204579262282018255444839876461346472371059318160468 +/- 4.30e-676]*im
6; 9; 7; 6; 6; 1; 1; 7; 1; 1; [-0.073246753948361695992086615971199194655387498919591911656435907832279935867957312986441733479240225029110567712498883588686176188126421391012467402523876503765492259429978577301280394879706985030229723435357068170050319630760969967902699489808885156270649779145708868852792541516682077827712808832067859740658002248035033006082879210796131960285975469230502398227333202091794763092334723917985470012351669971527412548739607507667189347821941844955509628519971840337622518714777240094753360160415120845304736392790726380067962720323742164156180458462147359339820899026778568826098202735224572517560408146813345377502891344366267535880458148360773071744700541031966417706701221 +/- 5.70e-676] + [-0.389648157660224032414860827137772893185373992988156328646835561513567541057542201340996746630475907790737305131246785278660730624668119448529765646535612556646179092231204419692161059512574112933767015596202076854827887426927444776468780695069519211071941310559155382160159652029988095619559265892820261222862700837171777410093120439280448566872745805527305947201783127005939676104510052265964283609021121166661417050819545467923462417418180181154022040663560251613608940262028649813308610490155779558685469013078946371405816700102894978195914849197460126259131195544842942655666594933608433733898327461495359416772596709173193231536902225383231462774827527713636728995442461 +/- 5.42e-676]*im
6; 9; 7; 6; 6; 2; 1; 11; 1; 1; [7.512195353530200058488114052120662379441151720713911403725606647829144661541287744939903301007667438228188470534915705749507146364239662837048101513542364942387985922747153402832362025461954336071999099217111913476244239094565516484567025582100004834125300974653199795977386292583657704184454330082412090442540206769997638119365645795480358483244349547823688738241162462988101451550601858417690804762333578543505401988064380159287927690563614874290405873837928991617307406362390633191755547472383834740042377166929928990731855420316533347268936811531086378093049377226063966938375473864868816120504294975134189047067952506614033014851174492836791949951131556767950148053210213 +/- 7.69e-676] + [-1.009046171719490976443395699023219857916845770560832136759821116623083428047648043619671513295025896159532416095751882905063100683537293023347840833950638752327175525985316818024722895261483390397824873794716585343655525988915866252275164489133748690313354975489576138286107811714730590794327947947345574350722547152276844506231692036060385655504424265864091880597854847485482085175112908829683129087013973617338918649591501019721042514999190388556713043095599446588376248957294247186308701136543860950033653213406101274734904586055329211019112217324849791172839870428734563615791874815099184901367103829700627503795772264560855641527251447955384510713906567465421826875777887 +/- 3.80e-676]*im
6; 9; 7; 6; 2; 2; 1; 5; 1; 1; [0.847758768238316017021714806353923765283549024464753801864281960862271630864713607051223195581637459488018092309692718854630613185901276775866345005020069162750638156979653280037620949714716657093999334498309766173556051850752560985526802103105570288658043719218159357731374428732366326435195222384614391529471175421327676122421806135565849682051249812380538912835077257074744839234149537981923842259781404470126594443460702895353514375710188060633931103610078264949441610154876695376105961755708230784857773410106220997497790066576724912099312142325568996676661734871214049457085449860161804992019513634542050501934934141691687674424928231808803193053208968496118994158008515 +/- 5.27e-676] + [-1.050855706941666625431901553550806133837084130156698491984679760246141556153339945898312419706988612082952660087757367594127064434710058816012324409461315991886278522892158034413197067300002028004037945463407830093440483282561314924152884417509668956355958982253418166655394692847703390081165413102321017268900007409934397343054631585061760898131933907687868873249126900439291499958549127749033775466052704239337178392465682667513958419002288026640622184750576769202328569443517669435801612082561323036703203067029636386079067401177413425988481133410802545001859653804923894388250245136266937864828539978130702335461807471074816510406417093644311974706947482059592247581678893 +/- 7.23e-676]*im
6; 9; 7; 6; 2; 1; 1; 12; 1; 1; [0.104453620653549212093275267148477965575458099279651467763652517197852977366919979676710691150075077059208370633843649635653063614235360367297656597335854588499826754398856392410827986548493036914561163973714787064351093114504728976122945700784025070180155893281760764701146828735326295774471027530484269517730112257790331828188851465947502125521935205145295587238657576920986405657908839629610186126159628504806530867544923007591231824275965943281453201097904146057484623055113162112087020451976521428483685014296429461822788695550344330065803586895041295686271976451784233273893322106733301255379805241018821817858118117097046971899442578991038013727939261856709286681262085 +/- 2.96e-676] + [-0.044870720516699706280155663737501357692236090091116432125231836269790896762515006540269996871254622686467219549282911390362555137062132146806194419845282616947257301132558462909640793173787114293551816413036170269644813466182201078323604668598734277069474215120439529643511352797224612277238391537241407926390960280334628268170164125265878297337546684034015010029434641473456733890293734705117251151583609292197769584196701405262892716000124896001442284527424843018307338887581695912281586171579542534469177424608661855583192870931756485487306772335555549610203594059352055583560246687152708954291612724581341658988576063850293423418641687183178560593856319403594932230097900 +/- 5.40e-676]*im
6; 9; 7; 6; 12; 1; 1; 3; 1; 1; [0.114844985202112961874226551361715629864539532696773303329682488317437504842146991117974195133248132935172859265613338176532296225866256579457459624325737160991601530340230907565684529266546105530835684914358406198568692235072636115907317364640964367486962659629128038598781078295267478047575782660323235720627857045948980024794820575933574495215823325737498024021517585181908612739917400980357243963493554976737990683075759278840788207428281477250727576413957335000027269112683300777062373969431461662105676563016765448800571872244483124521320034465945475653569926644624064714106938658563149012583382566791467985522770028619491200591826984038233954168584162134571032600362561 +/- 3.92e-676] + [0.519604449604008688865832272218916694646548503255117724422604451984003104883556909285312592206840072449592710767760398255719906577748670146171906458074844373738105329975573956377716636776497927485399930795261495971502314764807575734034797239214955897695795679731741673713047984456720197605004508429994206974185235820186177347100928010227496141612897247356949870747448188256777731185898763284700177034198816310698533686129624709900618620578089520868557170616879958344032228017803848898739880364841384586142846247623592055211525270528021937148532337423421045124897275749375662279749057482165846988981615888583677873605506160644017168995298005690032879062677882634909447590744914 +/- 1.25e-676]*im
6; 9; 7; 6; 10; 1; 1; 7; 1; 1; [0.013128354676077512729362865059733243566104508606030695398384094831216702511662832392713043111102077718645584966059609046387033029872983403046494875425023091417900629215090022948506044331482183318732453815667996384592177636164351512833549986036028836516892799311493748335702343563241653819776451073651957092282684102317652611564180709505889609230037476503438242706818995748112409963225578127482249389031069715968792765730460599344101845183433218831705106576337620649755341480325245850984155121672939318304070224777527204133442976728633225591773004587871847508459181166604424016797360277828352170511251892960939641116379172183235177400222547451519715222106396732381019351576963 +/- 5.33e-676] + [0.0982001884569490203877252719991914587537332634682903270838555212496773342626984520421098463774618117180249518897075095722315701901240171342010101098165142569747924727304505941819988100564213338534687962402199085671664649620676976549839460042885947998762082233715583177985419989481563980551780567706290626216310859715697093664133901913521358569405168087160870350294261638137533883779486645554318388662293393571645796283691289122574702855692789185482832187207760319052132171532257735981774661129319185272291410214166602639467737711746259226231282112948388296499844845419576861967293623830270638234749557021551188216607759834534202904270549164899483946136844861888991366368315307 +/- 6.41e-677]*im
6; 9; 7; 6; 6; 2; 1; 5; 1; 1; [0.000516543505918699390624453968799842472992979654702891916677846999837059257614626166381803528566177986651324270489145137003173065443034420436904049022198248217801802426444161131141307789397718881842986044761717301682422600847657805777972809345804257973495576729672254892396425306062676787872353232165691476657672255796433976328464614883074349303538466092236938405152258244838495086776633686663335865784862650954869413807727423156607589881672875202885829628754661337856642116128378900584069274242264722881362588044786380100335731946656219603040653817691805639441671554533178952689288225293803937274365532683491837890403949904602700680907189238026074357617252632069142067816448 +/- 3.65e-676] + [0.271312318518141326648648197612311950758985511052851998872553867992846692038537317303024454577306781364273622344930091359792150036585905662293598916749159119826720390943556114060897180395578876205668496547162895084109820030314849367567002869453367836140650035918045338780483497091939074090378089658252134665584062939722208632525025261548149764470180524381745040918548018970553906765662259664978906730355147500268663635333746880093063365241649000435592562871462931732148654829006855059101436290557143788991602827852936050903173836006107681856811908031125297657594887642971232168152047455560927193233220390879425666757233279932942291375594942190739680706096148120117158105329720 +/- 6.31e-676]*im
6; 9; 7; 6; 4; 1; 1; 11; 1; 1; [-12.12358923548225601766771658254086447061020436655345003635227678046926631110437864156468004578736558362015871200985830367549867858152971058730947249524748654630768117731131080511566239401380030597664496237043750172053487454407260445496245817476531267275590235009735618417173723739581995872592998326028039312912372707968068090159615858232397277638306302786921101736502702248004726603868405904453027871482537028821741559182585066714315685410502993208208424833382514803563562051692783730460337235277729027600387786393714714230804348587022878989283225944200648596607633782848060370798197676980971494299512460511047503641933270981482394526035502614597362439472061061633502860734655 +/- 8.12e-675] + [52.98971164183727131567209103249804445674433135267300567662920086999643333406351742706295583944212839150589048604879824480372095850276281834202832369472593923361796183017238808066380451984006531890552247598979601352767296723046067355603612001716743991763271593975775474886998476341313939935692611986283011088373415072014368465147083606695191162837374580332932644685442869301909637798386077466243867831583339134357734348585080287903333223196534361564673094218288132242741956680898455809211797761306222091663448784236202826722602967257387158299481190549507980483671730208364752601910486956866217434567999301129378732864959218542890160637074116517463097416951088403599272589146397 +/- 6.89e-675]*im
6; 9; 7; 6; 6; 1; 1; 12; 1; 1; [0.14633315978212330082141224101170648364799724279529581937045471174480021235427290040672470615435302997352937223517167654236887544443261433831795057909539418976027257767854250369527778255509833153613090350991311489751121512106507327195918564398095902932327379275747874855124552563251157388366183060681247425887149689178497215177155447994927221279861544917980433142022779391818674152801874989054914164080696602321231323746096520263623633592076055323446350489336426496275730935733537976987668837671304139178431638305665980363532457281832418135086502132883468677633873038937103562344448240128105298273358047464595386105252653988828037170098318958441699586300043881689157394918610 +/- 2.32e-675] + [-1.40075612109710936330038766611366198308295555486118233245364612292932677114832558583407462128626117555094193394369052036839446568540045127607011043032628593245556217858290587162414051134313300990553836357510066017053926449594631869200123171174078660968938596565169627680419030328445206411116485684270072883426254899035673336094150123674130830574729419938081483672572048676002019228605488472698936017429918454954448657873904792072342107394654470728796746429489867713782603279849466520085370938655849280870468663249597622811922734809685553452590176089734803955807403480817482269353674224054529059114750957299097191118426659498032235729736169472405904857177874076254432230825159 +/- 4.45e-675]*im
6; 9; 7; 6; 9; 1; 1; 3; 1; 1; [0.083229550085685936803806211493611686930993246678821295881357058257457562591832692636613423960287501940064017449475683275406680428392106482722424530071450119105797512240423471825692194097292210011559200881262687174960846209855411646282613896290433131230536360541866590160572187352431295673193319175725639894094243918009014420209540865454763478270560654431777925740620982080858104439726393461120576346549141081291818545766462053745249535215325520239098176047325527062745844358322014064109083288697756332763117628636862918513337300374335457797534398129000050299354927024609082214200106873569832370215425760838412953760826814523480429671939612153812904151019023101453600311465177 +/- 5.21e-676] + [0.687421149722983447419618024723123481761104821044143399370848320596225901949364284487523845413571912792318882543907141938031727944868298914967263304176902104145580217807683732844761820477846398103198830942328825911809144084446183390565246492209529513297661223248884454774499755483748449121792141771510318410154586184337276297237992392275419070611428091929439254167588513914520551914311654357873189516657018931842066644451690537147035811154875492718215704422531670936925849191768041422425734524423391583715151988294207901983274335369193144716979872818334273638036493982550302158857386058917825117370527103178589565605145133501820999457881116349559642212969947762059806784792658 +/- 2.39e-676]*im
6; 9; 7; 6; 10; 1; 1; 12; 1; 1; [-0.086052836467576521913349179593856841197113916514816683673989155058114035175185609213646102782288849209044173050335230312423330679681842669588524313228326607498078734936712795411052104227836870970388016147005218802242151955791484184960756624169765156234845438699219182490477815702154599305598892896809028639383922759270023130878644343711916963181772600331345951334335690743829564718607035136506701550181165127057349668052742446431236546328032086957256295872136044412686001982915581402839070325682846216903776928309389960932731444513889011647026001026541325663440195094544531274958695536536170878949359058731924078171116394088423425962509113257196900308597191601471372352997691 +/- 4.80e-676] + [0.543591598231207172008886553190570578833618263406409490005311056048571293062215146644656560981905660315046752623035204465318677564093523889841370767438013565236969644221593607362113433885025406194503378156050003036201397132634341483187827304439260081839710942672555818594023513546301453735570142237130463504472647336536864015660884180020625207233045627081689903037840713502872190883811660762483928968494209517881013331153074084401252755651122150226907039048370586949069642846423226123533747936339347343660852463752693266215584782588760841733159743728810266047779782831049873228535500783517970308164638327710476203470719429592799789504507895547559898483201317203775391571340263 +/- 6.25e-676]*im
6; 9; 7; 6; 5; 1; 1; 7; 1; 1; [0.029938228944954696250134979986763301528370714013523672426231745907000791076382511020163898870697858462150118951480358025580343516216468421808555423695844888081931609615542467644402937414608079200245067982882616266166620276501718210234582484416176523319309108190363685297545881520466816656029981254647426053583181685082400566702590225980068290545462212694747564578480201965477897613142856891177494258534303256841801434842018831357828195426866551042856342260704832248917389743003875956758481798657684378284254564742293228655590110189427445238002366540335881395102951545200026979850030248657222349192889109312759114476546862358868667535245930883671370837555338793653763661644286 +/- 2.25e-676] + [0.460061094923249569460568307964947889806521643538118225621298468628232161870631969038103954257487717424653006298885665775923597311784412001666953681859789821268580910677612188376214125592188584428370372083288350310161124877318869444604720686979723031830060173174755235133774501303596327500220542295440305580347489953738947335109022297693875916393987298833821719203084441631459019655350673553544529136743050398037062623785205048218430208549631395036087104589061698355501338420070006158226283855373869475127777813174966474106926227237492302366027232542699455647666039004708722198617834382791474318151413419985485341519675932671682896289557616498377947165484540417643001205015738 +/- 4.12e-676]*im
6; 9; 7; 6; 4; 1; 1; 5; 1; 1; [-5.232996213199562105711658908019311866698320382687307390560207645817746036504924567216234829178273034157278319618919486380331904091224016948752164982663237595114005683890814391800521586852259407400605509084812009391752265653119757907696411969514079798249038495010454370505652217354316125223081472906778041700796751047090301645767540843997912463507385836457723233957551288918323636712612052381367657134967118390736922382342590271857986993979106498218037368017399135798608954530208766107614245682463110966293055752349830043077998466001011829909018033698044884526323978160671262492551449160431103384202734047326249301628478395993430055526841186145660410736811699848068109743568162 +/- 8.57e-676] + [-1.949059448466575098313368375789307789507692890555169261443464016975486996993445894267767799067572641771776607318759077926016897916809773601900161296556403224486307275119387983294704379882288622707720358447424644197103482033482105805523431809452098443030079313012334359938918898210463402333482620180556798637395139458695467753916454626809304086315951392880950136773907529277860568405916782736112810030010256367029171550094785872399906554574322883429299282385425953257561894849693399606788308089288305954195839745028704382174749886276203424013043001479568060102861651300585845340719789613586524092017939774333597870385136777829434140219120894185303556711141463586078979082575292 +/- 3.23e-676]*im
6; 9; 7; 6; 2; 2; 1; 2; 1; 1; [-0.4033748702145710869228448456414400026245663467757331602866766835720385642929591606793517414138703419880336359053783197608945724970759565790731459467445086492860289299018997418016836025396978315576767834277340426575638998855033370642342747059371896425582656205953934371311800293753370828460348593189441455064072163851066866922159170608934340018203455854923485829772138436852054508236129418994274231678267215303379556887219284062309915890234628239007788446670097492513842414275288009175870102065808164843056160990337137377738220100444912498206897493671087207243539748534736084069758478462191481970699260065532068706009452258091853484492549229449713608496336457740167849602043852 +/- 4.06e-677] + [-0.1109482312708511184035714564687720782911963644203445342288748889941878963839239722968709195671315702571002188066733465803904215778206745830240407899986404681215814297728880641305105977999634357707284298373265413492386543288409663888561434913537811354242358369136528867159957019195963105406388889353905843792326015762587399640204309339228295650083246307154107180622850022795152869285211881517682657016485137436671378931255791987631826628085931925144220628228761421387408947616115495027853770842791649377428166674915835368066782682825473439333856185156695290303539694174300991750070959620726107535273717775098980594283402446000378754853690212755403928489159842099700096481750476 +/- 3.83e-677]*im
6; 9; 7; 6; 7; 1; 1; 7; 1; 1; [0.014290192039763963882161618497913844839495053260305793501010030848481861209214025266914598787611985475610528583985381172603066538313486603027697782313406820297803193234032067698702260627147211949999155175769635315626247166583627940679068112221389306418731301474703928570327331153794022350729845647768755833001230059369736463431199459907301524871850559833539578145377859950533295319585574627583695020407543314564144176131130456948202308046483716203846421670145120173986676535448334912133854306069443246608918241673508005931879680708515578396561104779141491747017574327598525622270964498163641288208325789365398650048893826512140844849918584236433685253544091173889837630071469 +/- 5.78e-676] + [0.076019027475679278638744813603148496356086212020552308106221758762351712520139902553106264078534437510726296506077367838265053574017100192462581943551942701905967452448106621176315345312412152893251830268190843854436870828323653513836486744996879886427045627487824796560917826930167135557062510863932563229591147562787496780592913729071031470325846055556426921752061504646400874286222460867529737980311121729866130493215320668822780246886101205678988673691980248140875142423260229235747579114351577741224999838303229504509191138477463509354607879690045238750189926182900162336115352917592225802931664903730802856612915644324876606644508846356240014736838733454490973913807110 +/- 1.47e-676]*im
6; 9; 7; 6; 6; 2; 1; 2; 1; 1; [0.3300350575919459971379237111983529861690495830482240123906520330641536121760455826292849181995802216646269954211621517478131139120970386888118912067083323249661227827013805105514064745434957444082728028033749443905567205415729137230038794189655951063878151216308875203788659682819580357074124213368151069751173400982279180824031196697482946955517633056365884314041393144690085524395292338514177882812244813417543956879489965227821617281895650758640883606485458654716908515644945141847246540245480811089291776291275020675512668654288137284336127948785226302666980523005134161211028729496313404910497147978066222315173264564957704097686090277076356203444512192805391251952217151 +/- 7.21e-677] + [-0.0068848305427591646887308768482374935865601429827608216286802815293146168496912028736760536593108595041544705530507469903647144622421488245776361946466927831384034707913948378482888314286230272444933092899413897684719978073911931213709549032012170065491994203430842401522894319926835529401543237883492585305209678314152139998065024332776174208515215091945607896428111865445806286119241542007669011249751459845024251920640808226698979125783978619992775339008284542437443149399124895592063164246197515504539147313627337560652914522980056896791246374967382419716776193383540174224713079604647863661398433407367937665061216905918093995836066405047773745506285375099183991448564318 +/- 3.11e-677]*im
6; 9; 7; 6; 2; 1; 1; 6; 1; 1; [0.025925719216007574810332147683071460547890459242002206053357948162721820935619584732374413705556744506512096398382455932645397967009228464240138357146898885896372917727836374081696219332046094439648463888184633024813706595917238181921644008559267833785507550799376075460016923858324807743620062468399382648694751208919261301175381274763695585226140855021189693664856568696001290538360212835684240202501310804414595514408465762476749132281643091797116914766408444398932060086812243971382307647401430437455841776328320814535350885602128145411576554770731540418982920827677150816447657683237202365185236550538745625867904874196300772638048860542972531189651206906824283662738220 +/- 6.12e-676] + [0.046367559608631757247729844135481940802833431265997066824313258808986635588825239550977904881781714652259231532049000029700462973990138418501523380850622253139129700616892955358432303278510255566888073016337269966198760582783103536171504903491935943934851575227966353894945618153635923491449576038933015647098930889191627238760697605138270607199449909498754540774201326651522893085549943550794931184201914219561317130096547367503784870091587599626365291122966408729637537094674644761901991313438484661667526552216605275760708480610097370423700218282840947833338959086824004365274302878728361527792438882984072262230958477653967332898319935621467226570601748896075087588044705 +/- 2.73e-676]*im
6; 9; 7; 6; 2; 2; 1; 10; 1; 1; [0.1085555252062412366330096814766983775604940363874630402431022770130999534594456672616573354999909733904176702416377721477829769107880769997673279895603981943529243297847584870082774405983531161727391021632883548321237912373490175842596352138933318727436004683694714056765502576164780926381818739958878152953791628029023884391224618281684959300276862996325419019746170934335963283280742294178953069407049272998739130529123874677837846296871593777694753042979101675211380153311852122242611751109723263356105771173520383434503697800653556651724924456027107943429366271914289343547241771214516954668377774822469241394804340840416157573242868953845715458664748011074096163263997 +/- 4.07e-674] + [-0.3250775384355537011389222588005844759165718457464888892406482527105495021773372300110908262856807370562950790074292188163656562673359903974572775573964825997812994019404831529800152983217035582268130676049502686315071248513687443123828473903448206386616805182956543266801827662896549752894933564349763188521544001835704425085938298351509257851315458438809504072216296358829116679765664894792237215021215321597859218498019988667415449128681955754270320746196670677823027029069627433321724095325044730219916354852927614134722754854574998211348936671207137467161611308055525473996651963339325790691024434175123963335600678248645328569329098389991948115175082170712622433652767 +/- 5.60e-674]*im
6; 9; 7; 6; 3; 1; 1; 9; 1; 1; [-0.12948790705272989816694642424098914224620160017161233287734773265169207071514808754008361466479188751785393612864611932038452096941566022382865705924611750126722136642527534941639991771131161735195479347016410743080584850547749473053460059556163196874363687782936094471107112653827626364618102814256236250274112474299441107134591632817497250737968869616046302793673301520455682474674775933923271291725133824911363175246665304962763503627500670971204952672804792944145164110752231694751532279170486362292958194629598610416028857158251490869024861572232845972245390337497055259877290027782328762436801134467854368425357657015603258311791018445445491112037004706841178019245972 +/- 7.04e-675] + [-0.16346078663661114192886479930048165092598684146996056515735631792639396946624803400842779546049041222785060705457281502394115201842502631914243052911526401067871122685401722869355998793180124524713428584861616727482605846250905917910530165801613182064359514415734651947012157693839187420374941299998039325316064196222827879420440534847624485611347333826206305496403799985972814705280130098387766459753753497144008330127459765403653785598377362328173819418576885941169641600563898542286596880241600645919462696547095137965111033584620742812350135513664324715842805061353984626867283995156442179997755558986575332915759732564565852948859113692717316467104633815741228442386292 +/- 2.70e-675]*im
6; 9; 7; 6; 5; 1; 1; 12; 1; 1; [-0.33181989353748469685848836026499120533074343132402206548350761166424986678623237678535287825934205888948419925181652743586959998124395317881155191883579692353174682799446614692011231681099214204520545427997395951009579447454482838867913290777800782800423526710916559609013071312333067308598728624657307690516265035478359824524092428179164221567257356943674638158991381387519402278122852458100642381151380506960450753665579952621100670322537945112984311590739695047155955797806653667913697479267016465751518576811968459794509248333198857580511777899640051228029846487920097990016831348537890825944916272658102579018981220196182232546413814811383489053109398367205095582255496 +/- 6.64e-675] + [1.45031641488775934853817316227693697079485908455997156341571084039091659725923942963017619902875427040430481581810352944767793925844607904600169038358776936752766140853678735550315505720575348166547759511127548547467361636816241980156118031441482425511060055511828668368638717115350439983229139149692866246418558394522609515725369086662167626511410796883686032404121357443198197943880967163279653450582653646534445227558990725892003912021077269728110584065765208400267183314478148971757167338992692104530947215943365705515357334489749386929225035728793154026550277730623931010828218756843448761775298494473970863183292819574047882479576951695079156589784320006209729467347961 +/- 6.41e-675]*im
6; 9; 7; 6; 6; 1; 1; 6; 1; 1; [1.412274607409544817813653351698852154375909335161907929452759979125947231252256193136012580950653383030373754533809038177743264856683737868092279197272516319523341163383122864208576088601281705907269805176075878899248658709094294225473834339800658174711879575996830283153235390510830150488865310191830249371418235740772024914193237844047056806320204382857457042974323398615461678324193753035583232025210446976290165766148820327040189867364346214932266000814856373147909739512359176831590143100501760693597373446362205928586355366075680895636644126771042177117911184379734106182967752582251939963764444128431558590472779307027363471047544878984958178358609154440894425338024498 +/- 2.97e-676] + [+/- 8.74e-677]*im
6; 9; 7; 6; 6; 2; 1; 10; 1; 1; [0.057581639298657882223550675688632987465938491653175746113059540734588339717965556811317939834597360497669351860861266679679130420533634553706169946980483028316279071375776301675465795428177183639065740620882347609188163493357191173957854254063405494329137832341367822276730531932387189435819478587941686752496762237295049441290762736997398489276221334783199957320283522989952720973781208381746530011695233067614593718102980626222562134510499348472736539736240208944617134061939904597181312233202666697566982184689365405532706945781295791110434517297985680883777931892999384034780256876673675947481339558065898405200264732124149578819634931657530642670436701563743088107004375 +/- 6.35e-676] + [0.153704638428660714769270102643269428672178320289229859270547968179671247269243741688995378934073697972199987200082408323703099578793551179003028121741505098921406281771455375668949638059383934108359151450022075322184406419246147486013732439214323236631713549219416905826976251670655101377646722628546788030891115408402759944151933054553638848797920548467730107278801587587599486740809217413737511968622926721192050124263634004553400577731925986702475704444023039782393874062902523389539723186385771227769523273543118167688532350246633322481028252625103702621446861793566942678104147343007162246290840486689541323222222268447334731100665416767749358907915717458904715761020319 +/- 4.47e-676]*im
6; 9; 7; 6; 2; 2; 1; 8; 1; 1; [0.90697398549510654610919319025369733838026657858582444165109483511782633578722037959991481340764785032258425581039086908323774851650764035412201633229106408670163164414364274308384543483294430772504628449926009915506879103253466148383406900010904467718724714653015557980903760752377801679719539565681880357983473885287024855416482558583699748166926050318257664610437992553082724529625833390179293241377855374211715698463591118813888150932322272385991534597755796982993693767364273287120285098345363129173978516593037675677922679225603390318315783980957325933932362082842144992502466226858101745211311666636974783421336341547866654035776477167404703268509662457087913585955498 +/- 3.31e-675] + [0.09041405084383920862455601732645847791570815092218780973182318475379731568567786882384130747147028377627812122566508671795092125553469120845186830437816049098827312628772725460699048050308042398052820107032952063261386004977433764242673608766621951538267502545416248548735615767256062947643747493746744155263383225979213823111532860649153004999492079282239056637913451115545401212387267698566693528901699329634218878065971683230209504909079017824815696641194734240447485321769069129720022867704891424080478999805721909310512053096284554969196207472317893374963636581109098593164674004439177700949334048942115517137779373349193626231772447953697610217632492103429640675830240 +/- 4.35e-675]*im
6; 9; 7; 6; 7; 1; 1; 12; 1; 1; [0.14415811726827566572311256849142580175516294651666081841004246580973807727521197400636580989016155563266365139893013964047635804587827373807730546136707575151784218486652601886461130883493642527552104963085193275314470061140019725548713966636413378699852324987171856912247947506526001816474001720329571577242094412095034603453466205266246207634435329080297371314240689720866437894113733025497877237882190042430388594009634777478467301351248949871171212950702376414903444021017576480395084379379188914390458071129744135696615442234526343590443536854394236677339784699591548626188214538901911348223497371117163303644669423738101330901211001146884815099014369541452864682079410 +/- 8.78e-675] + [-1.37993579493552860430566949543211947340675840862712665846031457198005065230019575727380857345311045141610131457219134989199997136552722286166127765882029187595678380849349459345880194827549071860436539756920542776806661665903884864908887065274780513200605002871903074175901687239533061257303808112855880932985852171057665211666535787853821350074426563687652586837662295718970020160816179662428697503483091122969354225106454733102513862039461962111248471402395243977392251392726484744892009064651939264027292372337900195219391333050005060959702075110007750824933412263177649374374057371000364791578653248247077328006126565399141735135457543774110829471016210606418731619154520 +/- 4.61e-675]*im
6; 9; 7; 6; 4; 1; 1; 2; 1; 1; [0.548379444435088926507343282064311903600569141256225493538820133933236030804616154216962438170321663882124855352270540235863599655886614895237896059003201542098212433972367866206926184744473042821397195356873791577466008526178736657536865095096558703321274007119066660956008107837597064779536770028202338290997024459886345931688107287014332237289202197412255562448306329958715296399098470551646491077113052727850279594547268829568022435625408212895066844554394749391325546373001121770603637000131427228016505821907578999142965562114866387914166983468885928540308088051983714763136172791290326997013620993817035341411846737572056715237781524109674797467565317461812601329664290 +/- 1.46e-676] + [0.857041882899899205945905205161582084520994611857314754205607958558018666623952180379173980263067999606169146278386326976590357343139607688706342303186051923819328521779733181582149729762680454646624885223304536119065085915286209002371265613167274600007056837447889575778987466630468500979739915498277009622812446111603111447543334212184945381956522635563659806677537039181196552713701751972215141933054755613773611305902148113829658373701731742000652172432933660085209654841008308055730953830523507881111067796437016224458878032277534091831764063201157003524698474863227180025091443941953293208599555181822844478469507806766461999960583623630941141723014976646914612855611397 +/- 2.56e-676]*im
6; 9; 7; 6; 6; 2; 1; 8; 1; 1; [-0.583781901931877244363604693203119225653597426291314089104640700483505117769570627514334403363223934436261037968233712338699312981685055643106022922224918769499027419940980464075277061285583159550188268873461089207374405777659752192555461198594151456841640683577800365778962512184782749301780327811855246269395563418149099758945630143871831303177873592687517172486950604480425532829249709644083148238931735924096550633295687089360217820277292958457362421157303902173549259187514039360498509197113985186172654720134956532704535943183822572381789046264773256095433715823397124124838742266969313640412906665421826199668789252445896103635090122811241469344985154465518440463391347 +/- 7.30e-676] + [-0.533155168534789732929383456771376015153075934536574044961107843363641635594000115048884061167096732786869557754480332281755437832809008166564120518976508939655909138087768229003861000550525786464888445994775835445105825006811250425053155943073312389043922213436226901356893898998024343674240583790888819138098640688788705394241515102707317151561318618751609791389795472940902658376516778148429685868727959886132019057402852119874334392914003021753312572123036181398444157568536672450347227473419317715782634777665735462223930742655863665681249596453482660984213716747387614936381102651243175991539870034104566394528686174415834651546059278910110897226572586936477111992457914 +/- 3.14e-676]*im
6; 9; 7; 6; 10; 1; 1; 6; 1; 1; [0.263803272803615161434114033117742047051304064769722013116504774423434751478098686324433263307025716679562573798043368886574430720283208833179776758877553595032555451167473485441847025182859646495171066657115153863929187520303924294180078822542979128473209159584233278310092587252124331652734193368395870077101713809104596967329560219334602874135606060507665886296962220130692913477699518479427171452502829133498687717528739768417430771682405212524286882089313890996998722032401605223456359468698339038221989917043685914558232005942122819984762129917058407614295519703563283513456160729580658512354498174715600245921646976871666265453014249211060693614261744590057607493100185 +/- 6.85e-676] + [0.013971309473472457433770883709868084092195882845996591276168849434176489825837830776174543821765616843943599525716759706907757590731906851256584188553945686739933503667774010199090309450772556207894990258875258694227880782725186501812223554487799122769597625665739653969997263451967202038248230139776858808711542287191401261459288952822550489109620961406250393105464791988482157941186212280957162896660501065900771454734245730671872296852561742460322618979955112040086241903440559761858587418618450336827299335190469642154382516671332939233655312007320117193355411666271485857446787064798103561580275009913550806444844849830098009478934326433797902570288570736524784914269921 +/- 2.35e-676]*im
6; 9; 7; 6; 4; 1; 1; 10; 1; 1; [2.54788870192652313079861988764928407247277706964910099054536616740337932046541786918612370935733536678893961379418524029354416615650298470211985601139487557756582660230099902269377943802921775497144549670529936948735822688981638218299205733760652926462867888792927619054912724307471149678942288286947901454300075061271647627735932059311479555439239175968896431935288026201630446989918018221164006896656173581588983110818321901922397366402959202959525720920552017481474714332365407245747621156895442863924092915922548233468459478600116183307349704442334814593343458622450774001117935399541391704784455158817276190989469826016159812690844579967849363110789310410894400061723683 +/- 5.85e-675] + [+/- 7.37e-676]*im
6; 9; 7; 6; 12; 1; 1; 11; 1; 1; [4.480204527318349825172830349461783977953032865060954708229264092153191824244625344699657747665070400085366362723399831982177773785783885081721893056420753516250732841167474989629900601752900342517012401962192803800247725832028768058976090257720773984829546519205972652660888211433941212212755782773118467616955312876064464807346961999411069614709385077899554637584504937362965991693257419118751603415679291898290795150480523596982511551533667944967190577164745721441831737724603650460162136192217776321102705826506512709062256235958142762723515749390674442413838403722648193055284890882080565668290670965835070913843560306511917481059744923320409762552941481351223618889034756 +/- 4.06e-676] + [0.125101859189857518742378972436208643354613438459839512404484225189164376339682941936371415080476561849393832511964558888512644022310772296477903488336439812872399644714856131342989443429978351260664080351719866466835141357357352553664198269602991773104354155144010058089355666883620656193707725620133382386088576251314293762833904330926356993681618577206672358812379140457706532536198483234413772891627478981313779415124395028771093523062828195469334460567687146180323416354638917680711745082189470999792296211978573334272624062877710222594093784625262567997410727451098890836985542358360570287030403287598890887432836980710823608527470410655297559518322601519702100673535502 +/- 6.60e-676]*im
6; 9; 7; 6; 2; 1; 1; 4; 1; 1; [0.025531236624666549198614678181456877113040975940250240018196693200901312041131544337407501289858861382072687231889627657367659984862146171772628854060901706177241743998795372598661722866907466795479671351946253998719392442600976911836386202199126917475009458580317171348945463692449927548035109678856430458177988942819941264844121386984614096690587022566734243258527846872830632131932629764926942075403273514751205238670910398509007670055701989340008885040649271916391503135615649576585181596751163239354633798369826238166550592972414659323345656137573914954897448605330639691625493588111677046327942835097268035444148895710655756062000391389159338826925318259271934519902878 +/- 4.79e-676] + [-0.0089348032930439034392794953839455057669285976706430320110879882381715427753567866876828767458099165811624352032759131665453519959184845152951816835649767955881154763343411954203861254789666114647786884063414771522511600793077794756602013558430105917812972308782250442810682589733457377779464919860453300769291813479049644874191015965158453253082069627811516505845120591746375340274534823380489752122127176467585060812338343812598095920154034472312262685332161440111938730123584914290131130527386823228527160840273610332819176271880465999304524484783618252633209871360796669002436352244212724091439103559002000030299748598394360746275207056702093743324493486060671303722743833 +/- 7.63e-677]*im
6; 9; 7; 6; 9; 1; 1; 11; 1; 1; [-1.949484468965004156420837937768967302497989065918899055423481509614309227131565604387720814685240794644427436275006454568083685688609314141712902244525616868363678975016126057722860493232091927148960486987250557214017112808784220897704880080392929042880742638764527652005431597009389647192181099372621699115741374788184609005716504135344519460706438050841934960047787649253567057085734407766910792676065941467324806204222662557595396138769602011784466391956715761186763536268152679606287958983692147048471298448816438619287204564813424606221642992851888656144441304891242452564876040693999736861428343993463731381077161745671085038040721783562071303252681829715608080956967800 +/- 7.53e-676] + [-1.409677019882900641762662118955741356611167940187013563778276962586595511682915220796441546048944834214735212145216818930585820231195770912989813385798899603330422060316287619174730692110786930031644808881700766010483388766936423247027676944004569206849503516396668479249758288617916201948431049727556682456071248894830025417777293132240530297780409638148607480757733159375633611576281879237543251941707751120509529464577801856282126343361274884652738958749641116896556429133757517370304070536062453126180339557918927509208012913053663087051099545790845145778683214099799367014441604602272370033570457515163875119845637396000238932241398749521097838519545181466600156006182664 +/- 3.80e-676]*im
6; 9; 7; 6; 4; 1; 1; 8; 1; 1; [2.071063987113729994384467060666438703832759967550480896453711844287303190215948660196803127324811540702823133264751846695113276498597239590978414178186514301966076908351688995232303300861203429170051944225817644393033140861153167347026367589207680569293570323849164542040053245193971035951093242598660702831713243638080480968275083283115301175656743681038449416505683084138614347392578185414162242118213396151936109859780970446561101202065095693408507930928605270470695883900534000539363965569222848148454098243201386943936547822771609364192433022254953071623839615892680999872379784841846143401606141388665009147215161926957311036880033860368062268550907135563998415883004216 +/- 2.15e-676] + [0.115654846010750405990506669513729700403596938609628570875786578202336686266632701062203379553087367604032565803323243965083671762013840542479356413527231350036366439516946646852086985944954779857256543586482961468381938963462726923385951998117612075692961556373824921077600610544128108564957470485352707430854234070913093669900356277949040820971497895547616405954512065006127808020137716155265674701617985939379123042046778871086158722107655034349523244752038079020443250548602942352859706038470084137049464606234410194032653184632475478826759061966871198213689964797173873302643057192177069008132869795065991723237177515486648071231179863580050591116303990037233800274876044 +/- 5.30e-676]*im
6; 9; 7; 6; 5; 1; 1; 6; 1; 1; [-1.233971205370804008845835909889129671032384300563615771730718201481555245918361167561667203039086856871603714889223307339530236998147963946699308215582314962461750994260965659800920505957831068677930441961620962563455126090489148214839753129551994978314223741074938427842806681160143630296672789724030335307680356677692131305107675275489143364931772862123996372457293635347091588319530357480460608989859861371918829025523086115267295281860258582911457166067052688228762222674767672065347545534343055593168974410471588566638544128662033893563165402201843257312209568766702422377345186909488055614115567240358046965422394871446229889788157731949390263783379156994741261023925100 +/- 5.57e-676] + [-0.149831230995286367926364761321208628466304576860345689961353426423927516134863405520867532879161458968513292734888683495205934044386107103445457167692847857979452209788771247215643156536879137292591927489443737707905707975444975154444449602133859529981094527576233027806075395019667533819699210182284311468780441114552271037095630939180480389738095875353336186679581989343634101425046645862047439246624486498887789525429807317211170306271488531014038726252780444211455767699685238293573966449214358294587502003848644614455397726566591341306410946559755694907312323109432010912914461837970347569412080355638622613694089694131092577808116976589372498894182803591487051877680505 +/- 6.44e-676]*im
6; 9; 7; 6; 6; 1; 1; 4; 1; 1; [-0.298093305862124369034759805237882012292457085419497253526976509504077292099521914329372081087063348930153627485544827476067504205618268275339055664459015087356615167469026708791390563233691394422476767310590898853912388488129946236924380298304700933239676252286161344354909290947342593064144845332351783507521268700638896623871194733859856423488170739568874836148534998050741073699825952722623732682924789165953889710532648679177255151622672026704011347998639414687370956659997801594891500622929593056001132338257608845616346881643032727254008780852769777048123929231110003919141271756297482847756795368353416091792168230459209800261088671712991527337457097162766269446359470 +/- 4.27e-676] + [1.703908023706062243280212515416938081901832950142682473451327038676198152770792805275607920610318070010781489435382276116767410397971674930140902883496229970135126482602425550414770922546240659746674356981139127084689101334632109870411284835465470631319640242534856550806889502467994202404542104195971079103931037168837355697585478845038070051282720392299123888346809667746948969449561073023670482190473725908071511657405741028943544598719030565235951110594537027047236079895831198004405681972828950947299592203683320554186586231441902326923835715464725893372690362518341076338515122809139098402816851375508394320337638186705598877966623865831175592263286098045310727765405871 +/- 2.74e-676]*im
6; 9; 7; 6; 12; 1; 1; 5; 1; 1; [-0.039811063818140135371783173067316273592832397656818753609276147158493994732412616025267918876658337640633264240416628019012434709572717809313262851993103688981934471533655062378624322806734197118387845833258875505244586102863492033930426368922595000183423437987075363945944803312184000081145605342479518551631685293822070804497090215485978720561185398765787421332681594835007879355525427912242738188853703686746407177937780503556931583605077402233772916915328904352947998556294592716454146123264817964210497320340749279535782588361334486774219066599522099485717124673284887161519291247153347857677248367012259778181619038230365153427500598850705553256213685440841070549664395 +/- 4.53e-676] + [0.247425242577222840267996605071209319040597340006679856591658508030893907247157965306622056292102566360191487898371558502870216129531046495878573883352942475090856429214518024145185099397655223222660519321988299553459759747899101134440114403361683125096997877994408372715765720567794096089063527419252288004593256230284353736388353495858841832707217322630713759920881159652621124155387825184689016318359968626859406628705749348489867491918693505556747802078688547319596661641630554558625783788668972292481705762723223529576968815761017085836087297166779765709237044283217013583332381063811414888213327949488321159187570420418132331634758299875049744012179351498652464130245315 +/- 1.48e-676]*im
6; 9; 7; 6; 2; 1; 1; 3; 1; 1; [-0.278236076307188653434049053215232704965097185228360886420491005238657417172622154040567707351527614074505958982623411496569349712656244731192888735206107306112016918638654126604713974308083236559078874491497086445594149890841292015704603526822340685104558955226367421305692909432690351478054930996984399570087435365490684232976130008422808804441982854020787750160928586461066239837176348903950919134525722717574250021800693347506825209728688970743333183689646310910425358390959936132110018494265533753640864572103129323240470351531319403123322393657150885323270905733290782662155551523543303092270765588227906526106425849364545004211634497700716522882242188115008411696957161 +/- 9.35e-677] + [-0.1925682909683905922041026698021583534114628773054438554483713973088403748354153641384195559910476057248644337413080538696094960173868001870176162082807027641068710991233857428472391350467647306875498740708036617239256872427245703951533847025505801421018277182779094002328629546201379245553493038760247473080568376560170456935030131666301603000310516512394864693979976744069986477814196555668269384391610870161623929528220192692379873492230776022516056512323573795140368692606356179128671816135077922437911301557823674335777100943317589022491324886236037492668241958810884405220442606038352124179178022230605810685203897442810685209127120498451583833681076255660180790754358466 +/- 4.13e-677]*im
6; 9; 7; 6; 7; 1; 1; 6; 1; 1; [-1.654740816741891140892250865553669325463897067167379222359148906209897651142430852599838064526749900913951372801412183934344923140120025504302389183089737540598202912967181453859269927470418246757255572718627213332383899401782981900028613716182133912643523692751294147336508180244276178488602375275535854391208041613229342401370144158883963245757041028008441772319813505986199801120869620486790706777567730333277256886373344831287632839414105917068226739158074276266866062446622004553858877639994449644479027735442521630198685991037416486455158395714475536528951554815976385662598612805578636933348303380911232924393680280608654555150874287178065302103436244703853724850610702 +/- 6.29e-676] + [+/- 7.37e-677]*im
6; 9; 7; 6; 9; 1; 1; 5; 1; 1; [0.024944103448768442956339356602672187815875837169254115679182323651456641726917933726589517303250076387590016343126896445952788834701529710979300678021773657143244695844577215200897420999639321339373070175760400524057408927339647820325423071661150657525936936454845227149530056069876833102297973436338281183273328389046987070025471327331190221508567635149588737297924578807678289467278168856276914373952164475317110316394434249583980303370460135894083192173284584446660145166352992869322717890163942649586967024333889025635357249911763542756213835083966025425539105503405704415221663400437666048930259541894115651983697374703699979806261327265285689707924923946550611806045740 +/- 3.80e-676] + [-0.026366639462496210872567628800577471130523628686223677426819005410684744984354671572908492495738726637239320435225232026086716869728062862748841156898316616460605108820795785696083937143354952900242320661015573997217702251479029991429845934717324795016574157692734992222929310695250570141830878090286314677423196294341813439951502321410907383080285724352775502919400779335188365824008068358580569687943373512204895637963588145268128972316783747648425665035376976833721410288796858981645402218068461087090561483166408742432364060067390745377617803682028663574949251102714070302079248746997417382961663252720314611683549878223756783062829253629635089541929950381243016353913723 +/- 3.64e-676]*im
6; 9; 7; 6; 10; 1; 1; 4; 1; 1; [0.008739911299316330659496914170374869143297144714212831458275674962833538602701465323723745069858189596656433029088724699029065959279477132117140254096435342777892283570535953385559535270807522816170730538726356117689796975527360000086756932759268169767535318674673145496350591641844852510710971465501313470756490407602130573052460897808011042285945605844505788841435212523309715136473383172479446839910977306225804137984464811384732623282685484858533407726660729619586199582490797929999237054029248209466357846783993491169991442781227365703384429866352755181603666227316093630530199925974338262156392649974434698397968586074280392484253014901826152138264372529134112093786368 +/- 2.65e-676] + [-0.037993118840233162200558276596653058789188344595115618255007852383881245865462134602422634305040513385611364224795033993889900962615678022383988145358978118994668304575961715573229495240930312840667324154741876298562605631762006397899037209683891151494134002433585530109203654460389813277287293697985732564435183167130980806429056902210761664406587390707790811590603571696185389206679565548732448524073619610325571126664600795406117881352379011420250846342074800406693795238083242497467016050992785216616078713202202508926361886100721160591474973103564370810409939898735608623086323360107730624755184032411536423237917643616697619445351095649445543370049163332734289122957515 +/- 3.46e-676]*im
6; 9; 7; 6; 6; 1; 1; 3; 1; 1; [7.92198157853495066183785458933816444032973542886190885864872119918138903156930146168637410498117244198191790697671279128158573904301156133229285267653353748946681538383437013456555728381942533996975588036951522812634595584921171526352782811725208893521778417778026922964992334647146933129979320224490568778335981229872396008361835265445394856559732929512911964311479175867851809829347782188879548580148466884148279719899726101634834691797997751376426632204357159847067166524255685582733247399203992488189020212706393056934452264661473131240341039783156210074279860366166577852784059729723187201715900989464692179963263149672717095864105545673227435170676783216239869996983522 +/- 5.79e-675] + [-9.669569856320420953798480733809042437699203066998935031300605191031573162891597691711172244016339240770961585921941032626618465035106600919697906611052052968818346878090405211053265786475825904215889637985701755874968792740217747638718876521180059436365621548843593875732771245463393262700390047279767143447319885217253291164866578963141059774023820320056117467010404466389856440112634072923728396872629157068378113135623016292374144890669821055483574496540136333498218192185123607733331792777514279010383206238696522999844292742939783375547986728186742699663106356222401834090354079604922504936642239277567817622012097183659652214683724311226335647882694321177427974996828587 +/- 8.45e-676]*im
6; 9; 7; 6; 3; 1; 1; 7; 1; 1; [0.175974982319392113440184673233778139348213863438086004646072686445126876200406363386486122894158529593206768586159560304100639953489279480396796443997010211041677456952532818896888487315016147284014201978444782396247389762500145666768662787448245354580750652222887236775050097359364644304932727894391312660443334118799557801979751263221633822142422050795612283126894462933029000456717569688690748044367950516011816589736004692951502118614367515099645396461612269864380572952440725435448429981506895888904258323977165802561476814677541654947763621542305328345583761358246581981728180115836303135877154647876967434419621442316768897339318930318764367330294687907660513497319909 +/- 3.34e-676] + [-0.1590517641678212192802542662352000728861982899015126458297397401205603668763495401827529270559325641062228477011230177338662671470521879730629193816620774799279268166239883917401386019395854549102619036565104487961438528890857496879067256133208248061484303487098664801009479863852380632604789618045659663369626345752632499131095109869087188645146755296952673137392625569016549197596700050432688734426136960552970653383549658117720792381449192902705732034780371960822662933605541203716776911926929569699345809683920373078602191820898993172155534313800673910409372837199590464454615294434234372651650650107534888219426528829557758013761685814774762931651259621469194695999546644 +/- 6.52e-677]*im
6; 9; 7; 6; 10; 1; 1; 3; 1; 1; [-1.035460412992586567969650400054643971371410857618866145353631400573769950536501361938880925915616400016994770066481708546239947247112595969416645525150936589194076102969763216768358844421380500153731579541466788374935764308545634735319725321890623341050221498386479263256988413140299473798005447417847462501950293410913735216692657045358673262360483208441156357551527965531763179017734870823714324311620702370434794658187528254647904615019741253345072363603291862245200394772322361880834792899423021649822808778820053061377176285435276892459469218363779965317565143001314702322917574868031518397280336690655634014703500563285115896933062236777497367436054515051279235399062622 +/- 4.03e-676] + [1.284699897807745149651927563622363873558336817131407382131435936855020247583944418581476702841064963067748216488032559354660188349139709816972268129440754608483286564423887358426619186124718682617541931169784916895171032862909079973569690889862853550407236549693624593285793029773828526144009157152894157778196502495796813575199643708146805055811880615999599877579583727169579598292211333242917048550169852267475682562596599406799269708603784340235375203251120509009881034326286873249449220089866000653155308534995619581167395489460915391948170219911581561371288426405144582705213881537860755644121291009223815698972434286544099152832175200960541404212600396808516261718697659 +/- 2.58e-676]*im
6; 9; 7; 6; 2; 2; 1; 9; 1; 1; [0.59239436128535912977518581438874113583053875616882902811022080886218144230647239570328793800847130721464909419166038573970159181612369028090418991020828090201302558091329896931302772072398022903913143252358568243965530158825474946589281498467658598882447340744040505137048510474469534028742241509557436475348089803731019915695999058083228552288958918081006973712068405966094850615879771306600855450878664200139770912729098164521715177057097553744559712941101951368865935870115900391715392581967953037209002078804083992618907846166505523808772233443962367128779242135673206586061796707065452808110990453376778951469320506093456257832929723920509710336782734297660825424011726 +/- 8.08e-675] + [-1.77396867072294225049061280289927880944849545213778460840749246289050515229700757788790211317616930145140108376458767098332419387709165595227002551537295704872052680597692642145171119440200173629897805368741753603325793804428389695515372554952204332654732716688035244720749026330529668017174069566718992107949803727809102973543377123306224840187580901999082956450676572764255351818702980910348847407612581435153295055433314367951465302266207322308631286550966512197321442978583441799549327128025325881861236259519276171835891256998297119005028162927250458167462425122582749894863486562419700820045868600056239617752493755417371046922395667952734063069337743129733294344430899 +/- 8.17e-675]*im
6; 9; 7; 6; 5; 1; 1; 4; 1; 1; [0.577349040894333952554772793439272633374830930625248233578287607531087698832360600558688575855968530935992718158477013594021916921119239769431295750690439156828490704427939467477069750877849224831859754407943343437178703323723966385098873546141946800928977391408364861917544920663350127316354454648334098042242411287494864636857742465758613071111723352216137733860766376875192808079158394737088810869552261518094338297973878175702276000291032241640175119404971013995268358811528791218918204242560170374126316667892666288606662357725085920308875624553341708939212932630843198730267347552873582475241888844990198623144889628006954721182953653821213656817356249405747488879386158 +/- 5.61e-676] + [-1.906694440565177633244261849205337591987688975941930559974502000047073082419355688388245156906883201004506521260685655719629337248980394587815487756434318100014925864052568123623662529799863060582353673143603122065692513554173755420043821059436122254525106749494183893181993873907736030107205270284224973224638425659408559896272234193690443540253108775770394059322289423950975417067428169835996033278962310201354480185712808739261956292472939231993485308639927776546766622046353498381260178177208870683734675416442450820648895722237015201301629504980710367437360877681258488113747962629851520606877740557345560976938933915615997993493006261284670085463415682542558001265318531 +/- 4.56e-676]*im
6; 9; 7; 6; 12; 1; 1; 2; 1; 1; [-0.0896832895590544184788765603014036348530779524311051918233006533175168533049818207125075946175983638768751691458158576884804344821002302699316749241465195766874016624962579631094219869380126977902611927445830636788365167319043597719104547185030051208261420533130919372436334574259559177219197322068455279295290602176020443022730138737656367561389136147574036627080105437612230474816380817360671332262976591499575750057302790511386994363588802362542555257869901997994204285035440303507322717204160256164003123589378421157717495591144841208893923526015832262054904434771406591037480083265646452865520229368754539041804396731760844836147414526391566402596174950590908550305021208 +/- 7.36e-677] + [0.1045623401573760927208460718577410783174950464082364684019152543229789019304378651556229431298307982690673553759886867680754950142399446895028075229755800814826824447083522508714965988660978707792342912294237560003825784905611677007013124473457702765858066874503144978009027143580868727167733057414080756175024884116892799511328236218728886195189344483218517873441602143223627883901202118544798811089908384039742157655875204488827264381061024141073113947303622081189480883638723665329407381039859481549811825449254820008256761783066503518012317069926020778930557674590611587400844835354859035489585376258709691759173868336358792677266788132360748775425132038597542266489909760 +/- 3.34e-677]*im
6; 9; 7; 6; 6; 2; 1; 9; 1; 1; [0.064208866670728239269721019509780282991430658677573053102824720076924921390014887843064986308552583620365769738645797533251412173330895804161640178626955036592342995182492423683280355719887048927204129771847729369622122460597262360700939633196252956199599642588895465410936212816050299227969694966282854257786356450205103954019522329756591662459943252563508217439789386217673510898652723721364380704733166378315179738529567190452883294705953251734163021290287556278691865160014944847051980098659957130653622263612034667274264392157641872887298702008294223003586039504732819082162558693227001561330276312915969354915966158563432837715004715390882277179337377016876735841546716 +/- 7.39e-676] + [0.171394923030063856968393003967099074192127464729780326690522886560654488042010144125565595213213931185697379243330048776912988169828731218831931367503870466742199174220175730438047155458504334427454340350715199902357350530660579342238968769267102424334629236252135670729143868606782493614598879195164390288705699081837340574748605371683017089272988443516994876275437359195256221393682505472302462012857766686989222499240271363161148185327895676617148614127018774187224885218778458365061836984704096083884889966943795219279297065431720342502494240702609158407951851822183666179554432148738560950330892677166014538439604797977689171858094640491731195470632114449245528480610381 +/- 2.02e-676]*im
6; 9; 7; 6; 9; 1; 1; 2; 1; 1; [-0.0896403987728500781734837294490107155720396905608443082868601892234431427420214578441795852976666133632859633021835560209706710483093944425756359610742841022788918087245924757863418197390308721356730690976961138926122265482459526076891980487772204473861566719239190794538099649580586575662466302077171599576032770162143087840301920187715756212692920967583971812452564535524531820498444979867195477460278561405006011077170562611956182757199503837734962338674092112629458396249072578520872071173880497289363941024739458324942703242296436749262476576919562312574190733773098322765523129441513178161951617008836195814970911272535364295221064454413198750595159354619638337260835116 +/- 6.81e-677] + [-0.0083128813366378927527871254954006939934743544876016055995173309832197830311310527261105130129335028012369810219455635198732068205875315616338755199834733939199900187451929069261882480870970296327490055355979040329176852038269485015955724996744939392548267756789434991941039497004545837534503432453108876012651335934330514661103661838071616566384316342661412875362897802010403258243867472235718588720366871359731309421984496474547062781042767283163284962122104486705975508646842214896605176516547368863309808075508643397669807918466431670965649637324497789752464179073029315648146144318749670218877595580987191480716657929167979353799411235412781994938433911034045912896926974 +/- 2.12e-677]*im
6; 9; 7; 6; 3; 1; 1; 12; 1; 1; [0.51983582677431112117003160522047095334057563165463788263906775163155943458596656184941010450913428900917719546024556007271794492182799578863964076565383173095688803993469642046283418802018457247563063553794682677777752453816959178530677398245913121111898709974306929068515862973985366525800778636346999482226317839712415266722890352131259271520119469881700427010302975848496468117462404865636627754574763074339552749467563154653674365085680306821584984660980127758000247150470174007655580215886525315353253823000417528108369403490589299722006589916398063323730478101132368458365012125835288893663717655454424689429615985201894276274766846055314959760509697634888168887387569 +/- 4.07e-675] + [-0.247927298559972494159176635782374456526684327994054500231229586034988523663499498831205740552553613902028268825500807852136011327920778905699033051720465706751078118628158618687569888800083563834853225945531707565092947814702023450296678233709087329359132169374587763000977479125631483226150951593349022210561441052187955084198855228548100139904753554912359244757782574106341648556597356401260510632178731653615104728875226639143323586629246860375059211339697243413225662819532870248835689593173516445698850625312928477175603748482206596920975377095573645032023078832390860042972693125122056071261094584036124106361972838854143812484748217664684697083926090710892572928978970 +/- 5.34e-676]*im
6; 9; 7; 6; 7; 1; 1; 4; 1; 1; [0.019441009501521112562306850525229618023741828962556356259515939004523870902446260272040551982138312791474373479844139133354169493439301005133870886235685248229714559300536172935021193870461898237680928213592230508412281871626155485487978294400179394756735342367087534298688398000046740364749784405468949102955609095561882195290362339688990032495649619708994690551464419360792701097758039696853229797255975432727037443101562324993854824394373299643016928967171041446072241929657341989672832468519468798491599617431689758149129526758517757169056637886455429975281699015031959301124743749166276375453686190218474974693789122874422541338528774515105148241345991911820881574182855 +/- 4.21e-676] + [-0.111125246448536756640004775031531595195040631408684831717304475601147246575858765651178789496001666830028145896112335113020244518576460162693362548860090769688728627551042517349393596691982134678572987864365237826024159054042156779109053020625343619616760058459016268619617122889914712757983280174081902337289476205023612719408191927223637152235508761960549769308029219884467913651256739685009889332721718608717699359647618881858640178818205204664615851559057088924782871556338878807527807243388845223074646743946184084900363429155332873027206735272166731333980959240171854807820393105307870756597634957676923403769793923168304011171855069987450599470920557474724647402702328 +/- 3.56e-676]*im
6; 9; 7; 6; 12; 1; 1; 10; 1; 1; [-0.0262426380251645062351745740336283290504840285063942653793979443139963765970424185224695667197433061774706368482571318160257689227525401842861263789736469530964710340678692381100673899111493926638743350443717324297122253733448924661937941980191485415783181374561310827893174445702937655526883104217007753694874490338296708704475714196572063852792422334061973094034839744757778042584890647287369979475738012457164692572260831064016535964816440622698924162365989460702217512075955793617950796006664187450570616547500528830827834219772894474136752301072094127867754793061903300765058329793495852857412257728958938441233194738180935034172944382128277402189925625997345282804063 +/- 3.33e-674] + [-0.13148074505760309808175105808223920877164910322209650535995756347682246429064539570537710344272992494218727661559278469838328641757230040105578553075257087123591218602000261188354344943282559212079694209110199084782071210049602068949032317806192697198972757052916921070938257759871659319021799136399573420774125479557701393939502996894618225126973332551902305587628382700943591500464238235991319333752382831338053297695588772484667540966592719406998033157898346950916337374324876801467798858653185775734098843606314601725707358862268331808944145264952923446247225361390881171747441002803257211450318935257879918310880476146030403448926461576295702029816539472891833644691590 +/- 7.69e-675]*im
6; 9; 7; 6; 5; 1; 1; 3; 1; 1; [-8.59171318172895677558998289231450613722389411278108933132147212031037295750465739257625682659682531683621617942276043371434070291043888783091280146755435427144321581971667998070799770177951547832674560960801529841283860153386920983096023262537722774148563505881971215207130235789506104675321584653208611006022606279751363660619871179167547476854490694188421923693785451494707013288715244451199661882800502827636695631088266623386731173687997804611192914445645220638001995902927500736289848833864888095258497417075538728453533532383190339317272541273239132512795381332206992978406151348897803856860737069252070135344975929762208488841450638074541982504585709898171960134818212 +/- 5.53e-675] + [8.13951784080646049381219992144212251199038965137479851314953123932038376100428241658449939042038878972700202854027623149560236405444639098679596596351497485507233506506496763564320096873819563564043318865124649123251783627094323000578063320296199053529274623976054755420797695719438242681494868562095004718934423522454439936726985318088025969149887086060461440412386749134736225481213449567209636791977913899179625421894867290438964360552498300068790430537538692986294567823013742922650987668064034643432984262312191727083113108039060961551273258463387213374140196194711182552283540296210570216471324673706977849744477214892183707670086532320671608135634656512370679634695924 +/- 4.61e-675]*im
6; 9; 7; 6; 9; 1; 1; 10; 1; 1; [-0.0360110973835631327394794148498434203223939721592782710866726041944783382596548142815334372499917299930960559040076174013874972916004962517543452267816705474821115859239499794517410207596747690895949202887521852680718203971338528531195000694950397793180928355769400195695188403480619916588493190865711887677449994166905739611473046390521699188230823102421443370472849120221079965325348853244999218376305438436997487683598635748612812953544273460600183490261304316883073536494531972451847018755447656900508081921391077499366717657273379666381642552429137054351254192342879353483491917351610407761749986544404869162665277897202233550589542212679963319527513580502498225408691 +/- 3.70e-674] + [0.08490353698298939285073616228862294200303029539657432481097790981245041575079037986640465550189263989020461097003759535996901500604544371627280554579332173491419464723491488670269180424155914504672662716400429019646148179818734574717564929839276986993391626589027893262100001000427078833522824738046060594635631392578966051020084918543284823801143350885838598321372849759023347734091197796377124601713074613355283449546980732050630503061878432490118779714592066462384240062953505898123403366126889498908495808192505493660692643626907872820751681297001347004008992225945107943353768171559336739423557004587787841888804482937462418723002201264886592055879020063752028651732492 +/- 7.42e-675]*im
6; 9; 7; 6; 12; 1; 1; 8; 1; 1; [0.42521543719060554363387244437640925375566411814889692865069054870204714070693727980800397944144316584840694044162308730410424604322066425598389969630136431616844800826540013200641246835813784593933925162705459426191673808784118492102283498043514127798175354434028496877132562260053719097886033086931365292957035519296675153540818635335532291784814924110659322593928985303179792676077237209610956443174452829108951135461812481017006049589376276377682694234959207476136839049368753991019685279457590421746877361035128924657103564864139726496551075308874109353375505975353586624241683685776784600701260719363490900335046177809961692257088764997405539804618852635540870573489418 +/- 4.38e-675] + [0.741223958006239014970637031571976623040925260849701353251525604779320207990532491741458870021591028725383799054670255131472033826468753094821060658621116200788008028538442694260711371146609728326789582904014472192434918504917514581151279683191818797354148945626522354292789875464771033150711407797351577373827449776933413952092309989439236866576343987296494205281553499742456998914983200817569595836012482420652107804098341721255145863926441063557105694889565250063189415455642196799698365937983893251813384908251788101104231539493230092402825895643012199400354428948573486944674069476579907779353474644102986299305412661014851229918006378915283555961545699297451629202280756 +/- 4.92e-676]*im
6; 9; 7; 6; 7; 1; 1; 3; 1; 1; [-2.956642932281451890999883697646849499414335174751224734009585528742515110834974142671320589034336515978300389171410338017507675505828505205731552439920702314474068839051391172742334663452314411190018656982607424331662763207478332050742368676086746059471207577990763644880768285304584596033660344501654061272528191585587943730371512203365291431718869231386351089777688000577174011745641112414905643057635876380583244276047286644089743561604815962949213732259790955254572246601161640168079941336772440787326866457959569196184717065474589715001628495607792526903081909150381818936544982296026699318439533448449390557771024343729356937390615891757529633037251190190265247531491077 +/- 6.78e-676] + [0.988317900410162068502893073884425943933276298540395855501235564294087593652005844913324049529376845806602019496657775826646470105343469647835006353852519964775903948448682969991907792754445429576179104606706726814374153459815227645878230927019431992684415610655813374518960804266638550907231308721929920037970792107888886495152480480624580784552862925168124582833785421978395460630127695110119479981940846835727818716574127923044807477578209276534004634943556341086858493202844641125534328933640144287426217706853255813157861065123709723491676951491729623845422602746327152164820483386276217490016510372390746006813339894039666109856993674274517682471538523043944123091897819 +/- 6.76e-676]*im
6; 9; 7; 6; 4; 1; 1; 9; 1; 1; [2.54788870192652313079861988764928407247277706964910099054536616740337932046541786918612370935733536678893961379418524029354416615650298470211985601139487557756582660230099902269377943802921775497144549670529936948735822688981638218299205733760652926462867888792927619054912724307471149678942288286947901454300075061271647627735932059311479555439239175968896431935288026201630446989918018221164006896656173581588983110818321901922397366402959202959525720920552017481474714332365407245747621156895442863924092915922548233468459478600116183307349704442334814593343458622450774001117935399541391704784455158817276190989469826016159812690844579967849363110789310410894400061723683 +/- 5.85e-675] + [+/- 7.37e-676]*im
6; 9; 7; 6; 9; 1; 1; 8; 1; 1; [0.17181499263033412875910852480455672765031763262213141732232953963122893732962223896724280697857429613837297144772298328669264156143011083202676974678476739892082669658383576736003153812542890829469487501875126546995972486642940646996121740935908375251249517211989862385531048279051162024243344063029216691311678356552687418848501022241081527240253529831944193240899408636201370172288537896227234924787607266377668605160244107043270331413992246582623296068052103475569734075988007342817387860657698329420743348060504907301450086277035150561662771726062174679782229158445595694827390699816085179147030207841322233705005322584104484924752733992211255493517381903699402752407222 +/- 1.98e-675] + [0.01031697864476901524077581134895433847340329405416103389001240402790516900436646463763790439175199651570094551175739403835404473704372045474275864335195048472100562181683405147905447685341546518688656335142450542837178314658608829237485754956080692709191332929686442723622320896786004472073545767820788799202975895326158540132380565292433664219042218560042996168810509047327173501282896243489411770359274681687146799509770343801642543450749193999192686319283070532120244659825734266432188517081951689275891390566464370432169536200864784956357323249099692552882231142623400896267899603565514096711528378594407817505742664878918089376273487908253135304060207829382804611185075 +/- 4.08e-675]*im
6; 9; 7; 6; 2; 1; 1; 11; 1; 1; [-2.012250501765138005286699528993719108021403700011411746803544808740050726093306590140778934808655621399380420342936654128212881908738186632436391866067106899563323065937350053800396380353118911798000404959253982141022764008428774155490759224263118889853137516600928272136814546041093389593080265287098291995343879094850897705345757337519145179694615277677549085653446012033303169615993285940920138618936846952980762452463712017463077845672097268261139532740555994546217132468509096201420292855814432221248336677895580545331884090115532032334282507575933711892071864665897933383230156923850865973798520566163617563970303722321025103777003701658137106162664712434754939542640964 +/- 3.49e-676] + [0.864413596286614400198760953240702678935593354412257349301373518333343326436824226568125389106164300578919675949697742903271481450387675942460177530181099814932609742419357977906934634650898574532937553536119041008380471739758990910223843760603203307913273136284976675974550715480479848275767116951129527230814754884424943853132116269172413286127963128761084175410747987271659091327569139402195323154628805361431499299886483979980001658706986598198908989489043449150164069599129773710217607079096700861620370012966236627765762154400132610380170902225072660397847375037451452991560669651964032225246479316407589228851966184744162770994888909645327879275509501583214685427756467 +/- 3.44e-676]*im
6; 9; 7; 6; 3; 1; 1; 6; 1; 1; [0.019681067144360926030151657164629519700987128906764263812057205945968582941760302038450475295997687582492444246983723277601261994123418189539179366992134562652074650737251975912954226957712795576431653272385727907757890032859276734445355930544408785889665648108868707104725058110105401600768669347822565351403232266215953763594822158416460622491370000612976325728615047249109742195738403849104863345038416991464412588476608614293308897293351463745435369313047206581927000920618734343236283296120654553692723047412087849208446588434511529968557104910440946839557831582393013638754138976183289546324038266929615513628217632905430465058989073849434217901725949011086186938912576 +/- 6.19e-676] + [0.032164503888134799124651278676629308087288240595720231888646537478416309968758122988830860392294620492228349993762166889505835747133370295953427511975788769806636700849609556959072751278956914251329928348485413844707584565950872273367796921953932153882134553103081820489718807644915468879324147666618287342758289717110718823607864779054199746532295724732734800444784920372522872425374132583775496456249684052300121407378646487470714743338082675565519768464487485896022752256900819403221552380884156752996989883493181325201637867887997138595587751385167590338532384902102694036529384408683845101100200136648244091391269436320291567241035349912582594057065103995197599152495222 +/- 1.70e-676]*im
6; 9; 7; 6; 6; 1; 1; 11; 1; 1; [7.7507477261478301628914323138107662997641095164000531140961735611906233086416713319014309145149107265799188766204502207688861552106989804989415293829278627435100003112637687698326314119035880692432349210128163832533661576374134186492137777198998557822765884918748553622530725831271452078678702232770701995679594336431663362801128675030329245304194499711109053612710241552540802922907870679172390900379976326083720531784454204789727390050308993108608917321103972184140367087727315513523019669604350440712422401927075104826011573832939263597147511173963325562667277423619662226340500909348567034944727345355445114676575916238960120803206988026156554581685020176327201896727079 +/- 5.51e-674] + [-74.1930765155759476624767000926680105978317517167219203660682982944916319583375564269458275344813819815107094154959872999279286007088207204324420988859108827019577336329411101147642284505697644756671772647205531638255423544180439263777671116804292834560106186160626895528356281639486730920637271558790858855939004708214437672109863577990573345327594809256966716195708071429442252333736980398197454790116332173561017540211939682558844070336204936666191213996758219665992479825270302257540665119035564415061231217576129509949792066809872644655746010861493404697655155067100703974395863220017846844545810237893144230418854638533020169796327050015429740461412028480021525259897571 +/- 4.24e-674]*im
6; 9; 7; 6; 2; 1; 1; 5; 1; 1; [-0.017317625310629245357773515395556957422986666273817670751456122701413213835241279357097591073720908036539334519785483519334564834691747035377839962189598967064765677340232472075424067387234369277000160390272430239328411191913817326782714175655584085268627022959770427671230544241985618650630812635546917607169373402619810820846714888465669063036205594435391172332903214684413743881246149397061962355759308783352608034574041022761844071803540146752466177030746743988234892514241957005795577067028783560308523785078769210046339994879941812542922059958911299773146362677307322636673457442655143931640270838519435958514676166950377404353884892132175845838707210351294586572711602 +/- 2.40e-676] + [-0.0615845773618611457489693153869328615432482425638528505787778699869186154356476668223627775625939487897672937730837538702139005403523237647683550095251040526179644982280853458058636531706384300417873292497215041062770320526136917394409227745584090241499887430485022498174916566151650783681922799888127098052147260086607136925693052019789149077935070074244196640798615228096220785911474425635608539642677268879977881926523350086560793164461559475489325527139422487171247330268141786217096400980313895640067363838769451439231775352437792173726502610398658032427174181200046560435625534694632426184111996059394327774896842247637838343805729264176363398242252539277380810701956886 +/- 8.16e-677]*im
6; 9; 7; 6; 2; 2; 1; 7; 1; 1; [0.385746119211999280079509075202876051650838348987528712176386666151962879123841943826183105029070657798553657941408328366345263774708578692526937553137039492455814142845805486107127795079191264591968054741719591944366595336802415997149376700240398746698265387571828823528657418922835949895930090659000706477171283009039085038356795958666865024441291533155422196429616672779416494266780608658301920447462471405126632813442197364163570492357061709249384900288996259296322562423286258195638950760098026021341524419937235323650211038238640657892518527562236494457607731089210201484897741550354296271460978005676704695403596837366731512239324358370760491667992641059010079745155944 +/- 3.16e-676] + [0.101506980179849398874510787438278987740849521169544373713296931672262064131366147473494541692201722777997267059729572937979855706955404797603044275415451098830041777786762208745448661287974767814087706822628682666019557329762959397292712157800048900398958128678941431109497124662025047231759850975511540485547196398340940515018060667344400794864598362509947023701098221408654362133255649666494422052619197888090151952955377222037815735195727218659408610330659424662114515883380847014671676679209184196754865254853076357445259219756424148333147588663104624557516234804006354271442012535188008181029671892832488578073695627072882847124790080927189970344440539816559357967365569 +/- 1.74e-676]*im
6; 9; 7; 6; 10; 1; 1; 11; 1; 1; [0.402170994483408288210297775313184351039767793310539713162959904339157200872090882936423128357674583419281575674797370351346509631987282019182403564690485321957744475927680079200505465889679149833064927718428125790607810079920012989774766495858673614255792318112668390082860579432877203076389088079347876222518296710221947864004757633734833972546984559036197885787052385507792900606086293749307232608672993864733086433932827430011108626851153648917008486486884390492090658462347948005713686008399806650654436568320268571614931152397906126858803251406851275638130635316597414495864678494263751128263637689038056448275826465005497804475068054639935915607601184855179069682988680 +/- 8.38e-676] + [-2.540494684749195779425691638344191090381558669632771371292475569678155903533517375705967145193312659711093793495476393918292710639018213602193347159863412085621473320987698039282367656906590630058398014207512529861556141229885452529377955840696882141167552010338428009292579083541032754413436217462350123991925590821203790593783536966146519451230519881859453250051278470784747529471154188585490358022635452066941009977932553632487944904574779892991388532579067124318429781005026043957813474283299952995153153839992736770392993633686456103182951645048213195562936927074735819902721614411865865754985733008200928239684185055068649171896697711517771951324292492528303388151483690 +/- 7.07e-676]*im
6; 9; 7; 6; 6; 1; 1; 5; 1; 1; [2.494021700016824450941329975658605653903612213347687425724418672466485703881904472767579362204623183306432387909480106912654300279619567867387378300914303539945119261069786527934627601588407785961140873513643669826484271770746539322809430607640339459058265983344431375050829497280065008481393301221023790147763765612738347941616991709329825173934816419363148012856536776257670536771219520045911652853164422669462134146197777847671656231724536896198376345925344392482742917980429966589249449154214904118188254051644004349863786555226473211917296125879863773095623053427055510019204179478262094962556823022688075342703602618808273645668824493585467807419211483114811630839860055 +/- 8.33e-676] + [0.598994507573880128837420319675594389637373608594110415295397281103181885939752216385279107291876144564873654426966884786674600354344318013982365816777475229903346489537258971127413668086573740839363456984899774553874755603205013365003941355963704379992758693443645200253093857758831901160842387708638511513009342923734202151896089999354370026530237740344515810317453432951659231657358937548806659902404215120696292708374702260119319517832519630073511826445749872102434132125197468703393360105466294489659551118981284731694567341048924582867444205037136064566441062121050161008068009934112317671915622973313087316302146511130673831024192006279435390014049400670563830774942536 +/- 3.01e-676]*im
6; 9; 7; 6; 6; 2; 1; 7; 1; 1; [-0.187255920494009444156254616895946469084539383559248258027136410661910487575512047617037603950763302110806597681291929146226145387846312293293814471041692734655199276288280478236529127305392309666400132649411691014476509201820653941575602330603596798289639330711812323524811527962541973294909012682911471241138165353237190219259106821305978581409393624147613187857361186157290121829314679568738268901397330468458511425182665816444839073290648940876613896536660842024797015754282197583732958775988667874296255249629616733596416038962791514991126177196908563336494706831195098558042188053662752439031478933599202708044356843244104033162959055130961918399492586942879933269881764 +/- 3.18e-676] + [0.0843937721902687850609716569024561493123333653770513893956357785268407946006464720872305437106039785940224584652762164648585508703044209195067913369905916729486489356977147830464758544216161713367695682674829243148137587847810240367489618088654119964687816679732562733259835384779985393578269076588774886196229252126876134929642617898838172774953578735733726847304922264146441316374048507366571113842637888764739506808559122315537482259257764252802168224869861195245806440091370338556583882369148544177196060577495979857364712276751312553225925301537863341965154724349102148309750394719645830584592635921749883794420843363786245241333672070124261118552556871930964450527736574 +/- 8.18e-677]*im
6; 9; 7; 6; 10; 1; 1; 5; 1; 1; [0.525729157396728674073861023959361668543333717023220319942514775225682991216585021843884424950447092244365289369239461607199713376903713401858878338428646113779103085518458660793414999168695121332909357933425877032012014524124350574031550562410244596958926593867682209024152099651921651130642512111570666540901583828740179764675387333131767815472437611903077896592096334131500316862508093617887825210915158713622475594844633071671258013823382649310963790567273166354804359192904589389485023525285640278551033439681687272175380853025381904050728112100962668085828125406240931631759736694072335090730332399597052437030774848368876400663170608062464260208534270952099103776752342 +/- 4.93e-676] + [0.156094165916142799600883905076424239079894812558029982573177862928300319324536685428961981680443639302123907554991464961963187593565615216216728928260196966748581992026551200855619103139877223526444267500664034935126192685985925579465069321043801306830422999836342328663218988258635904955486971922789026547222795862408326705093114225426463970691979400344706945071512622496842051941935330460864541473170212473464062199651684357387670666790173126632702636722155852780444628539760057245955128116207246270774272137619366134942933820339303378974643207841346012693186806014856941508424408842291005014696360357858447601561740695227518033737712790915918178208448649594177406155694270 +/- 2.26e-676]*im
6; 9; 7; 6; 3; 1; 1; 4; 1; 1; [0.130633491591046014780739339237326494894305334740555418183988085060811077974440322147828968509929562322444777829315337478202367414343980039568915802654953988370894481031581571484583120251719980100421221460838593656897576225724463045917685762427452519696012597547317971716213285271741319724956017841809654991747300686631189389870737068830802802228271233822591310884945216393143833787867490556875060473318564082788617681149837082049387984541707028341983424059859689887818673984372358006920470504029418638880482962967388775844739946390306742123440723021867677221964267923528383414977902825197921000346214115533155953385953834785671789464199251814668764631518842366770935068867223 +/- 7.10e-676] + [-0.051559762504942588359760851682543985228443706098508915147496522563610434427880447563877095931944794549341712701342880869231884716450633023366729453756703575412176073030775352509252385792735187324096797070060254082250093994031569964502983866557830799110041723679281244827499240559996049574959950541124491565360234753528967577746423596083989660098133547857175176514063596108873331523303353009852537931685950791379066600200204553058228661651077848583410970402326304217920624706397197545254080295547493655037627457559095468280655509247217287023612371668920943099642275636911579084934095353882808122549126760678659308474799825922660577216963900818608842893848990264965665026219442 +/- 6.56e-676]*im
6; 9; 7; 6; 2; 2; 1; 12; 1; 1; [-0.28551109131044067754876839474160380676065982014751243689565509621072527379955621790680509209864228867710620096684601922516252411892298277568639568904536876958882374821172302954540447771698645686317857859184616733399643646671165377033420757030380408431003463418354109500209269465169361307909238176497185610287340062651142992758423268573734259090345164328567036982958377260358641903819432247666158942581777009923536225715342919001385546274639265481230574705737067206980964091444159003139403745062935258621965515336354947728249163579017634470768662770419489628231481530594571565598683824356774705484296610603388945061644119809076437436871509918147313156375031271351767447943485 +/- 4.14e-675] + [-0.17395586060119883888161951754582147838743618740212041924395675271223414838379702539612264450231295484794957367988872840880628560884264408088631251487776191028230523565022502859805982262229898917951051823609690700294174990612246128285832271533759597017879607935086054692741034876194143291490200635527726793926561633990667659431634137267096730689129026981520329460326690329484896416840719007650652226622393400089102701578243615288653166469965453433719470205452101319353673925552097450118449332476022331645105073815654922884222365017026749015105781671100256754703395112146145546520765588514240664780095591250374347338712829331684141986196571167779439810495700304767959501923401 +/- 4.08e-675]*im
6; 9; 7; 6; 5; 1; 1; 11; 1; 1; [-16.4625968852872549057111247127767733334026093609417358963284496580346554324046576494313011668839582988592485735522630233367356212929797200944203146703189331948900996364952360884175482605870933917955010551821606399917723498496157418466274884700434310834063474256495641866958090455408914974971405398781375319224457878027181808783687031151156296315608676322997099823801049884622846887749202723114968143689530731375824956366982841842509570795199820403632890758260154666495544009974195477565493784261295069598628556760542470081017983040448686628456691135962023080097254478228609922855783219491838434629703417344176963549726631618661609739295013137844819119319920897634776833398343 +/- 5.22e-674] + [71.9546204414504401800390514582123427603119833113284237804101032870109161955522539237764449757230914203675712957923511366304198015668439343682372520866368243114094434864403816186315791757277067864063605413960906104432606961311376441455033095466334583805906111281493285139118557248931238843130314659579823241837783295310142778643769666353990318937359522210588706282034759144197556981162101511079595228191499625506599320681748853644883739788371943544897121541860857840914241238774791616566138408747613640852609647013362670980023297313018644263852038470654541712145163716273697019250424898691405255557681868258745608560929926428251344982482682487046235059106724638615764420862897 +/- 2.94e-674]*im
6; 9; 7; 6; 12; 1; 1; 9; 1; 1; [0.01004684815347986657802975579968228096682800650948672911195035328207519756650382860511145410430896930193481269888167983955813227713417256783001763574065284528745496530268970731536767634755875657496025692630091763319475032673887590320671883768739953405929563466103666065058208560652898179416851984140842350954011808773575419304670755341724969224742952273487161342321104871846144820899114982985827581626903291120553045531864135591485887742363409177293128455783256318077036695516178121794957879359565520339137845347932601477129855393974316705486352343338651338770266548139092126684601235750341493248132922822307528249191239520772246940248304388373832200343357504743383517523497 +/- 6.27e-675] + [0.05033667268639072284206687477739086654437662720930245932608423682736216961168791191520962055618696221670286580366017731133766893032749362004125503661411319153862332776302881082676845572165780180837753859865139916575368399940682113868873212919843833807716229094588209593591822930906801584111429966215544128253850874892436075797963546965216586530000529762071657838040541108742377889221740217620953967554342124705288560218606311309616967763428191237845682484037015470944734306485086713209208284691001660767606963552231866182929113906030906022573262740905440902183843897783876402386015169350669989259429344862114243587323645010374156104661628458691082153544632179919238425399132 +/- 6.18e-675]*im
6; 9; 7; 6; 4; 1; 1; 7; 1; 1; [-0.004069612326275344505806145955773408900394447150058443171017514336132932321518379066649435262553995282423918640364379875575564054948327779000661672264456036800716489990913070291355366904398157983746727966100179024037924703345210826710589468051113902721564754912765888766903396844503562968949381541809771087809146782047565891420901463950814190901509942922894391612256574244762948105119728966188823350980696001888271301185376244445927068432663804521791083378787726973888708124795225418404815372939386046776747648327643245023184397822690426233650657385373679615790974817370281980962089537336966824763109857610236424275016975443789272668892537087807613561345084500038268100268658 +/- 5.04e-676] + [-0.0625377775746788071235907244964704494558336594919270424227601847953493457978149821647033728118579237896420814848582037626753778341613842806268401683725518512681940095537203268834528418965272919803146329938516701081264293902621051475162595823108100761317042099020552741750172588974546023225541953481371583327324147187732378267869163191390170423701058661942564549540349908485355953537328187870112797490490391070017490679308748031701599572017202463087383925549709697987303892994981927725036423978401854477451939738925085010426202265088827627253221743685064920140720826074914190844889105646228025119239731948005217485549414228436611948877784025952463973652615256599962878064736298 +/- 9.00e-677]*im
6; 9; 7; 6; 2; 1; 1; 2; 1; 1; [0.0259175191804465578474550577824442538793388581701922913705691961650245185518949899207835975005765568244652916202865324193099002737788854605651498885449098149808628909683378888451280674033200608947615651938668641062548815367410804293347475748386496050373279551280969485657165590743407244775224087670598172864033854940026076089954229700136826128815066215374348428183606817253639680554520420163458572636709445301638385306250795167817689833194096531566935772090556538785782422478958925215827937774104217186377635950769211414429426764812757507111580736604259386975612150282902837394422084910704937493775842370006684510640453728632756412196763660166812405870614202289026928495005472 +/- 4.14e-677] + [-0.0554499467502773308183847834241187062832647683666734290404177070446407118379984044388905684680154113092560389450386335420973352979227110991529297827718469897120411649873411919831157594776406122451072180976038114947820416585998857147298403743238397292509429477973648535473388564663746891567260458851629603242292534661833861529002690712220803311717177313271005425568271484036690081206044128187552279726989266213869511775156415639158579546773706069733482845108079443519947596303010741539140276009829650159580091538939823720461025448901462046907688310093567361536330730434632500163188125113301516134776880880427354864135433589085906249504506005966452306620787034369665449288354110 +/- 5.05e-677]*im
6; 9; 7; 6; 9; 1; 1; 9; 1; 1; [0.17431573787350360283848186602116373687630438638068672735011262739548628482491186848768645423076444680428599660523411250814894200655612493399864175126024891751420455240277674697325448941812990172645498510115162322084608807660517687402341143637813530021685079382871156870343110560513942192872843572676072241695460040355756817774631049463135880021518259565949434016444907323924837308652344269750768098239845167885038651916768334298356745395453939023918877051386496377082305807473124565715360235785539581282220688049434905720872491605923790447116725054744904894877573637210356577566017086059652739521637376808686590708834424113953430309999376049324797915307320693882332622740899 +/- 6.62e-675] + [-0.41098505106971287847565769907467374877573378655071636675374122465228786998025034689351084686743351192021861571417032485939057923098342538518022270851429240664179572149146468089716448913535362517665694170772932272930085027373793817129231822193217694328592367572829949347876914384642772841448204310435494911102426986050547907883131710665833116789268974528750101878980314159591471239357392797921282150857149135153708405476499769002925970365937528592405944740530456087648635558476007241978593733579715451738483789611267685187437452302671290066328014283169513970282432853143345942837796584468495496904827361132334812641618391828857985287913621366555140828964844717546483974737119 +/- 3.27e-675]*im
6; 9; 7; 6; 7; 1; 1; 11; 1; 1; [3.95709448202637777734853109604708723711684774191814974189805223397521833719515183909894827858819754661235228814274474589984943615790248398019617721907259977267676070725809419754152270175272289382401071646133322918895342097125089324445962356755102462516583323827634078475184151094469309744312253064068744408422922220956489999088280541967388102120535342015763918773542098695169624067248256400104670927042440193495303554888053109652243380908836812126784419223609880950263827324227796793225169354786556879086774605666961822337395986530377862725588651607318947356069668178891065203973284716562936192821611441435717549685113316499825800238856333832668655740886890453220649373950018 +/- 6.54e-675] + [-37.87879880206886622685519597717532312723005679984209586976274294528507131046416753693846458557057093438789303005825979478546283628045388451599085710959654701294272575218140998663235104954662860717930981599374406592909634035019975889432116677795972155633634429352541865798929470238070596905392330913065657839126022805132422220058350153984687315262280339085830978212476513351229014474843330744780954437625127462221356951645931369413774366078279014471477697529075848585009498413569230309833666582005114755290315680667021804010147892526090004691956749222533137478200882798463810931677682136291522197853013388423344033011745631816563985973799759616458945060672557202572518496244066 +/- 7.95e-675]*im
