8; 4; 2; 6; 8; 1; 1; 10; 1; 1; [-3.130440270492118952205937057095046963028434160651171677517242835410040289015210042985585129943288015167820434432701148823531826388015569479174403205007696755776908141904673979476547875216182309901857902042006642906031613521232954181410158589530994657405627192889427269753863697893947656395564224971019295666182717040405508486029032714082560443534214374698208703722339910878845902510417632029732600451674824667636088800998596546378326871168680865605843365742493279304051894655295750720551474761968803646472505292941015140132586398017428695670033190298106569147186838349924194467591058508322723823224108584035478302156589276052017399545037656378578408517776918101362062822489774 +/- 9.93e-676] + [2.290646071853986720836794266858676916641730221496687918292612938484393560818995791872717267440033880140149275945368844553548081253767995132500247943689043042810965487767816785585507543776757271418225590746838419036846615945405118143053310734632810694535124530235855282864395644357279592124678658251635468399435181182888395874547435451286616551709058768530648361844993621819703955392594735380235418465460013781982044835376673150637603573915705775870118125641473008079829640082711951148285010895119589916609601831519263307425743331324434607718514654062465622928962817151803587880725444229097444425122486973840088985942199362872255588715258510493772399185980585865404366264120448 +/- 5.23e-676]*im
8; 4; 2; 6; 10; 1; 1; 7; 1; 1; [1.106676330106900517168979623093772791421540624897499123535855380983884984600743432776126330534712945445230209943671120419070399268382126242771568299524877137364262552684917161357132287204798480275658406790673312563617246793524791794821719387323452397397970615482540479706930182941257806783092182492129170340401475785567449418898706592742870711609721578342877278993556013501601456350087721599595659486858239861323608939488862248085225140192468639150457734935659198873641651680235569508904379807537168907182091232498870517828336568489183695343408912451139167726198946465161664040792619928191352772708889509833151797366102366803387343483688940732093835551155837717619981222805870 +/- 7.29e-676] + [-1.855046679843402207122349086396608253503833357471968705788588779699103976996835732723268522048617694888366560823997235928933615177241296799382959105851302607885562025230409723851475341643694725488661643071408822446287062724806853298055169845566489124424382750380193176457095332189295440083696496669954011831659927960152392681426712032810380837303357400203451382317900845888415871652401043852483383740282615342946487416617417555579278735990896410101693273753763607744760106935264849602428963487044689439595174508444321564796341092616455376691550084015641650990144969228920654536217498689176175601547721870607165993269588617647105013194449389253543869618549592124731762486166333 +/- 5.11e-676]*im
8; 4; 2; 6; 12; 1; 1; 3; 1; 1; [0.17345367886819502361748807074540424329296086998599892332672304975956863293731341784693332237212152519004001334961596953157846926883481992008048974952307270008953245721951976422344503346458234517907424044213747939493151939859081658650840635293763762428498669730942895336170368602718240089484601709157879619434261476025628115576986108767880866063222063246430753902133108596328466658137458058726321550102661412827436940883397734725382001103189249111318594250179348841984039983042999247071620268619160587734949484081692875658138572606321907181873955039902020130926945631571197707314486404622204067524557413996655573590473538618751443193655607216734331309268766643423823276177949 +/- 3.01e-675] + [0.046155964477428566243801027478068442654329403037373700738562711294810214469939098241767083157093469890743538548688102252040318720201055614468241092669201346611427127417219793956874426054621055823924347885909782414678486138210260429062052010384429955198363310762892045049251434945475711570238529973679542488925348540279673721640990649405577717745986455528476950660508472193920132960553932858718178997026349156532432471997544668866971874420483212818529678488173752465218668601725316257093033581284341129093564543312396318635851521783336577575116053489441601210859556460072816637535214420431727065616610253311287327191371699581045205343090626803413355079937595630618258908725242 +/- 4.49e-676]*im
8; 4; 2; 6; 2; 1; 1; 12; 1; 1; [-0.121505600587668903189647555820323360800758609076598684671742677384980817346402847233000434833694846242721598488025716763790233964944684125242402295394007474019789584191458381812333222161548609699972609815342107895869529009192735560202848224005395819557563474481808364086179613420768855911284324425465632772316808765791430730003992698551586992857089874642990215329465035123189696024746966044562818280493546453437073869442985077787946754367055320470512742922275349038669821447874547939864897857373251391091612248401850025030161716284860276372448699862835831592069052327441790783748705658683008941519855332887318758251167606806062386219286149284680326826052242996044194422656004 +/- 5.67e-676] + [0.446329029004214035507802211690364015280386060541697105187138821556124399832227404277128038510708197702157430809688937988038341008745547070113588378873703924110550840512741536507638788392296347992823790257949762087394749976756004196918744746490306362470585180290636423478302418656342700156060051959914315114570320171922745046086846161292535637291609837352238486013566235388990497256467502762013086783139465124394797544408653408230394116303392657874795295363490415109874019531392012484786240992891296960293370622998471231781074295210577129247582853073949724450283056698838324060220055952651330833189238148641155867896419309707829611708747790993288711972610674796066077249313717 +/- 2.54e-676]*im
8; 4; 2; 6; 9; 1; 1; 3; 1; 1; [0.007260592459426544716099644300858897267602541420763692019477192272294406772351006683342388803192930209516457539484393726042832111052920706718504169225878650051721612954435980496214679813088289726364628451249281547467219130496453215746221293868408957275878193655173375071160357093381621205651902187744073603366843236654582217855174036062433646288353206648667583494316819731497950741738682866532141396634835750165547457310543852168369231778970535241835156914296433035314433293195338065407301494323518867121730214675035994896861553774947488054900454010570923192667219113983645870065750403302578700118284216933565933607661647454806537403797335612170401755096416137008707711063726 +/- 4.47e-676] + [-0.054510238554481702326475744271943181123590102808827160254797679665849629998144474691895147001511173516075832341418805985543426228443297882858492015862194138872372568512777617266213733199176674667707689447721030662449800182497891749129054532508527426234384513478379997849273669589237164165446070566751602492044590887237952819962157265448879900971701369842830004649470451901185205701543436238992421448693917290907001046867551068995386771074315126040906951575719054191009584453543779485382846553862202773200367772882773083674419647082945182350440781849835310918014970669962865106594046486153896760322845125731889406567572668995081600930365370443375107307562430180337501392750064 +/- 2.48e-676]*im
8; 4; 2; 6; 4; 1; 1; 11; 1; 1; [-0.01612954328916379926162462544674021612191915608027801809488686176101167188975490599784255554752700957521310378421770811364462556441668268948852367758328888406744999342629730335580778263998405830341303935069321111127921181258801178038361803693320732049309476917585224618137534161964458203044687839274737992737065724973398597395449089520712524160636368765651883470922704820923859633777777974770781692071361302711527832564042861273229709238530351298985576212499021957255660708148335612511126974939083231755055942855462341057060476288768315342061481213706540869788771033672565308587488043928594538800610268043279026229928067016926329811217847132321281483485795031377250839393565 +/- 5.42e-675] + [1.332545449621151950778766842651003486327306471151458181750325055697634534226282544341334518593828299633541152399198883275913948961387194593080038685251356941750036634595430010402177302963778211958013692347184516211836207683589410707272779043631309836930421315209070054960756218307193077617941354369279442343513999846258212262333761867769400806817361846026166813461540103350815012820066066021512394395661657979194298896232648626815145055553776692699228384568442714588102459115232381462323884742010427711365399691854824084904939222624579670396678726979337670843459353288503283322091089911081840175271633849063640572544715793471604264912889404336921434052526769148717838149893754 +/- 5.99e-676]*im
8; 4; 2; 6; 6; 1; 1; 12; 1; 1; [0.620220972752761737267133147278871798658918684257150955311751131347243827282776804474811964552545312806348205197078448648356459922220263353753232612867121533055433902343363677892968550349762687773418617045915743752331569185314869720219094521938138675841292991659703830181520876521229509246332909849603004826713587448522044752738632993085220153603869242604848544508734195539251464751486619179225852591472766735675701560511073665464162535597220139181215384614193834396463614344647484565279030866888639869855606144450487461384305942286141485498431412444828206357095063183484622082319321770753395142756592598265222296283167440941521856320982352937099938365166738096554317278548372 +/- 4.79e-676] + [1.621260533013465835100550119926200140539105612052250987907565779878690809349878025676401437485714922030577225041133652911708619783028854501802526086911137414487555070638781980350701480190832997377955698369087172096161506340688021863884838027035914305955590433280671121001694425120481245902424122107011413499990868519608518601057766449218972256721670170065030302676089224737421322040726857457944051558021661960669601942576281610170305527538773030124528427491015208396492407938336893560971375768363288252333832003684617013090537105215082687366320349465781785324447706911620115753574871278054179804621357211018793447901561012744913436477258276099822310767311793390514933864597742 +/- 5.24e-676]*im
8; 4; 2; 6; 8; 1; 1; 8; 1; 1; [0.877110515373412991268050239901514245726598634565762390746286896808081462613973148803842988773732868993554504761449795839396124869780764874438127287523345052908858344440257904192445462794088635104096566931405639941448666867743775860076863962130689401309093496894203975024293094332965439767152647013062586547637655075890517949651589612194111231024403248390437254449359096821150170439679760561666752349355110894781341934565956838078263094717252116765715350373828465079539121799528501842366462654126115396654096235055139747783693149101430013295566708727363475848481577810241982790140987639750951851586645622267757425816372709465325384349489872210419507973698258804235428966946991 +/- 4.12e-676] + [1.252290503206314553879677572796884639282466942814122880128836504996516796098270173558375401995842411859928917445096216582088611319990798775838774827234498226067738576835777437918164870609242754479633846518772976390313337485205499247141154588176856830758200666669732930392558525270591857958508027161640256118641895036422061013715480143694861541384871107785057253063590201593518407976845777586387946492549956956283395570431766526983836070239638077809931070709998045999455810647650379185968332934091590830830795878244425988243239345567589681848542579732439927695772269988072134435582725601950467485999092221664953621905658788510026427660754592345726352085040155645186096992473451 +/- 4.56e-676]*im
8; 4; 2; 6; 4; 1; 2; 7; 1; 1; [-2.568401908811731216734196200598439689225830609916591469096009557180492416585956988940335777493594395331482302309771833341281464267794929227701881926439261088591263969071890504855955295065691504925866673465620744127674138452139483635518065319096374448627214954167934115868459715626151011191378634067227505074386167080489017143951216582932544957023869312573854224943771674081847523084177296513543851508443871083389319349791435281399036843595437357126343597419156328068903206079254104474326498512946929775313285501772162854013069706230491420482766849852201394106426420028845941752703865931503200345958869337717340576832760279957136212132378346900970846715927203910344391607438665 +/- 6.04e-676] + [-0.030620374362531189863679678562114284998741381385631356510908451339877368916231201545657104773016776751932666794280342982403541847404741418112489382955400600581676965379308335919301486673534269146985704295751608679211447420804884735367885108546315074675664941579626002863034379731029792189741468846472811113684623369005145867002582811855846318518582229682343913970794169297559714915621928097439757283387177283651049609842818855066361118434323766771244935548252420356871843232984965066998268117971952202893065783374864650948291309869958395975376660942597184934823153576406128644356407196510370259380529370477571520798821257567943192944016598940730967430573521265802082453031674 +/- 1.22e-676]*im
8; 4; 2; 6; 10; 1; 1; 12; 1; 1; [0.34705458295048940966828685493310736279215054970304411002004518337626105321606792072618683783544031128263768619111161431094593004219484042019232779515728834785146343884709513646676079870863863903631766936518398289894888749883589869453067354345371320506268612861930834979836307543037149095952689866262284846917696555656993690237202597898599075642721042381775800032693231379826973371456607216657634586459476637872118628743103982976208689608866130247287259267264353439013182247985218115439558673560924279804269674344758488892629883870576510257856960206961451017147541951471443690107141543105998377849877342859624011261435491964985427716047752839653313545295281478521435222227409 +/- 5.85e-675] + [-0.738808737641457761242867716045957311437975968201589777636949592004972963605475909108224296411047124530513473715803698252884968718009451418599069175212381799287325229912546781304846973016750782530095665458780088933349129868501295304290087351172564690401135693378065462328956379899394180379430230734510367366353731184073124553055354800787973202220518938647779867153813027555335531047468234946446545577354882535687158753784398627650099580951925516752540335052003759852584120713364660474189683426384610841096139390391999140113964846905050992650730440839793581638857061125103752419422323330226516156465165432232780918766211789542204144497269731911381078469946902087732655932119248 +/- 8.41e-676]*im
8; 4; 2; 6; 5; 1; 1; 7; 1; 1; [-17.78623397642317828191168441665037425384066318423445933527142811557253007846589453945571844511729324874761938530449439153974140404109136601061994091022043370174456519013398437126062643137842317126476942924270759535856420826004605448269229307930732984898703928948219368710228033874780037001983612142652631360115918468538557356627916532097020991994318648712665306960106164343110492030342473725922022278254707747117126057311656628888266415407491126161372495385311957841299971265141379930693082292186892380267878623095857221286105416130078613249188390488690369998528388556881558285316875649567763820180073643222256547104348153182451463641782516852475813580713066143206235483025454 +/- 9.51e-675] + [29.9279588640335054252844258792361942172855864501228944122269857767937328934178761990564483708333719193593166917718185290035091258797900847938973048144273020149652636383313949150121770958148177381178569991864041572221645403240852353254719819022345658514821341643846903861238369516817612121719820870297429674769966196996031793149605345251417152560047122576404915772675629895580823141571355352518038881497810689313382128953446916447922182801071535609567610546924926778940401019725409762288953151437686193516422688086498904844699457349762196435506863768746870826783945790237729630931977963373329375807690593324594809951363890617750137229094337040874139799246817952489301252606638 +/- 4.95e-674]*im
8; 4; 2; 6; 4; 1; 1; 5; 1; 1; [-1.263587350171859206380886447261851032088875820998589822246898304169191587001546072759653991218674427965120863376310459548981309240872200816211007685408767315914053547952436776398747842501691738506905536627474646579058455825784462528518257747131509646187293331729958608717325087501318899696018967370516878540633549985276310357336706989239160923642797862190507882608103540405504279626742182645179187278194784562366965971589868414248720370232377910767037977867981199472383730543172831393020026546909343521843977605299740021994661323907635412639255664802857863738153519738732972699772665592854649825422177471000875434572439152245879178329636128276900327290146989132478930967370759 +/- 3.54e-676] + [0.349542680807335720812757703355552845693487404784028730754106419742338641239163310735220474672202003224539825989489254244502300803414777237661211414699413435786908178908945627204434149631276276338548979220731412706791641189844305313360522848264135551133415210343194546215650479187287594324227429114559417778178056640855894459965972369771362545770251008228903834295450393228821131914958738747729676473621153239271292767434081904551299420235264566443324580524817913758305653368834313302609441425391157469015844729920195356148061491668665100300393651388448017818431881880383008701249561931461648932986501122441347239868380804495339645069365315754570337245740759705582618601194310 +/- 5.34e-676]*im
8; 4; 2; 6; 3; 1; 1; 6; 1; 2; [-0.015929673345593976182534744581489946583981327081442565653282159614248663471906710671593636758793711954609491911350488544011735592480586310487294742393340426283670694576650493656967956590853137932177646961219398020087257227647895204684625098423840512202217500376326354226278477451163044921567473535429683171234582705227300736809480691624304922790082651812924735281709832811035430996053603191968141027854938295681375677045053162226353311522160555877721232547859006535591237134698123982944991073067002901540923118098657863198840602605493314285861761819013313106925633837248725317923995010120902705709242223064689208245973921843440361922018423365356501870127796240535290287044557 +/- 5.34e-676] + [0.0767046321995017562107599159545955911829163912747685980208656673139420201217047692421055180241291826566211889542884339087486099595874646954734616265794207952956756768987437107397108588384582756145061452876216953568751976534735827422354997798892379007658616874075126654693949633984829316370927337205904339169205520456179987299273159313726231021741018060588965087487744679423636670034196856399951989978726646255191240969865309810276204085891303928831679637686568650018764658603358710969312619195891660395140113669165414276737716480784761958556004443910938152781957100367949974366470639575037557668224815674058494251138640274955889550147842401165259552951561419295023938146368674 +/- 5.88e-677]*im
8; 4; 2; 6; 7; 1; 1; 7; 1; 1; [-0.092712377122870618656273768739142523861385614932081131319061161546154917850292650187459962009667145121779628217143744778534265991382042942376145432270465244398461473169684876203078584309443732613470248564635982492053956260484547042311845740841550973774787847304887538254371125532249926404205199118974358049967157541129569228246491609794141807730416192847318224468631607355690605303530593971891157771593093871658698890785344835668906907684211103289681484952969891601970906441496919202775897450703519111367751184799043602828622126592602149751812981635781592888302450337447082369681504069931049148965125873713967543135550820477393743830657388429187935358037454843886657853377314 +/- 5.16e-676] + [-1.794613595455345430788920555499601564381244036784367797398420036773911947681270461077661232103882504865101083025846230235981576804393637482205000864301010628766804479674962997012305209194715588454785505851274056573989687542366946057221998325037674726302562091323376923278614080210402864018802161867296836292165050006373906495655245805343887607614618951815116217030635269777134279638185304508212342121630817168879628642945339664091339147881751569324363657081067814242245840927145474061344806214186574940900105413569356322008683142156301895623314349214171906640246863916437058123029786682148416608764519238112936131370863512858528456016162423259454808027085148329978930489655035 +/- 4.65e-676]*im
8; 4; 2; 6; 4; 1; 2; 12; 1; 1; [-0.5368339812747343561327424024631004215815708123420069119428122107612126968686538447366564177047619883899746016699771086647626820767134624898201972819553059373772626861808524249984056609211928084650695074740459725135782664066013558037821919284945252448873402419787227867742321814608840687957482243109421799781574056347204425476620739667459883876891379799566036802383678448762298538063200381682552413427867980141475649724258856015602481439230559922128592200929614422982371315908988311498395603307433548735135852514328063717024124204922576990022235137833216560960318051598314312103340826322534210950532972906203513858607372255062560537770809312819330930379263830579946964862001289 +/- 7.93e-677] + [0.0467261811045087671735161509235055532756647232083143898722082560232970942930973958831840697773467623120278898013932039320914775710298602431978507130108745774257585694172340250357250610417697699259112177908667622041861132576225443813255642991476806546882934966349642076947373777412788168040061910844047710386734438007731502633018861449941195016888986968552541909434138569726193487822498479384761240854309931999715329564558982028995386144212202686949972348316728627589423030852900750684225044982049010742717666062409429531736022593230764467465068624479717934981881295670105183091575993036988178077591655842935356863032639135621007618089985482072311223408903541869973148788064632 +/- 5.16e-677]*im
8; 4; 2; 6; 2; 1; 1; 6; 1; 1; [0.291340434467046042570462199782216772268407521268732381383394782033963361763660175925009488796682866975222932508289046181291908754427057139980108864569718401559999368228021751220987140179302665968797635263897952687666748035877817089186254874063604934440454726482871724217805254723625767058993392039899035734692077556100894639828743086197235108542372082644017847794118627596955322866799512061938932984482147142237310950101196452407197023515417303027249527073051180133668779853666556094281550201132455516674242959648613198381667487872305865838357850780663759167573109053993536661132278787221854216853105734046411645971693486518305428600963919165487480301677963326973271542628801 +/- 5.71e-676] + [0.181593532859955673324741203726128508043880122513018940547024322234886626372584181546382931906519838188772785113933655040078993671666152436574729265191746124227583045890474776882113731957848082435508236541582745699728431709854800845139532530361515089163075734393263807200611940705722431587650242456575710362605875018431081954419215946710712676323483274509876650216575413804324093970654049378970406549101000213766988983664182319003552273636684115777586521579583225685278585513418312282124847814046248762940264022737176105526066453425710255323662154994553855723620375817807301033049154532773766858720197789328227753742386865928123130602964128298864299524152959742532813642809099 +/- 2.96e-676]*im
8; 4; 2; 6; 5; 1; 1; 12; 1; 1; [-8.2450022837499837597489382782020471818918056336285402733356677898327718420800289095846995242947567972720768338651878164545177714512529826274409725503862541686580788324597048786934665459065240281971448852190771585571458535269451821642990397190192664320452193288794767389812698886601391047862277597588799891993486370987321454645980091617653280910534469514176185088566226881142614830048670273451307564604051328940551454329214040326284269541075994240807116455369587521668738387799874319785326809533890853131405362186831742116798281345219576072108753935891779492185732633372771135840155061124427509316114319750146955687897087381485590609585525260921380821477209322413077408450698 +/- 4.68e-674] + [18.06743749149401312611966601077706475516670752660943043597032025255909159427494930676013457082715946232742231104579781306375543839680416364406409932395138561075318964991671931465696917238266828644875613053496862282543548671604276950318517625865095778141452187947148564554042953968991546977636927478877583908545501034690366838675195851026506340820168472790981418419434308314252545522976539129879228153017991326319605499523204315625654088603582116980992175501836561470977074395557159740463878314890216833344450674680079531889985627676086635741044268701512711202907704646433448948623377976582039840690557470118138349246964333486854595197832949861171110509266030988086145214887431 +/- 8.84e-675]*im
8; 4; 2; 6; 3; 1; 1; 9; 1; 1; [7.21647391062261923329980319738516486561599763550152961352930823594135546489250260143480063608273458977403626679045726273202531448959826669523897385549344547808756960995729353572087564840693790511801532413453094671121370011496239100465151683549111190792535932873024965486333185418718481718940628869444469011697904736287693400092904307101755001370941134081288793018875049406423557357159521971272187584977318532801481414395796721135756128434701713629728133618561730213234784711908706827850571952147938699634982907952007086560332082170012110834450398153735303639679597226260632316740779111295556955101047382176442785104126548657377539129250296611017329613222349832952726957043663 +/- 3.22e-675] + [14.62938489846055432393412459304454579428659101296833630338650959066842081152777260793224026211851842079814817369132258426059539360062614212735351306350945527773136384273301637809396477511817835790001334110523686969435182205817179603250480964990608492793443340962989159370707501379865098598026046225889884668177303743084057927333105372986062100347185487165978104094359611890608143837313638845806751255032706061060922696255608697524660517649621236805117702900837506008888487761117669967563164477373658288597827747272448973715152744253435629397593679331958549738558772662284639804979055523198311109310728212790678796623053966548232630808291516026035841668988480806613707391345581 +/- 5.82e-675]*im
8; 4; 2; 6; 6; 1; 1; 6; 1; 1; [0.124233672471374741503030590643054944224884736377777177990372432367773788731119708327708476144236775278703488766206617651759090378805003107377255604370744818244376656521371628272268922479964191315241635810861567979508847217588880425370162165948210546798232563390074991739768869508987137449440010216577864789984191322703767626613690960967953573683971617358260879667332975785710934926285355376768155485742919306545574120284428297453965628750912951450431513729399772058055213255481174280254365220116646835074952458760989819204173540798195915669508581786296458021511248374217607042993466379270923723792831083546608280356484334803304258852230753926282675969611028453549255601354031 +/- 7.49e-676] + [-0.654697514001549760381519055043223960256139716523107444039281088610470889495296858553449071428391042403229024369464493593700887496073774170226968802796622345619611665184311681949359045953383606408417986433029909866804933078770167186875639969613181374996431487961416595144617629398690925937954815050692245808762240429329529917180285573998994308362919630797567393236948917302680749508865389201814234727641225456428983350790856520488015701671827245979559980599400441010977588840987370696157689690055472002447415069607205960746172433018689555319769373624416017370649495172105383220068407107437717350708188556099041421590041309771360175103450391114560197898089510116529245849146474 +/- 2.70e-676]*im
8; 4; 2; 6; 11; 1; 1; 6; 1; 2; [1.02971220178712443933057715385343050409237904987381895151834010689719783925089237001324525491799380361593166769563583156630689953391871465966552626508038790862234517192095288493931423364276162367940457719731833322041213718087815530123890433062193079637794586801421246284182512227303179657265441778196950992366948482155961036234133785139108554106320774569558326924620905145958574176349566216136497606534742371530363208589825487060013052130658246401151828537010415778741586388516351214973921275157426624375932983803268088961284893434005524360986662510448313036711381044654112824126339648414320487586092126003346982889820630949950473864585578598287768627917471291953741278800708 +/- 6.21e-675] + [-1.22378116528212119681491293833850238394381834050073159968867403061431796714340095640255640218955089415886313162655775804625290004392584433858534956726566011428918666756139619906279581117119534600435166140835228357838236599527274047174674412684840061068523911438535000159871736722067185866287307617810833619817294081147473129618395084135250022013111785209864160639403567691104847881641787320992592090136026900930355456082065045952451763094891888608680556910972828782401617093904306475430780887054881489677060893265707608841542161680259114014881361611211706185420275053014309844333821649972736514538895177474040672276258902420320375786643021969255159540424468025576937237704657 +/- 5.12e-675]*im
8; 4; 2; 6; 7; 1; 1; 12; 1; 1; [-0.160484134964887034207448731254970298376146641914035670792633453280948901972511168592711487404908551616912923392241683332393433719901918744073213207137901815516360582790794638943557732164926795519104261136138529609014685340232933214107739031438038427116477659242946238289274234051701666251615910403167606228368849075278905728512139409467926342425243282708261478800000625769893340734188450608343318401255167005132529881382451652919340037751366812419984426050979862810239256014087188342156211518241183292781436697227299683378991574156735362450413026257579343071053708836640117523163697637376597247367934598590945620069047951538408892605380485876723925631766639015855984000693621 +/- 3.66e-676] + [-1.059288143809276342228928398242408614867399366167957476383354665251783865262103158277444849467752208158837408368121016544538647356207033782717001407358939207717156150647409527465760632711975955421773531497667866972740136511218397862373042846832332473511088061100890408290654696732436774169275989431990475083081693493159171880036197512741318171945888192722910564946605798215762078773987303000247203504268690341244641985863663714026466417021618114189742533793349288726794109328247803388717945500225030643656524663957740490104404246793405183027762014332729549578810203740751816540397308154296932514856469638466451407505692449099810960025200513956721321431360035237381337845285590 +/- 5.66e-676]*im
8; 4; 2; 6; 4; 1; 1; 2; 1; 1; [0.12860024680165526786688495354954871758729732226484486453954338891448844665951554963388926754984744476800954043869423052215454733538919694478240938213743949988227425593825962509737450734484659021995069163702478726377643572122601341606765675780821996402140088629919549779687098034389119038822619620987837212698876839938307343195087649996446432636222639265145037066602875332911681109250188767820159448625222215003194573381240355331790715972316526982187822074063907935409959980796837046398899822931511025714481042891082945803773910550697663889129773678068679807585104707060144591545209542228305647436413844778079812287334677026656169469679270732591136216084270260558125426994153 +/- 1.21e-675] + [0.010940555193675634976854901525465178938164042074873139334413917854924673894594266067177436681700521188796042834357232799394995664901776835952860882548163913363457864500766331424502949028486896532388719857427278228233623230649345146334758314040822115883593097699624456984624994418639496662326034160777118595761781285799492647164474594497730446169302471509159938798376006509480176579427112184560330007986828374061995514958287704848155849875236609005572049463330417428609194295389712131258709445962288393130756778460333868910033412640824325625736130660851347675312170603122393525862251992056773972988540532742432816589692528089561953950977410254533011733533286030545414503662341 +/- 8.70e-676]*im
8; 4; 2; 6; 10; 1; 1; 6; 1; 1; [0.15794092603217148871746939804783780789641226943836616842627466758525301576617114627655001821252332928783705022168202376833369978461852336188802878344385770678192999751002300807734200362037585983874878727154848169847160442635794690058090346940408365084435421147960376998262103115066728668368816922823544804178481115976953537824017322732097746273194210862898166875703281925433670368434954528316404620695045280868791328801484778449568060410812355808293976863873905726543741991392390714419774756701967746344919368784475571128581479129170984012824971580073053938237843663714778773969924456548796746419160027006539318584674010241235936420032007713981389911404189479330455273902944 +/- 7.24e-675] + [-1.43032799788144128364349541609548725357812678411320847146595226977330357248800329400264726800443322649156036504413636402145275701909460998658239782299906135707161437997320818938828218367255162352550130291372556376173904270104065165044611547585947611117612767278709932205047596415247687104872618427283881456886004776100349683733272231894366890212582624350050745670261381160757781232907799285179933006641763470757099214390402226527625844763572858377661836624408635013397951853686596423161809776922767431859775335607900342032631676845932411358313602174169911957228692689825124055124702385566215142648551923847593346895765095392925252485355805048773307535585039017382485866923046 +/- 6.49e-675]*im
8; 4; 2; 6; 11; 1; 1; 9; 1; 1; [-1.61064135500325188857891059157399742710824173081524902012356877454153825797021276757298648336991939371473707628374177494049889197818932238242312036341237794484957512315802288081310531622722727645087453085400243487952667577435026155701548663433894223127817057083730244134336446261507066500969583354469843930576953648484371611293561666570525676247630713347873782683014174268446755008030459045314676023536814533517953189360034525798270209181514851482982732832027994770568026219515918748937111553702801186733262140997929788920158504064077085245116941705885862238348341676275328831737631587858787561378128149837969153524808452118902780294440004429763014206581356623108120407547975 +/- 5.28e-675] + [-4.262082432996360177214895306380862855325605514860841818504693565566837662197932733468622678509710726685340644674742867488154065816529020013175754021795817239865161097342745847555546719246649490310903082069169997860885548528415788479252510514579879164666365427273554086094652722005732523098699050841552597635081765424922759738694265551484479114437526393420841756366785063401338511284477235311732382662255067281914350353122088578407134246084405634765087707454123865038004917622234860049520496652700839347108886799356582404998215250753315841962567346783263993227997826266380516678731208423585484343140794930738080167693518795977062168319842329155929527068572283031836354999063230 +/- 7.80e-676]*im
8; 4; 2; 6; 8; 1; 1; 6; 1; 2; [-1.653761755099425393107661640012923633381518852573868198401345554982972634443469478040178436433342154154673672534798851836347063619157918378751642085558494657581021822007848698842345891338606270028678280968865158291929115140894799940075058233268020249690639169553583846952065764641994767519155763127252137635565020522016757220141023909291571344192146974946793907578655312498948533672083089646825556092189716116471705615572492753548202856526397796943222901571786092562581987676275721745294699142151122888063232156223242544346769460300980832551543843611180715478036031882502593026190524253675880221669809929873843995902045507352620873458757711010073173357230264405245842769133816 +/- 5.86e-676] + [-0.289866189015981022441594339568528017956159615040366344090950216325808636340790059632411965251585170543224676029124222659837463065747823164032596247963321425744619174449444299676676426086704340400101916013577647396472032377669442583007065198878225616883032534707461755815035733566886824875270016389568277668634906620715663769595501872779022354676187350288482793064456636997053786726141134254821500376039249866380630340017307034687814703083441565422679819774761138681787681844541228317278009990418551883214914360345051326835685287221408310169759790324260723793445172838453620075815044157502618880670916257210253648324113825065837948483592554601110688400490743400175263646824078 +/- 3.49e-676]*im
8; 4; 2; 6; 4; 1; 1; 10; 1; 1; [0.355403825927299086227033358010747523747259955038011326090135161004619863148308220778783898570711575257205545505098154430987696239410232804153313066904507176928802451380704552241170413781230158075246801137787741430848673538212545834895080212855075804490193159510579932172367955350545983930128992087407493587966839688069386729685030448105779044294566914852724850401904195428276310430503288734511396515797653238849810082265895967748243809758033270374105794346763562335347453646943459316452392434009139145034476662426072326538584805461275848274479400465867425222262192956969668632534457084325256070713239619530708864405937754521617047388481752872955093077670787762383030234378565 +/- 5.72e-676] + [-0.216356466369490248919637569588356575611155987901276392248584814131495949830216014479463796124213643055888489476065533703323553809634469738761792014105938242441686161350517590349581719096725439004660881954583277034748207714695756614488265074384206762042191274450208964475936369206888073095660757636711048567412404943315965548192234548491684943451606747027801699049326524499410627835469341063642934529687989371591969317641168490972782081401480575515374676098162285975549859541337658265035607099774887237138809946444316633481670943916724795052816286074495362921212153907537702749940783745708279229242513238342506362644623127199905693543352443851375756834610454831879472390740153 +/- 6.01e-676]*im
8; 4; 2; 6; 12; 1; 1; 11; 1; 1; [0.04650845822788029392714610747602148948456479788783809892091538529596898120673566123947318622294850972838549355516421416000784042411921392977908394064895923345964709319143848928798710946124324818874469133629633731012012209013532093715546472763066772626864420373466778326519303551044293644229039766215038150479796491263939733791918202321987008480669043196215049904210255607946350041058878961165518608044466951725257881609474220049614596106567539816606444738716631569402825036902432197554497556863606126557070554291419709409959585538103782980876041348849961792599180782426595908034040380169232854116237344328373857112396903067981223993395377825991484944417332644102520105640777 +/- 5.37e-675] + [0.031161788098215366628465333669060182079076768405032019472076537089874029477226384264158923453571874937705853906672197907856064393635698881313240005084478794541431606474916457545400905810209885042230079341231963532933736952253853617791141198311564357444271658472425647667985032392783421961567603435198524635116625139428404364882423440839835453992520898582717333514277604650233449958088711951405821274060255883051619173320466228592431105745758874845369381248895645900545176032050839646259661386818696308862381661613837134954642340168305523709150959795874600332939350025894112761171717708610034544608650285471789521535758544214657427603842285822947134754708422418074340966820887 +/- 5.26e-676]*im
8; 4; 2; 6; 2; 1; 1; 4; 1; 1; [0.131903181513253138923363977675626975588505724091866649901844110939059410850790087417297716156327162665848561419295202708844180704713028700037518279649217385352495774471803512074697151822122968813826784809874561473530648486411410890304033544615341270262873397629185659737312342875677312118628375401019767683945649921820889078770199171666776118812234723255056063231996947898946402187079170620472308165293948228877125095333577858132438988080471439422999518377070628577382314073803639406913913785369772622954439518930314416310357916374101571366943679033545051975140345650555651221702261502362470632322787544486356188259255167369602805273566085734223604070140524799711244487378924 +/- 2.82e-676] + [0.049248256222348865867107722512068057276116922929043887122175361857307174467029668627430418316847357141899564260918199648916930907175504974833743145113027033344073256020964212437295536714184078386035324317429055365995389519014529516576463077170824502590512637997149427989665046910647189038206546239923006625779379793385142358381112951338911498363792301114346689901915631278063768186621901887147739513918791944171435921297045541862281659412099710357914399317313863166081846804140461818555708159933096485937784071721040346801234885581676480512653066600884748816658143447385522251231014983588652900303938318580179408970487637973666744032967385397559872811184451569716265616185389 +/- 1.17e-676]*im
8; 4; 2; 6; 4; 1; 2; 6; 1; 1; [22.83729771711137344091024023050908074549313706846343789616353895010043015397693210536083279766709447424697871915414055880359399800888935911962338310000075754958275974053900456741086306813879396907037003790024320192362983492384561438197367343802261710416147447115273209722350710736165540207943014162957882776039847623748464905224453662532643115973311420001060056818351075681477410938725323414929536709121402160141211893540204372112549932917469420349928457886055133437880838313371537690954646748626170729585318363094698020694328127332315336976108128491629418148566747307741781609505389827245848276178309276843765422376032719938422192825547778284923795334196729712772067392862256 +/- 3.60e-675] + [3.63282613069923276336199525701707967088749093419831052721900630670136702680637328709014630079862510285379902188202250330282949070014432423502597160138983476766496292727401597168874345075267519541363797462499028879980032559144323167504240246425954462340180655548385984014857869443634291563935308486751217281620484751679416292918469324745830964422859960836655899897498766103447661294027678149415683253884569335180807339871692017459265834832954948116579744614383478305812657588351487814086443910409858572775695453172696994915247353246783450632952618280878157957746733313716884019920901894941439272549106286400110785190507501457865915575782505765357193502490814368875090901819521 +/- 5.03e-675]*im
8; 4; 2; 6; 9; 1; 1; 11; 1; 1; [0.015241379238798279992523092072714077842166802331552340472388215083803316152880023444524847564797346758086447458335931194602143490963774317229563320122829839618553282650871308788061871165291943689492889373933394956658639724807741202383359217619902846051372546891906153332164074463864542818386669694590697304167192480477284378022416269558979027214930354008324143182507893986585224131553741537308142353163371813393485679510164016827857637286251509327293891976723822500365761064557350960258296272114828567627669962264207679930868355133033736698484886546211698569095436323832961669327859786971514976244275478112519616127168948906833373405411054708570021176631023084596755316269842 +/- 6.86e-676] + [-0.030557567974240961946444416801735709326552315738637489418239158434417243763491220762990651992848852194557417666180301442407855141371154704962690436729629389434629082974685452920896812723234255734252661715345422112967755965318892028700724852923637538314284361139013368364912929949764308031564975422286312674618890839301653106070124706201357223062148748634135052615374694486225672546784650875941351107945612524602211994674714933925163088014438410569863598892904803979870362487342554723874873276764304018679704338823207326740080693668524230245210850813751936185352004325555879012333089606140859491254965537610730687517216511991595548296351355323166084368883524859194205651919834 +/- 5.67e-676]*im
8; 4; 2; 6; 4; 1; 1; 8; 1; 1; [-0.302987636953145706621737512567050128547413237011146332413718398294577689924435063727780946695969764919824400621152934448233977762381076356528915027744999719217484747323114523279293576589185460218908521553851100743691823573679649650639860806162920260057753217699891909964469974133528890785947773943676100154663068696670563395136443027315100033847337439734403719861636166991980599825202586085363411656174319603521472184324304914006302416974690759314389270634419606750334622764660413644158573074031058970517509388742908229835708079683672692839521868285575244409501772043133517535167249418787944467600474204606191966043473603608959754895119480119314549265566831276414542712155460 +/- 6.85e-676] + [-0.521738126093291417938836498586144270198383080232507418088999822917340518495923580289672012128592762674538944742946962298013397827579624377736202220306967024801195950317193226751461141684508958954076783892331451807550004894615454701137864182684036601851496541060951180312691485763263601709269586757215740690657249979372583692579046203647854224329936076869495234244314637820178487877564328961068220299289084960705505086965842730377338731744943580707056146083532473917321514413537162140615730865419099903631626986635440619401668350486434091524672760926679455105335313328308278849141745373862525561364176524962224320915302640632336895170317681433679518067075189964257772909736858 +/- 2.89e-676]*im
8; 4; 2; 6; 8; 1; 1; 9; 1; 1; [-8.94040565572846564749940294365809374805489158143198932654680267166241581174501960506725346383656378714633836214870100433739275321476971699596618604024812613229051561512317944242384191401792195739348345033663654543549597566381937980450142647113334168054008418450084429798676951794217729142124855337501158739628836973934249462630817122318407388935934842836698910422069942374889187817471468765636594213764238301646720084595229591453203288662721015882571785362374125271829228667082660005822264503011996085442931302647565382537096727820690887413358196560913500858194236163481690003546646805818757012471113839024080980415715095527448009344237130344289462905608505960146089179375571 +/- 5.44e-675] + [-12.99948005593909259556490041291863463151503444745021503848310226023257507478598049680756737645802888470981339167868879425286620810063000079114387015402498103879810846987521425276100330196881323013701875446971513443536492672480961814887249477452385037153956594722887003225747931846221280169764437985606897768739617701641720610322972683809563105512994406981069485695684207047114674920243154027415562540951010039518073488978815036204582015724960274207791563997022768742687905575228585449545340614247787704219784632728340066989628080624701255782542937857209900591915472617290616075248313287717072621172986243286728184174648951837384735034718764798576105444545669382856790453021593 +/- 2.87e-675]*im
8; 4; 2; 6; 5; 1; 1; 6; 1; 1; [0.042250286352358264831273590741184420672171923086439129032776807249223436569220176353562483452858572461277919885660829219149950581371469290344286763488184198141799409603156355659555880112245062718329476373870873087945164826665423708111280514780190699528954178507356420588063472397465342236897752905696917872222724280271526311770992033171150079643668315560602552178489783964294041360556255982690244647729243159231722776108926336492902105701660333301109390192620583100728383353256088488344438417904490947934612168667839908878615685728447545037141062807169823362479884615617474550098357230297114933465769819484321971842974273942626348654279909216382402737312730884146309504151536 +/- 4.32e-676] + [-0.080796911796849704552127254570435851308069948850676774960484731800405132340120498235649494157563295173751637133027627064644426754259659121609564874430464061061931511405061077875197307134014255356792678112748057785560151717931023392362638714884587615532251671868641395150831564613168594554867699640279160151123429356898474117485835607564514159404256935904977233081933324647565074691984289588958584023583970588006018916972849000750005009533284430858581899424538357275733480192212552206548741383155419691218927999642033700084931542683069652088732543991988455353273076775136802743638840770010877002793050496598803581455338711369383614534134912821712855944137321033702437519735676 +/- 5.87e-676]*im
8; 4; 2; 6; 6; 1; 1; 4; 1; 1; [+/- 1.78e-677] + [-0.1294236593863529387113872184353220286952959487847393748176684850869251903720228581325034854896472468463340047958497630034021534562258038533440838418018992382404425033751848522752778375606713242439970819504296294976846945161323863969941137956830880624959281437667180473909179734086483115674222167974655113808734178664654815525549741867349983984319572421461786273884668905274212154375081961310365853173675594053869734702092605119682043659691584456280145320488842725968250426445152209811357398898724830506084408921068064711230510902835943898057335597099465093312520111569080886800675998008999800616825173139977018494925736762955552032620181429034016057529257193904206328459381056 +/- 4.61e-677]*im
8; 4; 2; 6; 12; 1; 1; 5; 1; 1; [0.11922960126523565435706367710129003292532471985866183650933221527145561221049481017898824965158611556957503676333397581203276066892587241495252926794808699564342733979700163199380851221656613341889966112811831753101594868917633029531294165703859987328095442603261498421621769267274138647360284349508448878867208843157544404982838192144830014206098979362108687443167439244455832033568215538561651223976310287463669406963327853135653500761995928037477848046973763655895410666333668834138571543671863911684016553968746717446111045435053845859030598859241569163819382553437891809924204371349824030630100327008362392478046889531436574853107241903899552318283648251549717747522230 +/- 1.38e-675] + [-0.299081899195719351510418518988504421646411865894195975571328749693001904596248207289426307290605407442351139400618233892962807741429377495813736027581809874385719320992142065163227581914617549432832271233660833984367456243192585780353801561588934575744677693127849309212168688731802877615576417385322496739340930497459548961855715033414164590277160248771741678746991297914077101057524072306845840347888634026009913297399527035244304940114116369803233353006225919922437921987566393764691262864087179987924061421635049752453607019610171065125871189449634561278775183528778809327592156842210973324457474760264188964987492115882924148276154952371140118201747088301724243183137972 +/- 7.27e-676]*im
8; 4; 2; 6; 2; 1; 1; 3; 1; 1; [0.45857375406387154038365085275315833674287389624711665795262550012305777911749123983751898430243581538061900281209662556207503821603442838517710082431384117253965164189120706993870790791895168371250400834680082784056604778923658109398025442329943630370754772336018069735891069178588286563298110387207406120539542560511320298762463340164844481828330002521811332980049468441773322431247711069089132656773308355564996877000070391104521416198631253782632738607416141590590063801406864146782865692844618808716846551559825237097321278205880949529812289398834327056493935196735203178741717679194498476258318257639504956633467175488163892075158464742374911264706672960961002612833538 +/- 1.90e-675] + [0.096774130806585211381037975846668528720263639436274014909629277864609253554707344425551513186199967255792772517041996386785126492467503587334861875258184869747148626040674895996334864630416350314385661586624909706872384937307474816469629919635853559848295058997895626386397954692795881510242814185742021562725882806022565146430716905451605140518667851831186757513044219277278857377280824121432421849036682884869937309580702633545390287791982122960379428112653579445945958532438195571592891989263520881581648815963768051736441829308248025741472469648142840139141434543826908061049011158943942102069712427142097885225771925693876229252037133668886180427103482488998632648461240 +/- 8.70e-676]*im
8; 4; 2; 6; 7; 1; 1; 6; 1; 1; [-0.38830836659721620721748085406600660960524576906876638251687698888987376169657000579036448669121828149424219560492933448303869654388892789863593869961287259882734946938564169432835470570567456608063750369543557224570280033657041981004632831933958579148567557490505813019617687074048982020170145154788640895081567502837941444123555010955098210329614595764496447635863671373823789065649561239373301629996266453787581114615481685638722575107443382282417735748171605884952721801910784715540442660692071272529693797204567744693853211491632742715893732946282687558202172593297927118907785703883491897026721809646288203566125838571983435063500304992504467485005688785702700214184807 +/- 2.97e-675] + [0.668658568290388507226157205292445224808322853855317085242990817167562518797478346076491385109702599200911545657209754146264959029410745332832423750335286660704870964108583721905854078027585615469025998058303588762318353390048465824095030731354962455113874736066189293311405984889436715228709644986864919216428222761325297478684228154160871383297248533990272051612425062720429714276474642939171039812306829609094458615950024528709062369519120904099558289224655814853791215741936496459983826362740680015868434587764554314700162097625608048760918324773398924381232620120554165260348898215794514490466501102713188449347166112946265947317730481141325859174544285621803183694845397 +/- 8.90e-676]*im
8; 4; 2; 6; 9; 1; 1; 5; 1; 1; [-0.542639287576803015936242185473650115760895358003697397692506544252983330095559155728247188643855891834129920251050427141214599146753511766139134191951590675252268680645216890044095642658852578679182132240718252324573780178543493587041725855876046462055427582917151918393897184207799816389813871103243136204860731384446795347040902756151481600712014991943470266974623381988226113743722083810077251544354797483262045822197384580717434747425033009804358146121147637701033271534231913798192382780590030783705822244426157460163863513737791541811962497048141395866214873656065234233277409364573788364162270637183535506458569572888039579343708354873682765404394672405773734172491063 +/- 4.09e-676] + [-0.253834638807559153878439467764359373479879479229226942417286567063178107134623254813046706746358191079954706847620309087094424457238023737333837621494486699192249040669316306926797169715232011132335008351534909445757365397830497946946191345958293787852185680705495850767728573250867104342322054707881439130482360009699359991542600812193723745428825767170864748249982014369094706013680716534103041796572890861571732351174155542747191280643165336422337935738120388978012176944267209212657885843611338810324746276770956377159155242381023192030040787609562495221866211802024784763220935638152797172826224588312436339858598197955079924008018716030723309312195955937589406669764605 +/- 4.13e-676]*im
8; 4; 2; 6; 10; 1; 1; 4; 1; 1; [-0.064913476529556833330119787942619769801859843731993035926904524163115022574588726402542926744219732544913619443887935513147964852843206457894409503029153496228169860044331802039626662261332769894595728602258379933679711305123861137980687232805653958731656730948815735973438419829729360495564202275293859764761025432527862860030550673610524455220218406263103866532650253040516020095668055083304825470484340804824788462305830076583630257205134309863971593200621288558822054395836378849476461086131102300674503949138323394188975944588472584443389184621023271823336317949773679670577749356814695163240750790374206759790759679650108355876275340355313405234406647558242791081830316 +/- 2.50e-676] + [-0.0261517588665093257612828190714490768945468986234878548921687020690017714242144081162858288747443849793310153228269617969047558597878225417467404722018551937338544871388696536009241414685964223105174308085640902078848852117258493691184320698942994253853949573392414592605478928847772435755856166387384100786429114817613734520146501801156132063571809442557417037097320123819247277474072040239222622951926928675404641550309585159917862342542494708192715805510154909105203731270898664405145841238490634086991982995159368323124104257273862669343288203141356227088046299243288949233441092660125042233291405246853850136583547771964385484204195279869330821532988125375475449409176419 +/- 8.88e-677]*im
8; 4; 2; 6; 6; 1; 1; 3; 1; 1; [1.03340427881070976709044623599825843563569356840456293006300352895848104866665913939732077816375835430678798575985626307053287602381433980802864705613780316421563912847358365828139253217847854398067049483499276035218331803162538764356976294893053229682847675322334807531943335614464566568435768028041345956533665598396750997695579318701708332854141091265056918256267763835310052842963233534217498357612281081169916679793745686277394393062945510196099485490854161635113531009539101875966798465010993420593732960298073706955100512877051887769111774783401608746782547151369931409762928748909467628618510774280260309003141537956547117233499536127413751499379489101071209634357815 +/- 3.13e-675] + [-0.636688073229673044684354081916422263114237757352850983670311820051498195308745610112466049202460046674803299451598980539624861828840199187098653807216741679513067327983894398746535351901997737471844768262260529823692068950654922707752203864714089348817224357392475420576744525763695038780578217443868699779644043576033539480100562962821429922014208047123216067365124749804807769715934926196278803536566556242059883091636574959010901778741037844711705534442820038037882390457191164756300200633626582750421857284639287281024184339580137143409033182575530894423556351888158364778399652023863467387212657815049289623121121551589076212036227140234127492000701168845251792751301767 +/- 9.16e-676]*im
8; 4; 2; 6; 3; 1; 1; 7; 1; 1; [25.66513773428859810851915900042096639033236074660688387656292962721715344452620297682450897803941413081313170504800119991442566144685734289444110204505123079079565991109669490539423829715383080169993779293035787694380206940327045654149806738076695486188630270970871225702804244517128683543684822266296473771073641346508946615909537306775256637779253704908397156787462284811180310996176900832397956025970334147156186114180728404055461499859725004262442225594664606339184297528417424926832089955000328350811672914124750061302881774043771458016370850033934434898533606528178479875226564349669084424266872023967049485281734543408637974451931271606055684878261869985344167022621627 +/- 5.77e-675] + [-2.63388732573947795286827872313572168862696795291440622637537751888811242305026140141375944758088259666271739223014825724893943583133936259598613001791955769906292546686087058059815112987363638439695984842923069649176527403427520935595528004509465819225298843547363049862161968894945522871498587416805019373425713833625345501319014700988331962544816785655905015780451056415485336762487816693534903195169909711608324769687207506138214827476536567631200149057674190677696096083326755658529447715808798789242826903554893059201730365739311606579626396218424227936661463229401211192126886013982247147382867101369069692562405053126368999930977619952924055029236088327398409101537940 +/- 5.00e-675]*im
8; 4; 2; 6; 4; 1; 2; 4; 1; 1; [0.002047388363365866077877868424110360708130941786045867830535391364003017330524376634461852349062168917770844052570336253755213949359609234832814985132633598964472986347049582208799853280087075963730624900230425278380296866659828791938888020708419904331857050773293648365012197106282943330581879050670184191582562997312293199547084827931074811727066018707199731547855899618233585964322480768056951188243113503062204475942932029460499810885222196006427579592580602411825230938107280397665611036302957464300540821579553130566460212901856569177312348521682329974453881506299345576777357949598558681592968262675588305573984596801601883912354675393010109925671015784187981849897215 +/- 3.63e-676] + [0.0961358660077367254149338314239760450385374777175844604114038049747582772684796990590950429224194674401094835660869757297476276689593284184036938682199307995356968020771400483357488414747097943033143085523014585522392518043560640647018708317344212319652775267113408477281085391820541799841638680573152255564106110247390201729706593901211879450470721842571049658789105130994627507348831318807205842424131181731542243704523716128759322206301639611205736428174132101509144807758348360644116556589438485713250686817771155439422346434162945085587364679252014348990943713568666269633505770765324961329957175387100744831298485684429118395636690711676073313711189345193395241930550388 +/- 5.46e-677]*im
8; 4; 2; 6; 10; 1; 1; 3; 1; 1; [-0.194985655369813031238867326767801791135557977972496210117039999033787050145872263049518894381955418057515544465094950949226677029936627704998934049607550390621616928816749657833353921622881625466260594311656148871419674617034657205977067324759339740479449908850497598256546690289322107067517871213783330698213147946061563802057973867155582905894774401596544037076209433152969629829174202426656982976420748210993558644620934936185067977065721526150964708892628098777809446745383166416003931785455903256742827489685209981364531825014203175201093288431518410868467668920398652305881408266470730345019757100288664042054098318351058623919157993355037134002613627135906292112836107 +/- 4.47e-676] + [-0.078183837639247379549433983947659739469121164442243693340034470004796737800600560199733189789267020108262439086195478419822193849073835713448972286557255983555115987886430305264339732768028181079010611510990618843414820114685435129583369293813308487290386603064198889844462636717561666934937767016507788700182500680664218282390578175917530867615157841917560671743122937370498966283316603462149690255899253949209749093044858764381434097629668679602125163558298972224152660370204828423204260576403246612623182841323333894016716449318242709570080750125472026384181178255236084369867013615441523624178090866671627985975265144858339811022343481178859670732684577694331424443813467 +/- 2.28e-676]*im
8; 4; 2; 6; 5; 1; 1; 4; 1; 1; [1.100925212577331548853203544578415991041882762307541035451742176037861158048835074200769847003081786278919030337343923396005113044116301284193836194482118292957115094045692105538971732493724490799378871666048000544809404535512018788861512034216250297593139740802442311486845899232080427218374113806106455421449468364877218841639256653603529068476967616918794817183813535733247196644730153188817239227010465853722275189303449659563937308776293448177987682671974167717602521066997301209253758134066658446773182681907719662714860594090786614232028178152611648641126623172565794974999370798494071483510740687944591360670216395266030248241213663230288690746410763018994161761587435 +/- 5.83e-676] + [-0.725490958948387625425190245912702536472176985610950217276472062845765506079373382891385597970838586439820906186897771050813764233385913549413627905095854261498721416087827565212780961554822634939871085089241293667133028919252978943570745500240092019146730383244751612044630350136080856329049911105344952179920176219734362255662367065436358491697590136766035282790429118890190911616305887761974323837211689929394766574858503599102490363184339262837402321171474746431974869019996538402741376202381908054588158983426009946959031042612208747287916890563149646287441623272604800525112560992478709241607861014035667045594158708682697889539091217101653148593150083956098172369256796 +/- 2.75e-676]*im
8; 4; 2; 6; 12; 1; 1; 2; 1; 1; [0.004136553140793390537283526799454611072674019272367564578036300764688437397793023085994174286638900368194714576099141690815302383655370520471377418692774726739583823997565515542548372656124544045997384841328543462768447259369777500119678259550187967626761406132914725425331869886520573861850302819172674969103069076719184034022892001951121365746277673672825928986394054131031247182453181705180002043115508222089844526679664818521859926132884461869400310698811857120760186435158104873727639527318498668746120836002256785117202182716496610466664449844945945156862016579813800993216229942829226818643265250911939341788524540552029280060306498257344683240512044547790343976061026 +/- 5.05e-676] + [-0.005296027444588661513791677535232860703776062005493127201304515549644145447889754430706251018647537937600476820855531284618354368490110525720142475131306070182730581054441199201770339681803496128383690639263670360289891376356261593575927777525841172862130833167241736182374990553671672459262787555955659417217326985470252944619424286948322690285141487940743885147418055417183878276728899091773074516823097985565315301060786827444266257335426717131463057551635627274262404035140462577132298591545135305768436462106022287249744914422571263217805306720502021424768646730128425912943932636474450528168099236639704530055168536269477265564112297581506472223251753689049220462554153 +/- 1.60e-676]*im
8; 4; 2; 6; 9; 1; 1; 2; 1; 1; [0.060811972285447123501374919367390487851289272066545068157882133920167088285295120960030950279890352273010607788729389503967204546719735933456711644113418045459229569882457111233249420605487497406061578171768121461302997987230235715565913040004358557812339513682002084072900201421055249550183927442625353571811870865098625630697298124888705618498213684808118044858789451494929707180080385419957818700648372379414286969940332013618848071150559809213596336245899699740648840265400837842487542133411975570088339636492862554211516198055407014580205310519918188493667402989131470004257951602314771042957870931408929283214783069653915077492344636892767240301160694307136425177247551 +/- 5.21e-676] + [0.036076081820502446981929283991548333222856492411796599147634618524260540872030828215657536425248027613002814047804193073081270773334165390454696308408377836221179802362282114257960318534858645259412603294273366009238462228173157803726999330332835255471742944605266834336302028826415089649371112595689677134573402483869243431957732385616928046869734023268322885831864951548581244535296638079081710935656283847547415186269150414830659124533509001537307833498759532962677389593521372602019581198835298314483650316151669188709782190306041435310774464862013254801782451269950215678356048150349387751671035821184603238743969106491900568938780377367501576777457870655667507301907950 +/- 2.25e-676]*im
8; 4; 2; 6; 7; 1; 1; 4; 1; 1; [-0.0171368758665955570120531504589429226774310363423647888936695466011889949617059026390552948085415304235749235898906501915563956736184259175384652745202061343255666954726260367348847249907461478989306937787318445783566200601078712030443955960965232264980656117181008316904129602736125357088737903742809679912292180047167699493583316830651718116694186079569793170397274333084797815185443714950556269109271761291089954934033168568358956995747353236588174276828101922791782060250980927506467774581021480458985287602051093799902002188567053155253897980044142330138841191493628578010938927447018881792957907754355794491339960353251524905444462785718075274336364860077487603691484675 +/- 7.63e-677] + [0.0599056545286843111779863789141678885787209878176019168273714017482981327089046973492920122086939966895490356586220518627061793840063413583812045415434531847490925813120335608272670677667663712846235181195518967078940633133001100172091868354472299852869026327866242008127362194603244866640322606748963476673372885591445758451202545542068232369227649153284371293266822428498131175036194995538310504695646530945571433788043895149339374127217303895492931176718016400833055884174311615881592795305879317620744367189211374324375325950722053843651175241661485096279100634520995281312951666713572301096597474197885944750313148460622384519771589029864114393377986387121577554188767015 +/- 6.29e-677]*im
8; 4; 2; 6; 3; 1; 1; 12; 1; 1; [9.39556126464060162738444197709920163716250784516214604054131811962746550808065979339375498590630152662680240126901087308616488413304890591325645695789325698081762387412412598027752923727390308853053919393874232404222969546373038349279086931348734129137365128577758366418206548392216830289406130132464822388778008320628521878706459061926142198188259398454418492632184090496775555202615439210685657061329906932642525293603424416608603278083173607498312053368717191791100797084835964131213127982875349010419888814476268481090695674660986111662423966992101547025323493739589085972773517903114901820477378765226720922404066208854150741612423022619506136259972435223654592434183592 +/- 6.91e-675] + [-1.91445546092954292095662946179443495168994451563509411426177709230842091146812500147504044612963444977633900379909754528453323131500920880696963149979895372253959293320122057217593697167629988664971006326861213602664556302633167329751361586961756695872832319010474578005126140069588165354308063081579662958654258613744719297821523855009752633944915136491248255614483047545448480705262128290956261881678261455349227879688052361381885874181886671572254184024018475794015071358947318784378936673158149588898300143754274105593731239576896509497025573541342414032272574305863254136372701282134464140751540640739037705857200035939105737768060374966712750857195713472005567148098956 +/- 5.88e-675]*im
8; 4; 2; 6; 4; 1; 2; 3; 1; 1; [0.007286208051915109331022255405261875178060619451804984436434060620555422575939801132172782993720712158306139060488220345782638664182875009661187095748495134935753667616441230486675540779479383268040604580263464960526922466018261424893358002354301945697225967950444860454479288908657657889175776471957457543727322806353524396291172381192743180992280051704880671400743737096270469972074480665554891690598928179556758234075295072834599426759547098995809493707274265265804014128636979832173009076308410147551206215609911923620675968837726089475079839734074720790694144678237083124550468322721065611473976947107992831284355335037485123597690874922066757824232365436360496670579301 +/- 5.25e-676] + [0.050025656573771780670827324201447335303790133542229426236355413988767972572831802384082138283672630846044417200052665833142580945746918727831132760652606280246573250575793246703075731724545903926502356819891750378563317975971966501981960810658829580250243832936427811340445757389533269903562669015125716925605776720547693889522187954374610852052187681063251938959751474973474976564695829869676207364861570925993680037776752700689847729119864693034534351956088533107815873365186111263453720726616477004723116305340653399867860251775257107695966360207466710836739941380104646064396590065312291056093355119276504987671941241694517419092327658549848377233214294671143134207575579 +/- 3.73e-676]*im
8; 4; 2; 6; 11; 1; 1; 7; 1; 1; [-19.18693955060621973630267160324975147123881580203029227323837415950178337752269891705592981344040127102897355156739354439369289168135168125171670299481306975112329089368349345277940619982234231012312055267075986309721349730086684825596941561628985299804471536865301989711966377562679467654077503656223769530452624693150084803981702285850500145371401662309540976602293349087450995895559510706947863645906135777450365540776045718167804185949759875116850072283084799437990062470034639541056770256650617967257351455950443574284797680291072434732450653193664849175750750695996126589413340906388267040051261534777966584443360807287134232409802191820774928622174915044139483552757661 +/- 3.13e-675] + [0.10199299903934880993241189321845034802543809247855976907392576452691046571213153108347373497161089579343561442698827890379290324202886791089507969985736575612333922094782464121613350922182581702525476221963209564859490384204115266309942025235493348535858844632165343312957701803904426707880067905259227195876193799860463254921034104525077670562764146384641565733606167058389155931811894152570344898797751683473868374977377420054070362889213820300358158582931523467991732005378924965186609376303219125945371771600546585793466788623425802340074910167563634159577784852543427528673617105626707414888734373391791691807524642482517210977685148021616055924534532306244431701373167 +/- 3.13e-675]*im
8; 4; 2; 6; 4; 1; 1; 6; 1; 2; [-20.96905011564950553259176928150543124763646085497940128577792361036249965858523127007909008146037086702694094032474591418117631489317278219748756273369656345622864324398955836620718003981275027925112219106323739325259083762634602283863891821806810972224630269117858007574165900374866982886023363733704058072759807481916005133263383682227545741717187149423440278780385048991500439693549434250655709588091482637525081162310329098117847759306086485101641174739208852585871905604137263176687904763550134405603708844948594135461325383744246667444167338883766031509514838104312970047022807549382509636784234365830378759319563402923707286042572471305592037226138487468958741670256315 +/- 4.01e-675] + [-2.981261384151553566355599421266736770860535677299017174910892332333965904321947562914134029889554920277801624901362586377700974889473265100878800221483521941977237670304606164193898842123373004051125778531764497917614957556783044118203746369009326106656604897849049305248110190944765237057270692041997691521875429499203423700756412747139772547624966912218918905251560551313983398768562607892278903192024226155734787289144312586444624151942339017590016553186850924777608942965693263420306990912448263705162337931515957118023120307006669566145532282802002252352946081953558837119115743440383239590981466264155086880205994301240267985640946205669369703843764354810563305035499411 +/- 6.97e-676]*im
8; 4; 2; 6; 12; 1; 1; 10; 1; 1; [0.000292316729528365948003702862037389449129528964290323893503127309919714130712910531054009842637345023302603991779926919355020127631716787665167908500153491410751570855564436378262407421574159433352253198280589083076285640053626405774876969841417352705142043503098644806564831582336212221773224465836879465698545303477621906481303843350327017361145143649254535648597838501831635512745874523979885579164071657788850746138917513119756227687646001134025185077515010019422941229076489651617899783604005731703732488895728463920943758113303792125081365474892252090379578227771669202017499228337114633848471535145422909664057102272471970437589864017535809424523945429010546115619288 +/- 3.00e-676] + [-0.009311683372575039220813139688741781455035663009215096978502631594592945110088612290110316086441344091834846578907654655180134248385440023411676524070113170923445083422592676850507390912151655872472913840931165485486911681833471483809828239217440022932364525871944373765384564144562899200984729342450365774298568115402936741586423874222101802587888635235967255806188574222794774570308856930880342684709235095987612138873027742816693156477521475962152055901563867003943559284326326439868467596490226405636387659757392796685043361581562254437829657961163842525797142130293897124408891413340640816207730960055109784093575339793053116456094488412598822160638773126917668090193682 +/- 5.70e-676]*im
8; 4; 2; 6; 5; 1; 1; 3; 1; 1; [11.47282731624064493845856758324924893596632102267763920128561158533526098096251617443073185807848160460018363056527638693880833125094239344350232098457315759108775621656328401991281003683352210748316184679212286125316968112751942076368287203636008630773478025186612957875724401192454473804424693249245013958678725425427313377124976992184448366392737154252615460070606226052274987463554176855419254024201888416163289757321148762908842093809509853813104467897521682872729524129400402829434962170316868793093005084116255171877847633881367964529932124142043786447621207162421699507084327983680552265897223066453757877734857438815213172321762557449189271755260358768699976560665189 +/- 5.10e-675] + [5.05322100086822082856616723956450207315483328819786476583418317152645340634024020797562181388455369180485649369300147866703166654435641072166758502965144897688228696810041105315106371951671611884179027894614748768752009720781444034750580807984255224157743018874235813755892729725029310453426304452883192639497640426875707747137414664602257314622371007443755076545188714006118049878844447365381958616476680477060587510155094113499207315629777294103686060505213781644722908552163194689538217630449050654199412898626922039625597746318786624539931276472058047608308753720644459405902719507636950489443810864228401373569941464350187562608827690219355352458246396209311936828785131 +/- 1.30e-675]*im
8; 4; 2; 6; 9; 1; 1; 10; 1; 1; [0.165597984679476452188288011590288669367688582395650633984368490085202761916529193167376992914051422012129213678791220271373347113199538106430730657621858505657768404069144801563008015882150703234603299698545274453538177940951536992838766537640404148904312252610718228790466211281356768044612153974186141605481360089391377434256230948145668993709363848727369450887204360554513788905598602602378852802909402143965606910231564643074830755703398112136893912573143190837582036097456551156697991456704732265363340013546974233644144821520611001183426052135276494488585549463993335223369739377676396907507088423540229096123158636869612084585909238601547115741012008048767961724065674 +/- 5.11e-676] + [-0.015992111421249795056765283994054031565732617917380671098098428568633032697172736897434218490407630719655688276625643434335712403588284475199828258500094325406385189968431921296683591869201641757034823001962503037363873877362073199912388196255348703020413137322405550315107722780083869838719643936441229724524105237174711696328882553557936957830617322580921018646483430615466255773628939969164700177191953980765691807509471936988695784059135921573113903131757528110240708529657104315036239229089732881292880923568774878674546695491159069553292840583499009805244371941374872601804424133252253537252558192167670493481326539465603521145150838179496059294491407983335828973354738 +/- 6.29e-676]*im
8; 4; 2; 6; 8; 1; 1; 7; 1; 1; [-9.24875761431820132730892419114305973368089713610507897253546768673606286249617897795927247881760355385559622609645476191674698010472131047070261020784427979200912948651498871403272624284317344960366001517025528250169678433036157840444896748748003660523125424352817311228104986712863195801681237779519406001033353929489659172509033159710023451113121864646928642305916129426263909073946478370691130823470865567161113908112390075435632409011017391090132027662015962329237179450377208532160828580692301954420755342355198973498991291135503594011404862887459364818807910725487606091857782485915093970697603485279312474361279421049409227666291290171116628410667835923148840295836399 +/- 2.61e-675] + [2.326778059449274876001369861415657260385502141867713632324833431201214583517749871524455169031673082288475547622417312954227601645989078587463946285003064057063161691864983315197711669362152559685611426411687190979645740931308978188007022191847715956052405919134590463590804067705093117061920857301411940749658982417980552640840467649341214738648878488944499047319609373499847514706412993201127673976639887414140505757602561193551954910235156792363436466276415354085144120938728957794630810385516162563351865551739771187188054423494037853960396172621941934799037986154068899644596143522863915387898480677171319515228607020462806794303755558342796810788024445401227473982039240 +/- 7.91e-676]*im
8; 4; 2; 6; 12; 1; 1; 8; 1; 1; [0.341647966916289108642591593852704466305793755077357664065100653858594612321706346056267983823722276822790322650149857914844534848435692706368553882961003847364830109188667045050726598061704797298495799404364016731960397318534200658798603658388611755622088125991830529346766769013683045312180422561574707013161504254478745276732597362841651431508223388384383427910365192703685793887382555822188750000669383897602086590967810004631175106530584159539355877094478793858738189787306522450758829094157727452709894246953889519800419731112246535429089384856578204572364009251027373445844254520373244038930888826606683435336921913422920782695662509147117450564091393110450877620694353 +/- 5.31e-676] + [0.017813148230189726551676210198528181154504417267240359599195434770518539904967684073764755954336257072786417269158615052195804628808318394408787605533711519241302681877602651589361859139454261853604423780025595004660930704477559137250091906413190305250358401557536268436173531395821376234832711965014493935017021721621502637106171561625179669315576074363579769318696678921509380409963418619560941048188312347938135844151448762732853440382198593152848569819140317270274856267479935950581918907230314927711513285684448295074942199103595687372331251744981837485162850360699589884046576260170118765818843525369533400643566201120993342975751881495378260997214560189614915267674940 +/- 1.60e-676]*im
8; 4; 2; 6; 7; 1; 1; 3; 1; 1; [-0.597277512413802004560797896664578120244784058304098752741629356018673559721122392741286168873756643039675348977473614684611304545815651840103832127117571229038709808610318505480026137960472058330217552691967119038130627067569813855174077203399299024243969193741751626350743310412285601911756520918476552443510486735902957762212360412193621681257390999097971839890804066605899726773965349615114771266579838655859896871829292770875658983786349630824001012717865303101420665884459946067418478096115899670213214624554844820406763297263941477682395388423880505124254684825883319538373201786936506032136598957641577419495820166740520121110763572885643252113621473527863058868829561 +/- 3.63e-676] + [0.126162578573821484409466305336970542215997148398381709935358867626446862144846507338110804794214943818545756157641100958213923973306525843664583097594962323633497511819160796680427427907445574844768675638620848988241235926059745108462117759654177322531628155734709639158225313054414698039224531270891589654357190057700790729890971362016135587049825436227015317419216254835130668244989323988705759682294929345942233938239587600371208777464012587952417711647938087603113900504977540865723635281329454796105495049792713375317056298421717884504122908694382187695719824498976369362073077490342440322140235066035845435083855470234106627873184096288042800997007706736340998934959909 +/- 3.41e-676]*im
8; 4; 2; 6; 11; 1; 1; 12; 1; 1; [-5.886634079072520579846185380047300605858185633453195139547781415085267621302485149045813840340261324716640996827603627195363268259070434226874466885789260540628113596869242333160222258052530289742356334085304835685286663763366996572838856703384243528885579245615571138445232577487340106873034223715330224689615779861904303619982756270611825883974968254840560658664600465575853441678083075458286206833648360717202681557628516062549664668636557641922709629562883267224099446504879841053184754547531322977996779267861987854868299145666476896142846733472818084888888114814496481971846362013089175279409518941015388659518550629815627525620614560544439827203166540509841160485588316 +/- 5.34e-676] + [0.614775247926193287689728373245864964823990843433961358786727891249343234618636706923314278792984918623780008835020139509052149788155149280084797574650861741687897581968928928773467455823507198841818535968124747958184233432563375640486360780520700976516025498653882863348178372363090737479870328987467792331865863541624125973439135311459727285711383853727344411689345276168237746889707970907595694905602682764770228188244188377271339945486370472808566610645380545320334102536951765537827412972141717354083997182018729721884735491622498989321633775085929478366298973368419271580279113516265174792694278091077260653612448396416861964741961837024960006064914898928196513902510123 +/- 5.69e-676]*im
8; 4; 2; 6; 9; 1; 1; 8; 1; 1; [-0.05561515452655803460397024741661658389262333920631232378679766313500565706431445275368389706268337868809511256035689191690352250417188975597317692150098630219659066720722605591360117963317413821699913688933897182753784706296344012265841888993683892886905786798184437921975517123721775101458909386463930683835337489219133331689342879641155699555006704465292774564906076719754341084516781417087389701651790990640039660437906277888035819360416919479958139172697560937584070746622985725488926842949144219915685910952067128920906702457505288549332487770506839288398750112157663671988032220819537898788102601389681398557669125759550526938538428757189840490380978118380975214596377 +/- 5.65e-675] + [-0.73460139379142208724192362638345244941354315153754457296454441136910455355318641559491913351966331909574330742679508940634766262358660055874547285863393522734052345420589243243312685967902630724414813376623332332819708082945797794084817693539108651727610599841095065447687867197993487733372025825116992718890864410253753696894613032931323999017603010191446899133570197202317903436031376953955665412063306955920157071999522182310384496797896345278776933001447471743152961340836258558320338296271413218035918597221880194617509235562569232791055618770877833466251820720875988998134909413709878363953391066757180281733271951803553229425795125310979317776981512568510830948885133 +/- 5.34e-675]*im
8; 4; 2; 6; 4; 1; 1; 9; 1; 1; [1.66281963273743713206454077662960781020983768243470438541318807752396749316239350483470062287581193925454886102493458287659311881580616957373421502582173319213583917982806733600126744347385095842593152140287819840748782382395755365790132263222448906277811891094344361628846885489018604729140395483920379555600968026003693542969542136750761991699207858137268312518174233816175062951311960665632244065161924172024712284391223639636022364988722104230075834966339178408151887303913544396447682984060066477351911671410513464905912584022478326407522462329650092766077827140674857904369688726425425233909559857481602119319155109422752806369134335844103872466114323254350300379678702 +/- 1.18e-675] + [2.92048853297180706195871280821362528506678206412756761239846413516266082857066149688551372344449288267533578497607918470603890219231693125805721552545944204114348280851228289316782904074904189963540009538470046764000007178359802439637277491930393016371410272536189974310862698803708329521201776339880043925550556151263215963884854531586194555806795547443425434956767451236113208387752284025967228811646264127876798955095554376212313001587563256528761954045270540234114886457715342757962702942740104242038440951582625543785751454609467541494004979446651487156094802178777137671826847278929168665920070543784926352370505265399057496247680349320223009982935103261607880372688935 +/- 9.60e-676]*im
8; 4; 2; 6; 8; 1; 1; 12; 1; 1; [-3.647847586728428764889813290113192829977082789641240899531773242063190021751289163211727338098535312010648851592617010843134551856530381201397681247982400320057471102584730940226721929660045814309750995581543169307848346163456146216335594731203912562570367605555923106204736618768194199640854895799098749092526282991589604820447732239549362001214253098255063386346278084868403791645819877574283183548532319851972302255914281106702371284424353541776488315103449626109700349301034449489277364268281922442927590933104272926223758181197889798400732351730662283446958932431313670374551495101197069245074377225977735007155978610394963752724460860617918691650811688390246020249093493 +/- 5.56e-676] + [1.311782973212021068526284311539960308059465431720024484820090517308788790064075299563353771475525273890428569840748568561171743010271546585312601150987897618473903899092107542441759055629311431701155419509519082953054683287619478174080556820694654143669567980776886092189483808711334831142153631390231451515533113893895463086239944758593571252543711948322618072570689566065079065965594610719431362730087546299388873757784752552755286525945642407324950789748905813957294867914093481334259801018386302931964337597179961144793114219294842062202999861119258547132458484508089565014703173542804636534896364187611678118895926967910155998781113469258437531229656273587810696729928665 +/- 5.26e-676]*im
8; 4; 2; 6; 2; 1; 1; 11; 1; 1; [0.194966927108590887745952749939525104742612792580833858320748737602397023096631295599599637090571098761539058914953882952140348727250588644999310420283061538969240540074377680521057329985932595370124547438145506249215004537298403653137017984284666785244301967832958318470783928641793877205970727499753855673440231198274566647636870353324056509969308577882644190890299734103218341121036597045331713545241118922536182559359598792875033050978399070974936478360309250598052154597516270134793069105596872824341671087714062075383633177325964709586455745292932460786991552945698455687957863191953474273368861311803120240450427042121600367133429198151232899439678007260383132237659414 +/- 5.72e-676] + [0.116400797786117384922498510469366393087206258600005870581940514551588063628910312316984476933687493506609013427401322533125855818315327829900215357775170160201390588368552126320466235052656054752282792891467569631718508644157980939407644778392466320698672243720856444889937875444000474804561581193666799589052347516089420161160992989973650173180648423383104524006587900061560557835245790726477536680964683557640802464026571398460292956790786287165644458506538657289137011255227960921751458986321054057230987876550350088275381443080302466290011463952861434975546667455369983820944540983946495535376836496213937348546130836673651953958303274695282421038551530968918794956374471 +/- 1.37e-676]*im
8; 4; 2; 6; 3; 1; 1; 6; 1; 1; [-0.047305846197112102396072682300293525196725812682329174372166180973408806045732242738546634149310450393233393743320516135153137380194954937461877844738715637901791558427003910377499826119115774340370356221109475292018205587747836569853857788003183273032353366278430841483286368366003788098436623512372452456349560724804242716113052115767762848315586876603417133858864191370863532996425158480546920379709469822356827892546273146667109496511253718014152835568025738744780612868082812976024551855390640902035930321081991739139659458533975796795524898133939409121389552900394256336274961929041283333640998394338497183748158849616311244409507822503427362015661614066436616567288924 +/- 1.55e-676] + [1.513267915968440558396763780129060456010147223161009886446488423896229828017224417921607673079025923026785876191080338173668178406263831602997375610415832272793215761240283436913665756807319615541327644623696449816015612783623459570454940950801713261923402545981942186504468506028126628409969742336911883341282761829632017218659564879760255141793597235302012326073142135190113499178400277143520410188872661253829822528841345919441639983968001741751228626743212094540264463852437093097586138042724180474170010938042092345532210430861661524772178456876423061829099086987084843394498294294479225214425205881960781928409665076694994280229423525410665935712641448923620050379107343 +/- 5.52e-676]*im
8; 4; 2; 6; 6; 1; 1; 11; 1; 1; [1.956650783431323036435111937632242753859422435728984328054560032430103761972921586660703638015471154916142902110253277466534517866489124088105063964358495325914297328832708910088958736144340478128907977345821973647498941444385516932371302856778717369663271548775321937723489527280214604858035907254637178775220186852221556883259700192028720437568640539849839339254259653207260202240203460167464843069430839009028675078873606719028881214826298602906857952096709490492239586683975239366850389983430708670044471524455419535035705685197923832213107056046091895005147298515737201676158567844633302837990833211536229670541695537755180307464458368535050682309085816731799990499387016 +/- 6.88e-676] + [-0.334367062741196780819238451973858559171388906614126803243463880941043338941080537577671746899362652776298071384586551486535347182444451100126623400242304843447223436534851634489735249761746007710862748537673607886304728672264173341659428680604079537366157301419178458063173496014874283591930441286957541860434575946474185652750801194442197873999251726966589861522662246154169233015668775459082893532864719952371222359063552697384566569155414971581106472970483959426995970050582311795330044391118432347224674410352856732354085075742425536551161685238591625653309332700277225421341969034028097230471973154803798451681718069912350543968239397360685190021146939254497668193312878 +/- 5.53e-676]*im
8; 4; 2; 6; 2; 1; 1; 5; 1; 1; [0.373962292421498635493828670478572314568827325465341319600582261322384097762696826153931841731369750958914244695061382840402258501411326360129216316140115069487933958393116538040315084060652926460151245664079061116187170406920200169512431487471380601005817674946432057542947377216109090073210459856796045277612093830356564414178780646935124663539041476208774559984187644142878964763724533031587286775903795028513593604115533968541952491447271967711460764283706659796788518780860257474444297027852454687241881659068476768588902791298834890707046951401536957913473575904729621721348251491735018155724656998448256167236994746286377690978584250973825229904942082826787594176696223 +/- 4.39e-676] + [-0.717499579755166335694909481784147345272814174091517780423954885195871681648059628673836039227049676222037822602781872994396341136784668725035861343315054257919699714422942983996909758710326792617187198703386278587766264931546360453072453459827360101132980427135053831332492771456839382746786957157840196607519332170433302007114379370634586884620887831714808863902520263508525000091672891806601536885732002388184474209882696028261275274930376405449002882650953242330304321526627757081136810227782071802729038492723272970563528262081150772164913094406173597867677748097061191159531907147403364545944421241911722291406189197939096331454452001774571145768063966807223698174578180 +/- 6.07e-676]*im
8; 4; 2; 6; 10; 1; 1; 11; 1; 1; [-0.22183807293043388133429362091409866741920463592493172084221879679685522095332342469366905568529502584217306765326643514594190198372511529944568335337487462559804884721291910701072802897013759341272110799009443109140706515015175591127962160613119797322256159914552855263194607148579713422657930661133489178672772709621469228190429981753868268449648451448148835715231558459317573317590371154988063524569663763885630101056163510787266532322124181126721088497317305124979809054383781191474792651877891284597448470753835936776570436130069932296546946610470587447599825843442217938792813553784744363287611110539581888528720886820346913226391883536905655702947067881774862671718936 +/- 4.03e-675] + [-0.19129214212967205570858542291188986600076035505863895433449844094450602170432910780935598766072654074021338584343034426492643833289073076633505709853941592290123658095645318430728352958494698987182912192416082377724942748438174965977212226407168610449001552774150851062239615107474097573630776427486883952032149438448626296177287063649611312560196097844783253954886713764225278870529085302028588430909487573379353442175104629226075067518549497148531795920990029175509397144529053098080477606556546145458037964568118029652367196464307897997679890706850466225168697392885136499101433581763119635522188362088847106410582818869182799079118120730530650951037032721929666710144624 +/- 4.15e-675]*im
8; 4; 2; 6; 11; 1; 1; 6; 1; 1; [1.81764271239829584965211648954885591104464264978884302134441564139793607850989129088596427108560285874934975739291309447273472601816813009432829801398109181567087197487421767213798251348264275439049986372471563737735797065717752015284002781222137206217030956918351924665919291136305643250140444365516806262834370349142836088168617781430463932687378695747492781969547729548732635816004119999134967313973504595626076953068754937216015460771826073332746726483953653397767401382116325608368097331660831208365240675895553719104566889404044565100221422981173823711336782264266706763868826016973200444028186115172625368890756446903012960844756400863602254774996216490242855865129368 +/- 6.47e-675] + [0.87928656404754052144521278700374566830244173698785370199393245827330065391881641350904104439800380261581034774405184811309917652101300206577473204655223397691208798867273656289865086350060510971380614154031445974366059087610577842470764906355686082092906849939032318308879698572053955025181975831811646583583386627724311246158803305806152230794970535501723673475471255733840877415397337150839996118054501576603413799510974626927431803260022928912434405951222744449048726233667610540731559026134774575406347397220288096949867053226435849820409266334269187348111381896798209003151704801206875660146263466110783138654935750899457248864762578206034501606466332439210161536548903 +/- 2.84e-675]*im
8; 4; 2; 6; 6; 1; 1; 5; 1; 1; [1.100925212577331548853203544578415991041882762307541035451742176037861158048835074200769847003081786278919030337343923396005113044116301284193836194482118292957115094045692105538971732493724490799378871666048000544809404535512018788861512034216250297593139740802442311486845899232080427218374113806106455421449468364877218841639256653603529068476967616918794817183813535733247196644730153188817239227010465853722275189303449659563937308776293448177987682671974167717602521066997301209253758134066658446773182681907719662714860594090786614232028178152611648641126623172565794974999370798494071483510740687944591360670216395266030248241213663230288690746410763018994161761587435 +/- 5.66e-676] + [0.725490958948387625425190245912702536472176985610950217276472062845765506079373382891385597970838586439820906186897771050813764233385913549413627905095854261498721416087827565212780961554822634939871085089241293667133028919252978943570745500240092019146730383244751612044630350136080856329049911105344952179920176219734362255662367065436358491697590136766035282790429118890190911616305887761974323837211689929394766574858503599102490363184339262837402321171474746431974869019996538402741376202381908054588158983426009946959031042612208747287916890563149646287441623272604800525112560992478709241607861014035667045594158708682697889539091217101653148593150083956098172369256796 +/- 2.53e-676]*im
8; 4; 2; 6; 4; 1; 2; 11; 1; 1; [-0.005751729863804963214335800018333951945057700480469212753144496401965725138070380677694161555983830495128979908319679863887776102751132438595872040828201510398620070576655254549218140206413609418112277777325568288413955932037201091223760539590722535062063020659281301299049491127000046114494961553108653560971923037794937028659691221033489112105756377570666806877470463106706943384519955496030470325309608015197612503072586735785534995637894924420466509197268095089076407698801040440411133475331423564735464256289985862106451912504814537482762160957195479183216814808575663194448541308784565711540870193038448961106087430105832767177842131597958207371419471511851420560343233 +/- 4.31e-676] + [0.030630220546615385109883390346753002658135599236007582569779531998413285722666574632900920439081224922221786026009499051393383687489677352795485608347217001481677181145244469695724495846142431842738556569047182603373319095434327810649365249443388366953863895176371974095892611403528912069411041844340582393490224863593701603859454805205015675880167006529916693704892902897706461732388958278919327940743297833882537613881470821610841861057848797901345295864332722359796127481594927906855797338217470777823746619038449482100146566617841926615006652229489859504851646995964864580591625748984397137104802083128438168796214713876550898197902325311578682237996358733003595013205589 +/- 5.41e-676]*im
8; 4; 2; 6; 12; 1; 1; 6; 1; 2; [-0.145679135072366770076746704559610538566166001948625224671251000539434102650716283201267337085843089973711202062792058906380428100407819648334866620464494054654720508210513756173800164275573031632347159331688697550854517709142722637912946632932512440457621160260716603187215391462928015320925572892825348930372028710446927164467350310256164211410555123339749461877151797743913140796881969953555950644853765330784568135830781249186213258833803404872373795015957242250775303266002789035940410594670554402121854887624176025410093753966609287778519557117157865770339745703213686851226178081051172595014131577971673825835966423865501147136340616891000264887866625706393559731113126 +/- 5.04e-676] + [0.223219638841040234579352494279251393494961636897960945696643658757821662724675877923990139162700096685697594112632255588750247623142851729963341401115201146336929785484564422145605281211931671847657930390522309361605336455207828163694940367429726311679490176127146056533940881087953598936295506890393264327507961030295318729862144291563106604925154939760467021393201155602032426063678039731664195972501402727594140734066834250733968491157607421842499360399363770874377752959868935048660018549765960752638422250638320335581934507900078290367047224678922742607896372877437762734333072765686075663303712101957072381052712585912502806008167757094706295224675047772820062874963802 +/- 4.15e-676]*im
8; 4; 2; 6; 10; 1; 1; 5; 1; 1; [-0.230482188538137483152323885360821549515232491379610422684757482719451641653555090039528642391706422562594493112179562573634545862684430871045251793650002395135928433766438085143308842498641281205656205428612043390194896601881503944112143417625012188843488576900550586154419921831591941380294493980471949080501158084428088753181884228426788282864032978782971074226142027073533869746933296672343613074866361108595583766513414600124357845831312437295973020877614647316950459761295499178331940228701915411856876505347878360155428240906005141862288872897181279385814941881891508611206199271460091149533428308452944488427826672504842185439925479784021514995101548884431633619931729 +/- 8.21e-676] + [0.180148844317748006850016944613320876947395087319917773453187926366359414829998555250784247862667754982074798715394203893106170260802186523150008206903707107701029114349481327947981720324559115715999803149207833542596460749562280681780749913415527447325094836036756844595967444603068849159756944855972531467311225376292730917849789825355614296655599593467656886228135108459177805029429740101882972317099022691999305055795982510657681636137890049302185856381374232476005899663739629774481869083777294839931410424134968082132636991494649768796474051807444360428073475667566808438230192320429504853592032859971533835008804561909476291533198567773051232935117290203134864488418314 +/- 4.07e-676]*im
8; 4; 2; 6; 3; 1; 1; 4; 1; 1; [0.037139308781757509238464608703948338750051798520245998595743312624045240133032040694803619157953269911035493899999167600193360612615097843146482572019457057973521588262300164895529434640570797887280204321249234882441874181733824400304414014471419732420776628295626477444978539198223291395970120802889846649612575554704421670635677809238990505482157081892167722626688505574404395432406153827306643019729141711405294661880761113147904617286646211158491307343618071224014797677694873454864021547335866979393180077428130867789289109112937963687812091590600936345605773075013958381985295961233027570650301225721494709741539844349433553381569227593544239638014100660017237739932386 +/- 4.08e-676] + [-0.696709253335056682771233240658759838155551032576687188757413062655410650220804198260033375279670105660429238190231801430308201716982758088371396431171527830119815084340093738605410438273565479624723222560388917429605032109105612699563846133741970911380223034429278269499074178835826727251129433666524002049077893928030122062875125559573811455118414812738851424538901102498095531950453425556211343180427496793038592314594504111024646426822213198934411929543301818280892364129288318523768748043722848271481103168236652758584199774145562522228681326829178598905387359202917381487248798756394363515742747680689635541473854426622754066421273536270917489240221556567610515509903180 +/- 2.49e-676]*im
8; 4; 2; 6; 9; 1; 1; 6; 1; 2; [0.276748597425306878230699825193506138943478659268904214179312071175784537640200888685048873548102043032658621280548046305281791816651771961391448159216556939627761721290001137023310327821937665335460885667055447745251738704605494736794031006092204580898236876575039410462879407550327162731356229585545670553861009024213289328963018622656835818266801764569252912530600298537416295791315576538871680561204035785140238288566093715692539878736448690816376759935222590905075224724571386853745787842957422119690527388331068140096572445724267764248015349255378666834932469228580459915371856839251185764893568398232466613778570526611390886723838675316834742977939766447812176068881887 +/- 8.15e-676] + [2.389779188635034960756051653782415902582656977129603615299511323173250374975266246202075702065350583344922482184158085530085448028845200738117694233152528515807343701308792420883258652350701255399470579985346193778331176423597965589749794134247253500854427861159791528438890973380785890263176012367963517511075144680524570046108900601669020778964453597712918099023611295409854055638988658352998316888623132930990368325168198689366535278969922735899744796434648401750770212167093876868070865152068748455443489473793104649494906159454341692185734790105147100223799317392436064291005054181927274372649437741829563633236439175005035585242914915345113422327249667209898660374704113 +/- 7.64e-676]*im
8; 4; 2; 6; 5; 1; 1; 11; 1; 1; [16.03765914201602324089525229654263282294356056117381729238524451338255497437628117102178354476265467004173330596362252467258770655105164948477140841033720418915977167282845539716609164349447112075168782588668516028563704518181195718070330589454942852074780876579321578862042492901239791700935701873456644900245655571170306863745598586194975603398837471329410795022810838747660618004053249753342997052824317918646641524510152963190612701691611540265349233946857352821766970946196407246428064818415741466604461402023076822475510723739467138987957312826447642763242239180984174013204361756059565049427855288103832213791803569006949123160758669155040565513102186946087942385153190 +/- 8.01e-675] + [14.23195453512473879527821015787433916695171152238089223978975315403163645046268209656621125554200660544875223378393373288173580812396071084927031743507557534052245054232990976976305834130162048004051056185684564452181240359502308539356807548275830347048235839480571307301242891305997127437175622909202808909841459844678467180569155999485836090562653135851653113597350254466471259457810289670683457834779440318030462023891382906436814040563314288748679255773411943404200119900272385094530398847441977285185147991931736418648033795684104520778648913723565617997034579945564235992409174960849061149998039286777858245195512333547319838318600772206491663718717402754080253192015434 +/- 3.98e-675]*im
8; 4; 2; 6; 8; 1; 1; 6; 1; 1; [3.41882009966397080278374101208914443541205271473326946604534149254177929423191776353831238341547018946065945501895198195858003512723540498039584652648017194638397290399184214529906128133956781061642252343966570881662554618451838981339588246884726647184320345975304347809599116230044755342677793060892911171402051704008339567014991709274927717263710174552735480606968068147704480456770625621184236710299222096417513901304771005684284456817418180325250923440732587572965804949173241065460110357896094516959699916054887996473913845688394155394097316265294275878389665277800739816259053161160904542106273090642691534445299063731178471910382685145252272250784759652816650605287630 +/- 2.57e-675] + [+/- 8.18e-676]*im
8; 4; 2; 6; 12; 1; 1; 9; 1; 1; [0.311389745722643583232941889006920609054842696783937357559772689849780649548889367659042287727034925120523877718486271668711663117575557034340091735737391709053169503132241311759808020358418490529133540950658631668872326606013784768479192639825846850273142900630783302069004571694655747442305693742537034578975637658043443713322629595053327487719498343871506220330432246350827717532743365311911673503255017342586551469124697837237432805269458516520944206837828503673175799994192684350847215873821667782188327950757364773389745599491260028004769493539116068624251997650326825962132268873952689769951892689085708302535424770567686973340033795563535753087113999105329776811303293 +/- 1.23e-676] + [0.0189032486975570045508520033159511658448483792704119518371950334466541216791796811993585195156313451900154030238467579717967481937494889104236982899646084298918966311451504490917470876235833780469599567634837438202018932500705468899128939024119958792381342448728320780580732156863730515804940677451732408298946698325692457181515317221410828609205953030235143450564164254645552418359573827169363979884804270697993362491426994231597461282213564969814550305701445594070172601768671807060810174142818558772094857213014153091514211102377472606563707116968010300442336916554550029821743085154205861121651760805320339613587835827559282466453734684349992965637907444465958344352836693 +/- 7.91e-677]*im
8; 4; 2; 6; 2; 1; 1; 2; 1; 1; [0.000167764487010388431083265383899683128695644609244635330349178704582900851159635262575356932030824654176673425910997760033071848634023038221680966745706236938293090968824762546437066115698326064250028544955642723904758233799337148520136549580619363518774128078323126736586072635526673105285513416091967202594348987536708964970734936241965510903975314166362354790235582021920097282759015420694947052569079859743123891909406115406721983015315569133624258867830540862057436659669283184605064328175172995421777388718859307083477680262794562832527507970891543067451979501747794895261589092380339836087621148351272292047311845627730252085982918716058205092163025079109569595873234 +/- 3.48e-676] + [-0.000239524974534077741226111018715036970062964958804381278815815354980399224864097082472209728883713844107141520280543069116341836835450071849997515924620319481635780002741288769331988944988748153435932622495278192247467892006226811930254057061776543941062729674428831733841066915519097878974851378887597148168459303311760892773984726788891513585524346094026143843992238877937973987464698875097859185690395881317546637684781879619535383239352972008723687508276632914699995723076914016097633587109813187014827760489083466515058781209096017578476852616403373858016032317124411176116312027516975529137199953707627135828619360697945511661421230421284643420552661797992951804906445 +/- 2.78e-676]*im
8; 4; 2; 6; 4; 1; 1; 7; 1; 1; [4.424686535530445880428615741853581374106951848546641198142046325130035327654234514486109771871887270876653574436599612166710129435373394909446900595365757186334198931255227830522360583082118692999377788368861276495236108617890897492535363033575854596201676391423666283483172904540680865238391753064446243906743536893699034575903625656726355793035905334701570896811484273837168870058451839842639561214400162871453116405279245299753914800585076552590716803554251065884455289397810543791925230361389700501149404098372658499559676343353770155591989519831147271642375879396599318940578591814754251546064162252714467273905887683399875815282564544973649311357121217702871152814690843 +/- 7.41e-676] + [-0.721287069213663831497013708827899879697812301174444987122914349397530771960810909928328388601477250933411863836070493444471527018676848693056405936022383238201183547349282058573912256342708232518758375183520734175687970224539851950852913510098191923749506125718235209324061500662387291019861932145820846978036591492960264953905214498231848886389484906653253016902522876805597353922053427483117597449040200337384849162497968095964515685066060638230483610017453513096920236218231617632996618844219182884355117749934147651546002363723348043438464643732924065288254034412884704459689193609683601986616808763229446889814868930743359682589160050864785029217768522839044823696130412 +/- 7.20e-676]*im
8; 4; 2; 6; 9; 1; 1; 9; 1; 1; [0.002146411403423198951873994591568224527024372908953809448257807284286814841238703261501847893375263540717683891084030889329746189768267353526335592885723871132225215644311766435126933375426540845940455110105307207609529716494778344993593108711460362601990004982503563495614973907383577573605638150510221862986924798278600635005880550728436657611694756345988074623843142273501089199020310529610121792916350974470142481731139604572761823373629662473399044443760677903301032816811286084756010980046739899929131034872711038235485145330470395548210658834321316895849251963421009889453530816311529810931562931365872295967548528672666308373469026747255245709298647501120477374850895 +/- 4.09e-676] + [0.031976624323867031730311072618036534741728747802508895324131046736702393770850207714237580466783121687453531849742384419806973412467301281400474260144526760845436001496970998112278397115876646506403147998805566223609242516663344137337716205574420324300181020046787481242555239436036740808810771183465898504249358382387075777926838098759684253726274026392650003488790268435573140531606488436614416745647679253742622123663789794346753023108385233279990113377748301510641617522796687009976170185350160475863558843449699534124972567774783747344938072007164809130178479408956630650000281191675907581867350262995529119009923589944653274832154985712843453233737764887228129235685397 +/- 5.11e-676]*im
8; 4; 2; 6; 7; 1; 1; 11; 1; 1; [-1.107556286424460984020332456882248842227596665604147651471642922937822507344608323592640327531401801391458542796117733712903945627722335359643753898486983237651704839170916024282364329182152173888729937434487280213340714408228451909766479431633063292182972027098283543745564095273415199876857837051213137027547585948803192856333835138551124512102454984074089937278384364525260816757643468012676940331050244744181595322450076446759523388054017034058995587727758033304405603027306694411222691458498863878767904659708354044476675669620470640680494730114111822407288766556631248550882174296623340918091340944466833795289746588743856612347989291262229028429556301157876065502464813 +/- 7.02e-676] + [-0.135887377288974455572867623434694505686158777423213999040378032976054073584135718559512436373649233457712256695184038041964533097045693326770156479381562790968943518160905686560814904518623669159296670550947278272183328288927629221356942264518764699332661425998092357783326492712632531265746192180735240958481058772486207951520248373492092599897779161367906285663371600689947652125077258347012653625948645311631934553221238427390445298907746114406139115482957202617835781436087626055945746099452940837366434417362104399886591543213854489602908266439913632742602556733495436038960114087278157668824227416409838774870335292840652681147969733105470150543525891014471253775748642 +/- 6.21e-676]*im
8; 4; 2; 6; 4; 1; 2; 5; 1; 1; [0.518007516824765541328779138098102990236582639686486267940994963108725470182629356802237515700097156012232366891352433739943220727861808726118283780459543518253367998558219146298260479037965290257444538466437111280320043952857009985040031829297088242475527365346483302045896727090493386470637461056222714383546030270045047175193002968013480178063390389508311374562440797549822823033593078963906437891689408150849517072317111205118589780891434265066861405740837832272505720810557840192796335849408785041077846518335890740101395154736497195281546487994756521175813031241761464433866649452728689767921687584259441235552115254455856213457801175269967172513667692889085387895927705 +/- 4.42e-676] + [0.084557646934346233352508619375938546312821989941990577321080685271081468727943538041355448793253452203019477143851690317424301217275439321695417772037186770329685396219799705525673726962258186884348361421518981815579343315148789868468217496417175392568911053559374880122766401228654564737115891555487115191178010248836712607909096224381004483073930984461971736837194345602857009410585266908112762969057910008390568633296886392306881801663651950807323025890951423995764078757299755135100304583934489732808339962707377913707056889042434599492987174154558545343879827076676772923842880166936193484565089255152436481030415607491997115496616954181915200343114411425019688188801182 +/- 1.31e-676]*im
8; 4; 2; 6; 11; 1; 1; 4; 1; 1; [-0.039059918835331908750617173895796291225879487205765428114387413703259117974027900464616671151038417565951759095741703954987955251484873086122575882712468672131851066392665059015018277419313127368590946358383906509328332226324784592927178932048927816573870971749214867269114069210843207537518769705096068466277595075785826066490563047222976650816144224140024377740512658189690317588949106978615243058835233917644141773185282776779689169361807994277781720112158311985078700153152673387780250203326363524494072806054550397630402190935408375728822379077278376072587737672448524322009191125922084109881965563569875743125511237807877386712602168930162550654996757693357563934306711 +/- 1.07e-676] + [0.4354500251260355673514271587989665951038725487759468417181108058961920942933912058857698058930563885532188275084826912955057799006898556038819332483961675394588416006841033103081330867915451679990286230543943490866635149495808031982449642867036542663657541889403261316912683977137877081768167912451528472902429003461782961309033409672357833203078801045084500956874901942468402739279451370504701564229365171973279580342099476504148270149892721806402897571203037689448465079445217218324604115914646633212639950313491196856635334625443123420983986901837964256336141905065728296265460599231140328949162016023353799750528326177832358364466180466457133880254870782797932604536910593 +/- 6.34e-677]*im
8; 4; 2; 6; 6; 1; 1; 2; 1; 1; [-0.159822055371152154482797003249317876825236712380828404098595137710390837085019304872515090377106071880265169092328457769820454729302049938435037952734581998279565579378776237826099846721480510650956856289539841423748555199299242228619193714316042863922924042034935939172810635630692300414143786564499507041874971773559503101490293188002036040738412307225613413640292596970191048031598483150618579925823638209474983350338923450741929233812324690836438894679414557227511016590887914486343901474467124215309551293832484066274555548673052310701014211981693420354202362156116199272801013820591968987627900132550918007311591870832687293186064930094783552000960987010810694912580897 +/- 6.05e-676] + [0.639582910302316344316951894309790281881742548504443772538407102773100722036686598188262886453789450386661560195862514628306447031508448673801637671166090399560346334859941076937687128917111834119111586033839055602061886570857598534275020458256491408367756967900658076667904084578150044566968263121154195701707814988524758738102098210627184989620400229563591041409821034377892418291847745840678526481600971150436831674085132541311692945813110103594508267432940445372144390120906688586703736343548699553342047785798055042322013863212304289704016149874672281500057822370434955623229304070697552850977728291679817675595328566670474132740496597860960542727939639279771644430892983 +/- 4.86e-676]*im
8; 4; 2; 6; 3; 1; 1; 3; 1; 1; [-0.297271082945244173052978714435306156344206510209765875227558305151088533742784659272156241280485728006750228582069680720489754639468563157445867863947432559166417667533532784205067210950265505998309876533641795147909304658831376275739713027330721017620547828314241547925008846218179478464714089304947705964886533049539358454191266683505905579871294346524828313605690339299513846893075617019536879338651390438591957011296793574963225734505090600960513252386945779258407107223522014882707198790165408179636642428109653032516370471351194770769879505427235708623054093555812753595305023081861843223721860449961116220183840239275101435385009479792572839993131221896430008856049538 +/- 8.30e-676] + [-1.122797175088243278120370913265021631690152568309040431688791447193616524039034564000384698657741618675771563700825657619301846502846734591604052604170272330148124316028489048752832649834504032562837101686530234537791730212293041730428497216579511105769939839881512336523429620347847082693323716510016743081471864082119269846074748741428049717724332690693910229496468062760451395434583220617549342499660087518031984928628650292155319041158980000891206993533863131670400940106421022899105172298274766830762132660179707286298094701358293723221421527636854858074775712692177348510982223613084821540929057829709674384595287602698490871502450299581927461593022532722949046276311715 +/- 9.10e-676]*im
8; 4; 2; 6; 5; 1; 1; 5; 1; 1; [+/- 1.55e-675] + [13.43165124094456168967147098052893242449072513901541408390638582571941662152142835990641959409422255741991824761663734781334803414917633316673949106443261965214141685921515887177907528766003300211806507767866542187133454594214688861414337015635081568378597379180005444094279447866775942703822358897047581267849445718162158763959124165036466209433409493139653071670172726077474556578036978549695086528033959059743101841515666370627070850047898433777266062808627995669219906029154227891530410245666853543021822533208028983117459964925790060630380000663946633112107378848320160291565312991119083539117062426846546377469820899254911147171223086330050678404150490364788773838783092 +/- 2.46e-675]*im
8; 4; 2; 6; 2; 1; 1; 10; 1; 1; [0.001019753026143312841651486128334309620729428594310173604129829136625048776976221348423981945342159619602788791557693283749363516824786763805883908701647491467922237050814435314162827809274714212986275931942805655059643111652303452634854185298138043125247834216746214996430366274558688406192041319656291721706197629123411967598328634311888044888228708332714776071755511611648442804214515344081427732252294868990941379610937393764584150947885997942097341882484842035794194822920156001321014844569906017277643504756941474705338373450609879933605213150657521563753884459358741155914557820920600561543337594068059071888049723071295756212999956927694561874089277516952269056008730 +/- 1.82e-676] + [0.0492336369646303869847286466571616776392051792257604836726862773658643419982276534602925848425197311269015563561847928926789355783760478873364182389722190945935543766162714528534645887319395456812778930578212826134993894941590940658751620261201996431893300548055655679331252127101941125270463070990433338712651289900987175114415823113045175628875618595266177667696256711707270742305469935346971699227990443915053712044706586635643219049043612691656755491370402306516002429227099036072535616990525161350809184321402146758332010597333988326605789289632646355748468483493124519926347393475826686712115162549266377526881950791309032278921496323041454538267160772854883452639707058 +/- 7.57e-677]*im
8; 4; 2; 6; 4; 1; 1; 12; 1; 1; [1.353374696980863781724975034077507290016750942710398426110776674701487569258576297413534680077264746690262142022605596141549545499590493054297392596087836721189702508510792453614955353557025127697666901123444604638025363003888895651405814555815114977078376530721724504556650939020098791027282063995758656381845072302632884701946288819720563247055770601971420040452107046386965088398688026377453927387027599229883042001267379381796388233016445073017235532397505765978119381633290561507902319604588938097782261547598481721823977384659970778368876717623160980234067135032632666574978109955364939073364126464700244415423147583667609662583835883680532048492298737187201655584799392 +/- 7.35e-676] + [-0.360513446701923066287241992868881883935799869544934902985919138834185070841934732390282757438419237490097205689781145277416085866494087483473889559936559366914274783353959289949323134015065040899226294010938082580204648290757268527548837628018874360753302423730524892491765926254740591471803352313858489255613100585360063680120762380206110724998324267773068999730480479682020342744134256997350804503745166001006497514857649886084098035336009218803300230018169505686725221605652528685333580327363059810144730418140743761816030711865967112606634300650355042896734917417112889458215144573561116696165903247689487626484885353199357896151752080517922847188748836522513713537878691 +/- 5.75e-676]*im
8; 4; 2; 6; 10; 1; 1; 2; 1; 1; [-0.01158621460097403302781759159642728024038474381880728180365114981281966827750577476297312889941988109121465363855640136924339204933221645152404210419730627465402695842109279341505155806691025353688641580862429710183555668940509519688950010994126233045237477091079078641182991960850362708421181514942300854495792615278028911182332502603130981048738790564728935152475393504305390290782578928619216513499969289139119433501141613944265707636579415372508963858584344315044813688334244866790947476146707869891162081212397049340558893689393040428754827897817720990880273352749763692639601961623568088642068703720633672728546856333053728424115902525672621826256938685997436026030200 +/- 2.65e-675] + [0.011610279207384333351583199504035248804135562707058858635185657878481704460291492068341595981073326535525957321733025430345190817082010982974468677205245229097687174458922582755434763864496115024328887981701647440252001718016235982257166913606769780581213839698541950630612929662440398640196096116526614385861469460454672325570135512967780823252947220116033085109263208499200772702764929360817559786935424985806103061058367610172873344727975648594798958950871659564628314662007932843106201857069869634633459800002369567048716748592731305737595874696882904326099782339554745367998711596134883311458491214913955255815670559641002810449799592738044100995034177118194420226654063 +/- 8.82e-676]*im
8; 4; 2; 6; 2; 1; 1; 8; 1; 1; [1.473449138656338692184724396928459970230849684620055059002764069594262869848184504098172733789020420013267953231877400320716738979641583745089433207778365667138463676915658586926999256082721450973753482131669072018716158922963036954708826396380582349985460527039459428062531439330646193084189610696073540770569678481240378352984238345306257627845146618763464990024665892635793316480210201866246595074396555781967125959348573620792607635635753776912760252110026913090990928730971181032746091506799214084554176831935831284557766623121097644028456989246961842128736377901838272068251986562200464120603557914258323155103238819987675893235926060486290183788649506749160163036377035 +/- 6.29e-676] + [+/- 2.07e-676]*im
8; 4; 2; 6; 8; 1; 1; 4; 1; 1; [-0.011980283465264939314500237302767806881382146200277904985585123705244554339311946156597120550001912892828727450097173795999902766368840932994588906969634010306321712760629282228861640420896076257713308508672948222804782626952707635529186598376932174209726319985939625437891967581950555160041776207554979550252864917814545726416463305907222671646975104617581376893359255073148738011849417115192783111271616296436598747996549726152133588448877822967946823844767399450498449582526140542812986433550254691369548819266788486111188118041531872988365487971089707268958952723521368373683715419825704729893614340180303709050903889980159509372286075265166645103924750726986599817697304 +/- 3.53e-676] + [0.343578154346328087364350925839776879011051900330289135270595310313030280595319429441891241106001566544569350993366891005071559306912077117020618381717543427435403981233822985848324650793609460269115495297221755476826484059332849579606254098424181673135999708141326228517076161253948494467352436182080318100691672918418992267957482429218428834680908060269432469145812856175505557775581282108189303751517441425560016099713024528975598120930549394208643311616353579577204211130497939977741848522623462503429734949952031284617613928484981294622464053486963881354572453264069827856352379780365730663120864411559652529555709388898423009695833902223693361497505366640061405095444373 +/- 1.96e-676]*im
8; 4; 2; 6; 11; 1; 1; 3; 1; 1; [0.090932934497749216205635208632158190844534068668307415750366819236862499199784364123834233933376060332666442301171333010178812663780272619379802772258659901815890450130050727732542778589200092064326648891930937361887707418465747763098030035356390830244091675247623180339301680487483109128434117295036353790344070197801450863719419589106504071857908485286794700183687111203783588209690497854246087206841916654115177506840877086850556939803192472836216938474753636968305019934450433855786176676736180756401518689652362255682426122134257668164846180245232834602189346393958152942163569472034923118302733471507479598113632886217149119548045347253434467900490473506222980545292454 +/- 7.51e-676] + [0.556851908772069798162041882798072183112947379015387865178196692513528981018631252103927054435432569429557309682831755626578285576798502701152641768247865733720778301635501427444833890121124343129057623975016852630263364643041897483730128250107106686254645129307864733762540582100780564780055932144780361253805809517559437543043814610983985247146405993258455685075799163597177814945946934697877109439857814099329952217085473244250851201592177514798013008398805729594833862402762781627070896707893312555225400779737326375501250399017241086254775270456663311166718084268203169317867003458898444049185640270104936628333860195226885180564516666873972451065288775359099879670962144 +/- 6.73e-676]*im
8; 4; 2; 6; 6; 1; 1; 10; 1; 1; [3.08454734043698505919889905842750739266381833484070018520424466246913452354072833891668323497395954621914467644250932757184976761879295089634848313153594427188749912639039481208516905533570941950543803808150514795251094355009676397369320550567839880063464332026743099182106786355530831372125644264413642244822096972893927994614525991235900030668530174273101759653477079691828812605705266582348334712427734434094306836244839121269436380055391845687102773401117030418688451309833531162050024451902416172173789176680749775723418681840341636370124065236668427226076510094048766830353637566844246726534669341859129441502479303902470346250737875536027046262535503354273703587791408 +/- 1.08e-675] + [7.130024088199722394201797024093502616442418225694078713425701821813579350406525440666710949803927834772171141492821935911249172395114830703556961172388341776517149321222517420181831177232803820911448586165950308979909620381746656812482273587281167563552856553490805580822278130974775381752789208975546679294330396979221513286121534038215913458258417653969252100234109386820069276378571274088170433426723050825680315580329704231290698691786637479166722542037683539305583701075795785209705165847802153765140755389562484121711340250202721540839021248914573707786823884630632567052722684346100985589059778660751060660999541799768921848979236696587987548522965151174831459941493582 +/- 8.57e-676]*im
8; 4; 2; 6; 7; 1; 1; 5; 1; 1; [-0.383535392980553079069919650464090976502623770446540622596272494992304176854912307117225960824770240843192867940895394868927156887926288216600694254481764779930097227330333191001713215891225822106336251259235732125797098335529794133593335196977759887149376799505647845223593729721265451624163256172642168373097112579942368806654841164692405084351067038160504490397380299855067811141393770452824083468400689189234519373657559227233813816308768863205470214394535561293474686326793909799932898316464487495002226118725802959966478920964121544445876369298821194110191188184848064677408089392071111039892930329961766263770182310354788705197056105967051127401570076018677560210160290 +/- 6.45e-676] + [-0.561431368536955120095953764993658302279018400890309844753611505955944644248284608053091003445059415457552071519397063487519140022207455251701464388098887860444370075227555340296754825512740964023594687890820403690947195589086685945815045904141937478354455864039299391339607657335917968857458444237392101568243169360292921606722663083319221841660085695577995722203246717758263778859488351141140617185333922045910420966337201374097391471877140215854421486465258615533451782714771265499981508240922791984452417769678580170662803361483384735293276058339948318919677129262917899872467561874316863941677794794556368460984504185462399801856273375021456053202250785836086633726283590 +/- 7.99e-676]*im
8; 4; 2; 6; 6; 1; 1; 8; 1; 1; [1.01215627872697924436780523024554516002531904951157175371163079436120751991951354712739946087601776020219592730898138861485330720337500971328873836864139079396153369315622202396671997264367293330423128576697594163598452260888817310471971004462848637287085831781195094357768533493913758193210085167630778288034358355487608717987899412286073227014748179869602103578536042427526810171899569831211147971177271797267066647033194153846858264973655251510131540207593162768065809876489725145770953195285553047257903649740270896983592316866025721924155978334471554064290113510864830529703665861609398251412178461415382232919949981717476529884442166195684790308550796625703907831121705 +/- 5.49e-675] + [-1.07384300416867364400862829670229009306184773356555444632461982464642337061163098259845678711342359454360198442269558398642384189767510641041128305082282670848962533256727085370088918937991366616101570298518902796730001036681833736724097831220305459255326572995872157341984536928489362905190462800067112084344395881138491571331833220955803904646818524825372026620700441812210495453845461448204302564784790516713876717470084485622294587315353986196068931511132864674052412707277538478425891224256550630928652497300031050819652012792089289398274137956538011716069977983931408714152299778900902132488020740506800623076579430715051399604950230424491412253535607834558290864231089 +/- 5.85e-675]*im
8; 4; 2; 6; 10; 1; 1; 10; 1; 1; [0.035596357855014117213477295570188212715005907662883025257732108777064530229239224915617781818247948656844520865799275826226645153042468135614150466592935570792878584185952379000490613735726989825010090928272070640733041660356413262437100036401631832950308532438153042942998906791373655007601865006141676587432120106567520424933704862198961840546093284586903664348951156212606180771182442992785833145146544622055868461190663118789320225988715621894015664495549857417558005907350099381360122337470594868621823704148563062353261772443580733991620208255834780702251089815582960766311273337547775531364626014301195433867486561944867966783743853206046890194139348509914911876243416 +/- 5.35e-676] + [-0.231369970279625021715075305824511460840798868919563834343059979947255288385028244203541608730271315867329242506376160774925592004849778131563037941998687311008932524474599782117279132407081744415707637584114433331933827595189263740457406648563375082180366094462160656633841378406357024621506563550065011282247879054424460945510954525308795669361572417600784473603804291175987120131547131119144432466603150111744787171019526880836536703461751810085098353499290861243095710348803237996913853858462041290169829589945854125901755089647191038907399558968126288698556764208281386232240362269039165749160342188405432733161762095420436362082624860489786181700906593961230822513348565 +/- 4.36e-676]*im
8; 4; 2; 6; 4; 1; 2; 2; 1; 1; [-0.051007130639927637593448249798397171342140442148293746650352286651167979376790776786739738388300134730298208659194153755308221623677062264915328438948185886842703784559737318945993056342152797234973450212697148483295107513612942467719224886705914167411559986168101340635563143851188297261328783666783692545192364882391274626814080673411860762101127121043582770966191063842302215354264367125123073172822163261337908275001561153547433070593742270168325293174023571947173467373478521420737714598105016168754525749381300210784668811182661604055313874601977075520557766507109053601363308766797668386897609357318527138820928662157463145138422156688406070909969400282984536243402000 +/- 2.03e-676] + [-0.0134807770441835308130750734965277070671750781374699546131473538210347269992541368209165356599688442973327669986384193938112929771695008437854621733778024641404931107918354288846806039642974548365758874520170324264785619283039835903996247135184302968950722421804493531062615301335335987866203410727262034179144851758695910124345886747817064524873158491557052123459382699520478485629147132140911272935675737079917127031912570892387816383849752163068960763161435990244145923335844886751541192826033449995723974723484189803028892968272528445829406192962763433417558189926223765017223116919475425739846699593363772429616535063249373794627113317607516599383502984993117923479349251 +/- 8.36e-677]*im
8; 4; 2; 6; 8; 1; 1; 3; 1; 1; [0.175056057929374683391303077380382449327724680765786972237945962133972653117762878410884332239125667005400958017597855506873825188004572855432940052607177589300887795554246515879786059823012527405882616286994462776044880497076369683016350764700471317692693614642290520018514856092728920372804380154699594558756909835320805830465066322722667581029579034371436598105059604771899463800104162223381860946945047137714391927574240336739393948748024007798068893450593182126676978928723560406322092291182964771509556206068970251742363023994028611770010410989742171699684336940514134395172710694704268844969407722819109849994354531109283735012279721244389708435989112747254852517252535 +/- 7.62e-676] + [0.410589026101552673231772259657248214963454947134218833593146217399748368281618226346090358486751570244115257774729137358052433569024276797909726992240685296545225604061900415390009748174802166884213987605023149988328779434127614965339651773529179746819054655530931465781877695468933489108034982198217318244950642682472652911732076119228595019251621086821297294859650043458252258228208829651091235686679295122824720128626409110992110386752459043181192446480837171522626182610282589363434372822092542065759560490038365066931374294164191528897775131418367158555007816203612798842744019871083447729884316949906078157173261154639620122901085088002650272343900906429124405853986606 +/- 4.20e-676]*im
8; 4; 2; 6; 10; 1; 1; 8; 1; 1; [-0.536255640442870926349540670537998571100566591147873550840539077812345489891941717455327324280395707135643350609046149401067631596508561873343483648313065333750319083543525990557137994176635028163324048191901469061059089172120985883487982954414839652659333906095968867237174679562882425674328276399145779097426503954667029642900894350212011901778051668459996948669749117609896493387740772025277463411859105985195084080231306641647150831279218428733509563411189091428342661844291871116975809966443815634790508522659191010844581431516748447438751638653289066659526124346239444031745428069296543271499854578417376225232731588705989609337525789323660188922229607805708222431198643 +/- 1.82e-676] + [-0.093909598566682085445162842050264712001703961759014059816105359104647116511843695168470567759933397568068499994419889797436846346064234947886178199923695298432071741637471338050938248947235120951414039237182413464196940026327465112359948179206870403741994196721741934449020374429007662492847560475690530580674525577839977156899252100002948752668099393215239280368404509339019241226080567978926600380591235074146669729912629410426244710337267676025560937236515072185848422924013436467458899240518465414416388978699302052270692663468123599153661983995152028585698436456806078473611995031004752912952428838930837895948304253004970870797832248465201696241598151084409428671713572 +/- 1.68e-676]*im
8; 4; 2; 6; 5; 1; 1; 2; 1; 1; [-5.60640404847504595894500412730036206582690712038935993119417274966655014853012903159216530354763699998864785250693533485527439948681935227441054994532919190416148466320205167619371425732034014347695469549014408928105747972475778957111153483919438214858524523401562482542446070056830023506683567042807607213604754305804721536731490786219679191442973311501929348979820987808708353354041275031967232144432628286291595943623185711114539864802545604687301277507610462725026819227519682870184133485786471182041049821352906616134665315191997059309240200757405910485375659124919623994954110654311287944487742290608524669352608129400829686222667319164294439369536093673599068420280824 +/- 8.04e-675] + [6.62801872188330650806594484530149577246922091488506889352572511916523597859051053197448168169001774555751240413756048816447288569983934402757126139516840395620632031041679634919668479936914787608834061694677213572455770513829840896110845609647330020143911348288705386498820876422553241946587115748560031341304179757325788011911183388654498732543354300450716280001446961143457430419323879977880972861061439818289398892925419587843763390702496481715322895051565541393425500056994800026611829957512612460338859705801127024555350952576939008369892352291236130884402084542643242032677946653429118063624831571287574895730461080867006631924877775623449152056865381785886582303085458 +/- 3.16e-675]*im
8; 4; 2; 6; 4; 1; 2; 10; 1; 1; [-0.1320152049055907757405826541218792040432098669420481010383753349507747361412160907453759092533203396486957157924294975995559554571156853826556194405750252031385187438512730656341241518361953384578952508716656842882709730965286967654616640994097562418537017791068618690643842532299479566246950135133079816563040255805568575219333212635156348983872490547821731784004825716076306795849422258105168106660641440855997758657286351139745868784356413940083016756248120243333082656702918875996542369749933285315290689253034029381753731183459018999039044594420062857653447787087752766062090399817924626004820470460844308261567989712030534202925779383655986938795839774062346519536456272 +/- 7.20e-677] + [0.0517092003389652399198923962773700461785497097200390720200472078199920447202821677229615381855495033938061057096128893945884618591049321921250535982468960352052709355847600148261581003594024756109640281761241768263985845002581738561079728710294883383961804815784352396245666208011765236830553514022793323086521822430048494087595203612987516310924566861206997994927105106282854924366971831689834162375725896690325642840558389852038221737113230258925510050089299207310551308103922836241837080791960415001280769160487273995525319851107598723115040995721346902629605745108753807206127186384658558725838888689963684421322551058495535273255183102018669659038714132619813245883207902 +/- 5.77e-677]*im
8; 4; 2; 6; 7; 1; 1; 2; 1; 1; [0.112913126338478346170880666081313651415923195891493053037367487828237741825329861499511129533501738460746633972375490404262598645111633724339414521848734046072624104905017308849761809743829627140501795436188455063949678383299736788863464670574277039952250650441049228851443571527315256680817501862243385989153261708941957046884316462199263828350703233263879724283753812927056403229277233731816024691881804516615296576143857796744904463744742051240570143926476574081091367088473588458737571742459631411520456725990533879323216617597728664603232984748689060988917086995405331204764233175415284059415469212154591181782320491715180350647664242702991638564983801488750364561872667 +/- 5.50e-676] + [-0.572143815409085205490019497088517422571134641885515044108077235618469845651086223822442051407277650689118252993032674362358958712180838201096748080359333263912356737151908117878026079516051136767811720088595355048894307363154915276338874699685709642122687540478541533879784847355520611297798001266109669325271909401990031751233617086347890591791419727112946724551394010310973322152690948613352498739155328241727385670614296179471145382541406625412515180668596467067715496070239014095964842569207245502280388246954489750508612768576192978019997636236164913486264201791339486545188812730817597158127286421700845466820618318675489184303867643773478322548747709956650364380541000 +/- 3.15e-676]*im
8; 4; 2; 6; 5; 1; 1; 10; 1; 1; [-7.6513389386178828260936856501906498865809350391924243600395593680252812561052340346014139226011414411959788057849825267517469488005258535554345479952149285606073047670148549520877414381995976602148821700226280886582202219894609872040763465323270187955641131986210990180053709826217141293032339075800216053551254625177515041310286180029589455806577918428909624530873824874048863558786570677141237886692767511632985867560538926048389903489216137741926035043522738909892675935634979118035340702505131518333248826725578804357826573544048545134140920647961535588996656912203550685364579017313616213753877736552311540112010282945924624333870873842473539173637619342168704737876777 +/- 5.18e-674] + [101.1628480159000735268081687724449907033326032467384515052388708722314622658354037962634846460206691761710341685853100928881788512997822911551184449344221683289012873228721259223154133109042472639277256955369944950097832368549084354542687187496587951000999885984706319677953603897235156097863093070304107156396053248185581027840134059940899314766118212016477565587524248421650046187945271069792788689073849245568651602512766240913454260497559421180485057038259020978127440445755970050226905165001152276367440294104977224230309067491404449832071036427467096567964199158297010079850447329381860539483624169626234290676976881187000506002390112161660718069914181781649264414595499 +/- 5.48e-674]*im
8; 4; 2; 6; 4; 1; 2; 8; 1; 1; [0.225549317337871998472117760830661697393780687377388663097006469355573256586967928440457781570617017101978143954105003837102331305088072101717966440570906842870858300703417662922013594360030105954477829543143109190649241184617009298749670613122650102608642216615685430094403707453184531462576857471568437082245149358218471664019330413179128457260203468327901813988700112689107213355470406942560178664006816837572718599569597698875689060133524545197203901561256845885141000964357842465308969314769539779620993745757326206143334380084485389670790453339752923869505769097555459595563634815561520688075887987968009964812444268628245367735840026243428088579725409779187966156439749 +/- 3.33e-676] + [0.6129170408506980953022264464806055489528938576013111787504178946324374594314437601231140005910440601129586656149566131995514127234925758358305007161535741548211416513774216593513346647000850310990070894917735355805307593127058523582946930314419524251812637305492768336277800705758099565084056338628368750134918112604375159441371964041038676525529901031582128270387827465279501719313019698453614843049916575248659330066820978404014517273623040776307478809208779660724653197163058702536195412104571074399896172960840429135155205790755100675969635446552842272064587454396867472629181260173654697624347954041276922485065798064574531499390465168352572634023657870619217220956356841 +/- 6.42e-677]*im
8; 4; 2; 6; 4; 1; 1; 6; 1; 1; [238.0505993899441377053184732457028840379687259664422216760373056672193161395168985028092088223250788111488396933146849249792541046924371830398926388952038320160555369905376480386793745011754765100534900689757779011629272650342068216104585186923750993867488842146142145131624265161469356934220589589075836067341400204790452458893130546817333455605844019696099804707729890102418283097353778664445675666842722976276134915993331542677809877262855559003014903297466566472385752501223123970638965025269525199135991989885700433091306863826096583894509997198194410484147881432897732937163153776341594449169706863025799365835610294488054585159993804010290417037027781607531223971047121 +/- 1.97e-674] + [183.4135258484574234068493368666804816629616373637448958258015211371349140991518851022141748048962778128051963505014551509097179193770095065993313453167159947888681386406395744313016648600019877549530238952014869753468884865707825001083377790334508577082018022541414312317334552912261042604510228841657794619174519727609324536789958736605683761644167822336792767251277315550861542048430047954409225733736565800306180360758916093183019944217525230757076813479455406944109964954511447853748623366119449466858500872186040949147817403004879675678574254930606855621259248981800172472119258072805058966488452533658775001840064583406510119959919911781554244772909581446073340880425206 +/- 3.59e-674]*im
8; 4; 2; 6; 5; 1; 1; 8; 1; 1; [14.0977541983048200414180915858849084308877848033317710690685328177296301998651131372724275823776639499311851413173491700645333001655238870497974978846144505544139413682509487557407997619660770749288813756496748539028460936693767938220923581393140126269424576151618540374244206233383274620051933423106281751021279472172193778371343556688814447889454435784254126169135055945045027844979596235129686092344452101892547449623446401365100327457587125975559950651161501863190781990993409843116841096632656004521251467167983341095146642907000856877760791066042291166697398855239095009229557570516204036901794335440441944781419951441199173388702992079268129993820771056000993813681519 +/- 5.23e-674] + [3.2865673161302723355156615511420975809540666679594144620339160192644430820349828249614873655921955757765053437700219553670771605829538159836022014033334446522004206222272354585257937640740327411596363039333321680674255307633585640928055650069374692810246732200430309451707749028658994600032090859488488485838066056988746031202555625661695550609317939274868768421089751298902174667830530736750020330342054446030849377818824652278816581405090614785095877484224333889141896092163611143150540871780608844493802412967942342635599970487537930715408653664445868430122651893729318561135159905265284806557324189575923380838076946870337761272166598736043902478731803797327496442374407 +/- 4.09e-674]*im
8; 4; 2; 6; 7; 1; 1; 10; 1; 1; [-2.95350732401343536992843589701679856037595908121020188810112229281342578210275875521819968302054870383504020677398613589644601899372758081999509441208548299258186438156294869196267858104179627558226604083544789317216841247229829399111349615307799918022835545485346821269333563041766813737097237348639646624526228230628965203511597837472555506946972487310660555051346272370857822451836539853663774035623094317923099608717589521763931647328225884792509945859001089010028703798726225377191229217621810297704957135903630201845704428715305497694102376882120310405717928663769227949268660259789054281019261503528456596702301760140215094892441266511910966458902347157859084950705843 +/- 5.12e-675] + [-6.325097774354613691094381924678903857692037820764827439618289738555331251167123381876909518395476668150355753579853801213894330194743344425312746179658260514688421872385952304653978450410277744351361648388859913599089600970792925673463790612931269098914742864876818162905746064672683774815585298013965272503266439022734961632337595370409446599426030142510477350027371102532425954457598369696252024608438930027412963922538819837831254340181769426231817220135639559935553446306966505500217137766782117820290842834488741222829616159031144611494952510148035564990826713675642771319244552189269370200277871718528560474408998134763910205356962716500273851361979100225767620975821214 +/- 9.02e-676]*im
8; 4; 2; 6; 12; 1; 1; 7; 1; 1; [-0.157010484657305578130307542502165870817001848101540421745168832614872750740674683799180562607758705427122497525204880608830633407384621514996016956477905072259706388665095816543139516803797351771690428186600470044114665510784794514152143932723068140549662951612105637711331376280913662087760477049913192922016664121254598158054439331967106866496441234699118348147744265107675711194322023670054784015506995195279188125387752225044887866385054566451609750286269147517103026219064916093582272861662718605823417250399409210888863334332756159739088469078648542111580633322633344474092854009022478127012067084637803422057059614939456721693313178421268223257737030254119786458007762 +/- 5.82e-676] + [0.354799769548823818810714669137339609980369431192306810850326973417640135097848052463359881661258734572285931489152011838195436016378499559055756376806361150049752341594576241300147948739121941413604814428154293675478733375611166258796123079915796615921108565067545275303844436636871737438397679222729100293979879991095038681576914856444802933950063938760091668892522412723229202845009799798372835297345235066259134510782068227889948002113534519234149747690498970597384346484069170634407472288149572878691832909823745439381037612386465767502799184244119506035091429892140016201918645376750415027969226897754574877296346679125861404414364137795719287184303206078037645427331414 +/- 5.89e-676]*im
8; 4; 2; 6; 9; 1; 1; 7; 1; 1; [2.970575087315395020462013237848382564205770687985980657465783599137997418223262024452517664473469410019844995142249558780716306370434984914912840271469070049146160119087932968738105796825462591652061210035704601165148746949234418302699465912623485994050708353364692360588289547211416062836585093560030462092715344079270937049826840691211549427417195677300804767072746375786511920715061911632973947791935903125184173146242790807300472431139894006730644189516477872002700953679238086067784993341449184408191647396539345201224411890926248723992652066846846235155805691544785314306704468594491389537371894977933652404320027287787561207284990532102159596556045165858059519621071461 +/- 8.70e-676] + [0.883130470787780657781299207853353416083468587391945766602915460155438442036134681992656129277493553128595090447233707805935029159844888908517651721582321843059141760818330427210314316822705193272170249476384558435353552733711844497674692207770039672755543757244963843904133076171694666334088435354087087997215524773001068526297381279491697710670488630804365042315910014885614021184240025417993959938186846296147866700073938707168538605461445475354343174529033955104664272934333725582089702678487211560470898577600449082039993084529277391812620446910893764706053640502065111725354211816738555889544669097947714502620439292679420290235433278695432974784155352890020100392120798 +/- 4.25e-676]*im
8; 4; 2; 6; 7; 1; 1; 8; 1; 1; [-0.572385056635292114206091631165340584031304465200852076838785533278568379171201638546526508214275349325113961121528602154188310841778670729863588209481684292837252324548722606404060343853688553447398082126608917789272606938968324430819809367667838229245452464883717542001631956462333626575125027108171233241439588652272763323148955096776258804305414970002757305828793052587866766692210615322711450533918016919071891475473479503591445765022448666336215596939627987415223667125549314008545336383510474528560557978133578002406446339112588748610433113360235623509147818594678488472704901097787349340574113152062925258594927283604177590031973524926783342468107655343636746624459861 +/- 4.56e-676] + [0.252973238118371357386971097728220943938078376992115973553037290140624107527457498207143481339738320815640194420620667876455123704364069277731429218103184653670223647066032058343531522282988474280334065505628723114532909303070014066442168954215429678905742909770474742704400225096828173148266586808388012192691602938202666617074881092977781947724727549235901790912942617892223942583973934775516106692656047933945707367690794915687478957239384087338175477566574767197552103152559363575535920006893510776995324746780300078538778636305721037167992392726730278970040049404298993732276056649501695857969766081702988676553918493507203916076190505444867615546794763669969616040726648 +/- 6.34e-676]*im
8; 4; 2; 6; 2; 1; 1; 6; 1; 2; [-0.32418774135221790647758313528162857429502150448552530117413337543803797151833749862702405683359399305434675938416895750281705174270105619673178012558672980961729421205973582831577013095646218428391859617492359147415051756214590598260747869988496894545815978086598131060989302755091087618951988767661141861752247286856035517390208668675762983128082936594744317908963688389470314546414850803247968981305112298949408279992854404529991012398860282177534249997048174136371836707490738474174614820737654694857123265454618543464261671480334332446527689153392575505971473155352123331498178722342856825454272057791998185389562525144589940962684447482658936870626979759642399474385484 +/- 3.50e-675] + [3.569371286201396599270791458554675622159297583780598899716530884026178180636597039033437296450060773222564121315460775845655789751621864490628351518063771403239062773444750893943332395274966302400423035569306504879399335142877893342568942984254515872033668524373123047003233466170684799735202172967620488372631076557327012662808044351023591959611548379400551150158885602106241746942122139560721180759413027474655519865545811142406925948891611901499796431167856637814978883746383086882706921582966812040175800412895295650766164874670788609687327624640598311312439069145659227611679634268576840411258582343655021230901167101056909287097045477086333888937131460710800032904686214 +/- 4.60e-676]*im
8; 4; 2; 6; 3; 1; 1; 11; 1; 1; [-0.22208189454158154116529117717226124951230725667958565137856759316112039397492161292619988054292704157061146414872896090893247127070663290334727582816754980175135490829118579390557195896026560574797090296492772178331422164998160762084039021309642763091979840071452485403482079949956074549877630753185172198655271009253028628991581454582993113389223532809575333040693489038835200134639859721495653059971191425220060149678603534233457917270211694646943283215957334506787569762200835503083678016353485242050448673189518237164738170472766990684241923079910497890950106583835878229752068989777653289359129323085714709078949909377623767712107136808742067007588469692719531792136941 +/- 5.77e-675] + [3.10381451778050763609234935737338879780656716794583283504598169390671112557975775678788521381298494170420105396735815557069515413032833433056559821028245396914936339944043862687319896795977897917865236947272033377097055736716609223308768712988958144512719686750808915806807808787802083983832386015222346757870460034849706135845723332038962939884767726969189877439459977456203604665137642747995351734818629119434061450592358144890171219566060712420297123683024745410258970475460721548898807703956193496300005484492075695530519788479122258424183739740797075678717033938744448535221830014680011325653507473132844510217771823112155244783432361071007475048950586909486120603466734 +/- 2.65e-675]*im
8; 4; 2; 6; 12; 1; 1; 12; 1; 1; [-0.05346487796466813563966184303756978765372806753710686174340038731682750507322750124703795904400444365747966413771218974743255149876633002231953104196572121196394429355909415694852310013500401015048046566356882812314612949129028214311479114153274584324204451269356173622252732836607189101433873016289275018872826884295154060011313602322428228225086934295020603911812567038574279446777185550186453896803164518199191257749507785613832946943314148253174915564081387241064894907514562358318560683068764929321334266311872201862491633312471210334156116416660838806457003616903387269072059370310881288432771495848933937276184641342600165979054355241371265405783517401206651930847548 +/- 3.65e-675] + [0.162486211111459770038136533164726766758032099757890734969178856379743040392567686551073479502475794322185114958450727132065857851383620146671559515604421820700805571414449927425491541003678906876711690320143640637178314400744194110323033621982861278140601750709394648104177870096199035889443451180398027286202895023365764428497148513890944244014881594697186843679053556627278190814952198388244688010270689263081264475179431419718473281432757561708703890046223868032393963297632757465833656991660029693916849986993716962695486280815714901838036251046583540018921341581789851515112221440513909090029045019994975685644454446863126120715044367745478620832198372327461385864457789 +/- 6.88e-676]*im
8; 4; 2; 6; 6; 1; 1; 6; 1; 2; [0.136359953031827859217387076450958475637766902563020650094155120379089260303248592158179225929049572336693648624135846043547622714298298075754868622312315041728705881087377312334042774630497736930025728546005391355712626868631243263936212335463774537610694988348571976027584444405899050257574644172188874312363791933116364049873234372479075661175348467568965843539611166565169256170157990677504218633455282251470055879830820414891637121778967146461523583189554702761617059161907307034770409762365110678099864800624660475571014889754771325387001744479399890168464644594853168227095970878567155843238278005175552231564450033341234733946597975415172022782953164054958291240986654 +/- 2.20e-676] + [0.0951970512051910041993045965738417308726005690865203395090204524641487775379102943602589608281237464478579757465681944984877775447227770851299108279183911576763206251894059740060561493204395159319708028792428834987778783934748213682076003675103238101062190218696704906380496240533379361736701885265894152160664694417342035162511873501986810338427890704251748785072056979175600612273261143657685273268279273933026793145993255895504735667579130045526252998909346174850428175177955603336331040038302123896282681691059467132924783646671261362298715875995090648832387569931776688400449851941400036777525533568072237884067080564038530984619301339003977748221457053683978009786748055 +/- 7.61e-677]*im
8; 4; 2; 6; 9; 1; 1; 12; 1; 1; [0.600895485031686884350107433030001446020524470406646277123325881220945593124168957018215579839410418667877227343476532709899318990836763225161822956659672374592483279713926939402551078611898552518659312575064654491078147488368307867986672381869715174676265329771302451049726241199287927782111297056913162519709608851885912581222421660721635949602885628947785926718416824019202112464888493380444994085470372807987521621587253989359291407525249329222719297387930457628860686916391781297305762658242439689639319207532455830373416586692344831225621101804576478151042382630356294843234185996127404860672562848517785807848129255105499858138594131884414687552883347958044753243193445 +/- 2.95e-676] + [0.115706437653096377207897270906273948691476660151977108609370089889072137936066101277075249350431988955927438707849819167695901535158827762974741162068158573321225714870806358041265899351152725086770820025690435338865371862211138683189327137877748379130914920436418451250448304760007231384120460773073379727246174591150555626651374232039593921141181161396298142006632531344766146565912315002972308037710364600552784525213517782970422456819222977202235540216382625762211703948583681636416797145645573481279935432171801651338122061266798210685325384967262448708897303321940473643041307152828856495989216758270325904731714370233584413995055772913652916551825232002735945704965618 +/- 5.97e-676]*im
8; 4; 2; 6; 2; 1; 1; 9; 1; 1; [0.475252514894339486634871073719511953601616377299459623593089082338132145708241782454183900557205186898441428142209051514918490281737815239772708829191607143046681331705388496205888861060367083484706471085675344919018283074269431574025484241722017908362013501223650892217776849219284727023506941095990088493874239546050789020687411453712646050819202164656570520926704481465273962474796687070023233994135043266587938475621354869818374521628249407171510427762309606521887742885937551495347360990661504798566213547634366220495614507277589853239039764799310226100450177764775266743137080398431393056615973940937606860816247080959928298509569187511403299569968767997282560491369118 +/- 4.09e-676] + [0.0040587254675703661513440274258235277213186210726382346468849444876660905709517572286454911355612035204494301561996794031222465586929206361263444971248483160368759859960506140707489947978103443884295012303902511301622698466160607466023991772231968046700915240876803769236286034889745456516875285251763766921839549702987934723870025815532909634928765743357161026244811538788695862854936922017763662886324873551748614811066902350008481674042602138816132840639814255975019948954853947965707926944371916795559388281603449928687293282823233210157856916410950162200095440284860615397865458633265194432001572991180560623309242351780174825926491340829961153649975078986257302658954718 +/- 9.76e-677]*im
8; 4; 2; 6; 4; 1; 1; 4; 1; 1; [0.0162825363331948159835785467327442810056247272141126488937264901074885680134452154467587259428675739342412319990119860365524679297098915748032312402337062803625429463951186219358633800869542314885648097931620705905774586328566753466747924837772992136915823228022966793501990981708665414225459811632418774830857330823753233843486589694154487911292227097236236292986809518281283521206064499356252172726683146910472728088053218514001690506636097882131319954224065735133232366381897790137300395040036638861769291733970443474538700469343012416506115731018618696155050383742605712270137072989965277270775868324717221912094040330995377426772624397044914835209395105085456190825897881 +/- 5.43e-677] + [-0.1480422756942492606203159154925043133622346160921625437268070660641116843066183565734371250733374868051016469274026961237928441465265313526722924388435002791485763761765768995193361004837638803125480335050155178713953197446798011348755310888720164101728640235050357233599823330812692307120531694267847145051117626286339490863908613859295165123724524595871111331549953609851606079560234701045299150387474558828390170067691138886097705559608989200655913925031189304189188111527481208133208794746378684645772590878819306073764493464322047722863148809226014919525585058901010845308402925410190851771871179587920664998805001230828165506371119940927275511105594877483177204980865033 +/- 6.42e-677]*im
8; 4; 2; 6; 11; 1; 1; 11; 1; 1; [0.247025483388532992698174551917680209154347777123679430421585808395725229564375107861382973312153273427065377564679793832024428455771347881215388694189002898338863718557931234698633145748545065429665651803828976848437746880303513317201541299614275175454524157015268533879055028858269156567008250128164265700648554203566537570397059282346742758392474741629762603804572180502248652285381580591644021651053256969700995398229839875612966537973183018099814671051434560039126349729282686455382378126861936297281703804519371333255731770636520011650652223906352620655066876550364046699035242166919365223482736695675149036008955411455797971528478711773611164186748371357894521070211188 +/- 7.52e-676] + [-1.453172267106230335758516321500894085892481807421823395348176465251651608235621342423991766433108951202811130358314787978532198237832575768579153155855732305563099714856293555400191451928651252147212446632820241991169294456042146225835209493239735692599729201029745369192730151101928181111431630886450210935290065703786531366482796135383254544117363191300843458609071849875816532610789137605005325764263564460028544103645591930700419084368581731622316516119782321642607650168323829899110365002169829225267093932131030467109012957555906200991256742937245046632916954595754097316187821594955539322930276165145207674232883630855603625887355948528071573494697419688336210597276675 +/- 6.70e-676]*im
8; 4; 2; 6; 6; 1; 1; 9; 1; 1; [24.10860690561913181037818347748611432762087012570622682584946923180104674705565381690771027720630798609304976586641026101727176627351368093293569923256525317689683280845784188938949015508546332208598161791182440221721139198359092601383267242453969440785969752044736493893482270834298751980610565662188282202433639823706030827211487221999784004129891812178008402676815138886646532383703005384305249480747524165357145274933735411060279628619623971252080877980050434744769065180450608365823734384150066328088232513062414824993502657718261983669830667607779848363399656621085903859529389181170990875238258842064048449234383458518146685590248860765742495274626468786884785035859202 +/- 2.26e-675] + [-9.85256212722477696107589134854113239433120740696053987732728582512555621474895603918641882082827971018672066793835672340396054726700979475097155125985769713324364395557205181775864475128779850523092843059344733632393160794793228464034329889609746124160243609337332317232257171579564690069756541286713904412871811344635016966923532603507750158846953506123452845882707802613961832040518401584652583029855574646459269118939174939175040671158478603462455651301647045236961612109238534341266763342308258242553038932330955721150199176973420988844313871076851133822370226206554792412284073954150290342173405783079994206920842909808743060925516973556621063765151497355468468775674944 +/- 6.12e-675]*im
8; 4; 2; 6; 3; 1; 1; 5; 1; 1; [-5.22454428692344106427510586134674963718651304411718244263697919243508864248194871461942920781158217092100091003300072842662847343743011077261161217329268649867261936112182345237900487012898239876269680734581815011194016963464058819681614850652327975701512169725393591844456161687239179173638278087612549213880549615211586790023275257293630762752350480836866601367333549371821516679721673240591721575662514330891964961328094837714249423660395680641568024999264162720602612349376459438251550786888284345258358785064999005978591362762158276823605284368761285936235461127808854999105734832181630019181371198726058620892352920775999255548246774777795318339181537502871085416476139 +/- 3.02e-675] + [0.73385540056922369640453856833930209275411547716764864916332893845483055461265790384152838102943404184422034687912701560472286543617026239538899773827681291447781946508248171064684245751944867438777094781794955743461067329676074331571435594447750176724756620831705435423436880381278621695165855579078059259244464572412542075294731701745105578289708731758544833624535484890541831062764536115945426201309270810646350739536561279040628313117786687367298874735629923484780891089069090297745666864017011233742646030481067170413791094661862929465331058119988553475884659864388629745796105833637666305973300981672986552043217287877132829669337524998767046364619641697870172499424454 +/- 1.95e-675]*im
8; 4; 2; 6; 10; 1; 1; 6; 1; 2; [-7.71803053604504711615573698074446687286871535263003605114731950225950453596812474787081078064478524554963925642644066269742742160223864462089215169698041686372751845512719587108415706088051391242069956071792641091385658890334409845676435497121007763535871646194260871012291829671922835723150574295155857191349876703537261422603778866206739647401532677586599916766234740877519308892446584028585267284862553164075758671010456985357578368778117342682578854323304488577788362108381363326305975076616486532439267641402015760727175589125505662666257729448756796848975029191423503924511394359607648526674950329713670256052813553260724192543641884587887279799541380142294008476382274 +/- 1.96e-675] + [0.65660479793875425492498380914993543475903885258570745760894872186586986981282629834477546031394767398872777803943251397315805403310691514427650468189379685046022971555041204743136831420642970657809424523800167012414858808428054566474595626936068646536908562261063407832274332583143829362483880672971263240983464829841343107642991318552541142746789628965382918471336071092194328096067679855611708202995936045539349397064366512503267885638209659185670618877094841264598146951473932121121860602055232812701174360306460246863750743844381398413124866935027100087411576709716532886157293964789712761728070760205488633949390656582259822942969690210804188952407348927112760626169409 +/- 5.14e-675]*im
8; 4; 2; 6; 10; 1; 1; 9; 1; 1; [-0.624701311884385272543429598309757219390387308231236903165485982790798191458434464673043295551650271306569414008623598262013136778559722149903558466383165824004964224117758629114525037597828553236159890244813947157908506600248535481801463296260512692990143356050515983333462061621091677823998100676079032370558078961022500287085288683098231907674407862363040674362622883073226372277728401432669961921400978682026966829792055591065649364239803141765234978454234389990201936503507179201840519943119689052287225281626403700112492753881513007398693771179946151334769653108352196394262344533440276702669009150234042692863356633606976116577349462707628100649041013632482646668365076 +/- 5.42e-676] + [-0.114905176083766283849531663572771132296039906081598740663931590879182181492396662108062330594870301814533117500079542285148757541424280841943668494033280840645017259249699046254829721513238819742125749825454383391000655593349820010215250161488230981359104758976094608217940901578369687401834493927910345914244554916949345408422800923574852458270517191410978735965227707901367064178796241491408694016220590313673848650537282254222601192853438499448969749070033777222703415163407549045123811461101209448850513948387275464799108553542402867971518443760635741569783406473120443691559690726924475782735300642122900577659986985370269354060188176476767077010155313825160795411589325 +/- 1.42e-676]*im
8; 4; 2; 6; 4; 1; 1; 3; 1; 1; [0.014435094085476040671711041578552530357318189145267995637375678376131113763011604370144348556190765808596029745060792029310260711283558660909138280389883228867821439805989964720666710723021979942915072357261516748920030234604592479909633704869424999698243583532803830557166137432376572879889767707875290326513230439772040283382181943671032489765032605864897365493514500347728237930953995555690375541498406187523217552061924619600278375769347471754066004218961298725863762022470372104781194822248491082883351497257165791564054596671935055267095046438297213959548652582175914286988696921860594447972931458570042584325309836667869919379616877651869334112398824221449819295176092 +/- 7.74e-676] + [0.043831188243516401970958731456622247679351673441880758154280871943102870679420036649531363415772203821503408650743146880547763747807634851698095516635145286573645694140851288486011496069169040694613110611535571502216135213371802178836114536782760860659625240140498163354992877981372669613364356310339288977657460111345096213485731003729033407169195172896341320354374027799988627072809811924868850942208653963743521596376321962881189230520056875358420146406858383011553195718550676034807787304520031837587697265659349049618973084788094871661978210572721619477005834797676985821816820923315648463830783763173082367382722635178025017202869494764651416999150509830693461257160645 +/- 2.28e-676]*im
8; 4; 2; 6; 4; 1; 2; 6; 1; 2; [-0.313124799239340123981260945784145878498842026988610972608102440340930945933563584764109730530238251481208913835613444382108784735128195541595102125211517775321610415537780514464331138615909793261640316606435485489859900006372836813313533391193739078461042233797695722008414095820730347037497399460690580097230317034257635858328589776272526118988314030508847528370562827495040695072506624990376799730482872364930223305457099740849204927078948015313313862706605785592612941746549831326428198252459748094986446249669503725406496450326065209275065304461966380822346157487350932841893464281559142353693205621358095219891513085633865266923237126862186178482539812302805199138398863 +/- 8.16e-676] + [-5.834187151699261617792187848703595667703955809209398864656136622980405587299532176743450966649852733538760762119802112308894015027813783314947433928459562381488650504722470721149466051244473870981055581725939509062292066248421218330109384057168098238139262220892747509874953887663255057081101617607915536348135130098358275884225084258665557696910860266596066198910440779778260524487969224381581447136771876766232403138258817943404066465964301356408345643529531916310954419477263385796315219069161938836020908719618078989413640725377278629206974547738525904075941322575668510953673507173788414827671016104927051818170798802161544032578946649771797060617703582049961147306058490 +/- 8.20e-676]*im
8; 4; 2; 6; 11; 1; 1; 5; 1; 1; [3.01123082819672678137246589982177701484701896619748769549046152986761775896622690976835955815180436008602802922698670166095503695134041155921946042057915900006038959814105742529834682084881339160137721948795568272936146477709228922871492793421834350627738836948722385217131269370570964733065948876741028188279274253610349048783747199443858078702819651817505736379051681862555434820438975647401906655926058512281003592006719467284021297213905861651462248497908431747915870625666071975897419662547945934376814431047535467279718278224530115431349058425635212303755401775707408500198670390872888449850014863529235352952534350729426878541673536634993069473486112412422766208411672 +/- 1.73e-675] + [0.01546604056017199487038029404091735082711759874714020326228535195642390312644598303322481267869365483599716882513778280699960000815547196853404998299104414622839848947493811682771305489708130705367978486081757472485543823336290619791156588690641379313572025817997489398479305306399842928242462746619370995804096763012726062804977741000468334486037631352519728877201363029162909236954432395545312051684410523928691321250792321903570013845337618419553016573112982118768895318993018625789176307849817329872720401342885901814390412871403783285509246819991348601270478422339342797119211469818120652685771778054088065064647137209236624309267982484041694797382446341705961671462800 +/- 9.16e-676]*im
8; 4; 2; 6; 8; 1; 1; 11; 1; 1; [-0.180806380609281219421386072028146928392999796904082571350444191342735693272187334928989105069560042632276587283409121670711423039941214344150601828322332591657542198341603912956581065158342144154186932888031366610614285804943533171051608773255305549631162569236181299678789374936724974045603243772080195433210055261953738964102905620876017988151747991720507056522907187181441540325923398829361508394575789151992862985446325696167043528682353147327164157717793849609828817595862314404398757837236831433749069340283026218472383631442332945842823443228430929886432417702646388555804964119117606934760129737434685993707157007685775056741920651801481660483260757617963651379975321 +/- 8.03e-676] + [-2.480375418148767493572255520861053113097010777794798682866687086817567960842650759276711108360344835410188313857827129116618477280191062421457994519566561470815946656794784762068230183294150043615030918715937595039884349794036798467040109221876105153704175762320603473128113147284169249935090066150634058830396881745905704192385756238049671766265933070732418494547036240677616939305728633853306236294949563972233173264715421208958146475585820017795544585646495313743212939240112055217688627692773642512557580615265855578641988630676272317963744654540991562504761057466771099109782361341433821397445325339439469494007761376833008417081591900567503151960705147705124875986825376 +/- 7.83e-676]*im
8; 4; 2; 6; 5; 1; 1; 6; 1; 2; [-0.402567282874863228178316045958684688250889072159082738474062119130789928800793797811240440842489495152572427509724990911749386911383240147296593933533700495791384424814280076600908170607663142566800544004573947382875942945273355291107010495785739534730848092894367139129926156392768475854005134171678880624334963231867109240662303363956269377840213055085460852833356810317694391775119484056639169111402295977881525057746965814740121794346877733471606981312652124433336101454729165013440209463925186518763601687910298027103485110654000915409692621719210452146733850899636217137233251203580987599889144578292815357688865430951148273694817076396793001329142444698807397605109321 +/- 5.29e-676] + [-0.360802445716834622817199935799648909764192327075717900971800917385445638136061825276956667614984221106917461783355055517900506144708106407866458819529867322618664530959545353656359839951868868813341344088966751550710626935365763450953392463306346516495247522953656673558080014019158505765816965478524530679142472938490057980679303783046152404018946413047774088809608374376522694955842664766227370642941640435679278882273162864199021934591310536690960139729926600924263456849429428176000691017895602670584608144874313977952800647676366068426260525706959823176516895872115442698842611843203705290506708186120352162280140443692832151241213205482503704594151961507947639089418456 +/- 3.62e-676]*im
8; 4; 2; 6; 12; 1; 1; 6; 1; 1; [-14.80438853136417284056469843967569232188712050139605588283380113698908023844438089829397004807725784246733559460073877245858285526670042990690105557396269826544905535147927862336648641092050030724163734342438498842710266242138303345137782365401268582476828544524447050437651244153186417647419452150673306152471817736500951940059317241284029491301804330216882898977351674248499769222079735866418655757233320543839190498147644505661807349747339431158695036861888644552926413838062138619992227348221828611657498835029319894921243960576458092061833752114080929259933912989582028543688164534317614208383673907771938818837412118416883043034182829927875884328126648475766311027262823 +/- 4.10e-675] + [-2.33260891389348726070041268271454668412887936461160281658322110292043311817985606680920643834043386025990342744115973136349069263805628191415461330613950070998951931758165835058199169611199219802085838315576285654936852792570391077329679522490878533090580547110279283776587322423874254871468617772234298371148435967375203210068815644616156648209466264632662342525672242945484847294815588818866001566677358363302764425425937433645011376220997655131066997094693266579299893240047502310815672631316445595453097036288090133183168085576221150359214383746623155954325489008755214018119530083554751935283184740136088599902779920828406510070225272685930557490024250167207157744193489 +/- 3.00e-675]*im
8; 4; 2; 6; 4; 1; 2; 9; 1; 1; [-0.009849731820779656581976578022455906556741273467613994737741817034373334633316884556143812689301135765132023796990107005783667704266873712095232420011535219587376695855622059245085721947190380248570665971033086058327805721683123518836135523166240807746638228008972001495019758374996524837226166370947452192197132983460498208593166525333711522152441021462840168052295379604196726715491543680316955930945260347035282633845052381609064321615881373341484127732397894687607630154268217515324341047828307213881762539017499507566914607946328645034586780356777075039131142163914142558065979562100264020327300206607468961650074463607272597613422920226306765161622749808458541754538261 +/- 4.89e-676] + [-0.027488112728546579403231190595493894151557615796103491617303556964265192966387244417297412824950206938779188764293928166577211595253841191853813033311644373619219340571861596715072531735605056486359260347278904223693891753246663376776353929820010539096835531491444511772945770924348510006035352590189151938043373897530927829509086799659982047251847162733886024847968837760372720041024028650566279160403157676496682673623702478865686550616468182524102082270032510497139389516784142744795509496146698830139359278727453653733778167527578763860111725943008296402390020873321498043254718071919928272745273323627775927102499967877100079178098898406200840096316403276838806795105704 +/- 4.22e-676]*im
8; 4; 2; 6; 9; 1; 1; 6; 1; 1; [-17.4293649108643380388185201623508889214354043823420829263236467358281312247554573865221522294532787562578655270261517901318280389731865279552982766597899037507568908128928181076388459641337471368257276953290584864879591755938109100082573014476504673553381338812173759530177041146918543591259561755372020770033538015925214414562692334601724090471351501138882403094990465576740224173341886195989035275714082340135598676783435408229962109569348610886993340918092502770461824483426204963897353353685284185532009032149339000881916766644723582769847075691059511182459208961741442229649676772188097665448259808951396739932765433412332605580910489927910192373157053857807793373218795 +/- 3.09e-674] + [21.04564384118884518800813764670592289171748752007171913034381429495211523482859182822082815609449284712322347752808872403196461958102037383249829268021382809282681233448357433627968901418242665597405198348444710567822086675478363855752065251370831637594064019416392067925987470616878441879263175487225577171274259101565007112445154514701394717080840327717425883669452931237996070108041580727170775203761758797640605399094091399302798796896456608671752980076224289450123223670218918697755501494333461913043701561133285774602315532367829849764542866735819355444009026553300202857349046614221030011407409878961017751671442379884347272567340222227137636687514795536511642468181498 +/- 8.86e-675]*im
8; 4; 2; 6; 3; 1; 1; 2; 1; 1; [3.90788643340278266843993288158351661215811693415289792241201181252930984176884808804267407768281606645695102244577245980555321006130480872404205970004279483377275568550991787941822975149856014525223794598404631827346321015835411927510199177432574493689163403376148375410351035628755105314017883392286862922773478265624971868176378615875495580761244435072949953424546342977653288432051698637281478175137005838068595289148132816719767819100689013897861292955415906323041813672557701216100638470140232980178543304108664434231007664388992775063317471961847433241435358566654619360914967412807116101265222356232951907411437237820468827788855562106921505298991905645319676270760871 +/- 3.65e-675] + [0.56743832229770479109445488276952732387056211221968363087884130775342329791804522617608506883706344287381974588089866659636401494444816901243835523216444292638266628430086165695517309826892160083585564351824767695976752804629362870840855870277460583932420731066597325158575191795999136571058316302573825760158618469173661120863427281038096875442266313853492021071442071881118837662234190692697816352928525741032214791262739292351063432837839403091566900288876695580524705540314356922267743986761138241180033783383026100822282978431077694917069201930788313144754694628307395175536373613303991060831634554946093978257707792430940940030771423262236138327849414591577787514665065 +/- 3.96e-675]*im
8; 4; 2; 6; 8; 1; 1; 5; 1; 1; [2.86622173083054000724895901889735946098575681311002234011503142915741584725752192309161341853955834921890922455700129648657827290465364828581428352071231908014766438263326914768376641873499575236018155934931627428298828307420549183612321396409034260888597960710230636169937865111411884463813917478915041668684162477391499319337111351964319541810759457787269168894553575066199042042536238676164924973444299827730596404996759085631282531805820123944080088960762817470551648142824571667913525957916282979470987552702616033679921408283531269536295504090313550756148027544696834219544404007666145041172840120486603194172063699027574074116432851322904290951361261084978841814056589 +/- 5.30e-675] + [-1.079056717292551608649444529357453710558892589938666123817485195150974031661889874316612825103914985829815550738397723251233318213470334442303881199014546568762429463926547572753331597452760922796533220418253760762353749122922446794142506010196745083643728240162657796742659649765748541333111290307805506454978009852963302085362026657919732714003207397966895250508209957868506294903897287901110050876928426305853899792291609305634309940286182028478146500047784724209434067248602737137873637013237065021797214063317118650310851801728240297831650254256401082259624679320762282032276649692967715139313717711050094976482151181399883228765400476239837387433809504654949901271942245 +/- 9.07e-676]*im
8; 4; 2; 6; 5; 1; 1; 9; 1; 1; [336.9579087200531050478477745783138219220842258389196589001879234893364758102801517592814676816663791583931811461806739701662550151134534788853986795595173875500185714197547997399220176225373419646333417837667588665988535280201799177444420816194396347607831877810875681164807646206629079958769705688878843244138765914714446822158017175166571519715616240311357433761413710162119531259410227777961566889910686786863575941529755383962525626396533186505648049552451192630139962694094985163705850882930968312613730050273148085848809278837436887184809190347841400826395482692249945006302155114824305609316636764631952278182464531003913291544477801698574167352845627136428506214090792 +/- 5.93e-674] + [36.1538204166983169233803150969457973197998732396576756337766640212854157874609657006060385143910434898704516166254552660810117578850785699735262312927804494584351139694508655414780265347923803338361611388258930732148784652460661061901759378600492827579512932663419883190933483524497450813267320730109469550653007637984055190694107125704567595024864241759208842238945722223249974949706737843349128717398446016702540691773444838305153142980273567443391290766837784003496962928805550227073093267624883273890610388179261213824288434741781079509355992364947948664446572514422208978140365013249598269831496092587054489554527866736550557477567960295760256636691953552395970561890999 +/- 1.70e-674]*im
8; 4; 2; 6; 7; 1; 1; 6; 1; 2; [20.80495602448690827107622059022532900346586918882069072182144961959211376846927047746470863228131946381827856210661890608343767587607907658398484881063532962395793305577986730844586847553857734657356920465836582788484625370729706885045285520376337850605582896431223357539146377060367261409351902752006684099286054305400534423219850853122622703345929774740928628655237026325199498503749646307290283571972714738379969127674408194992577778074032518062370890867939161938385465379647529717092940696518797234314115192214026370499778311226544039145155755137144214089148024623436605952142538108372494079296101351025986267195590205220126087140407878551674364063072733483865358597688615 +/- 6.52e-675] + [1.23572131581418161739588630439947505125440277822807283849293443770118745994241623316201480110222977059415983967904100691003222939078031425960557875748135574886818423774489951935074046346063309407699681370473381080175241090923999103666411027230034023197363165025848094510071373048606326579003504542045107189948809855668934147648846639748485088193461214444530457894302759005380124974619117021348903267334424409622043753588225395872226364004036633517390022244820012392691126996701307837743530767049249480842732393345075206500748446513526084097511264585558918506779917843865026579573236915999525135011560292967995047020559363686567480206195055308002455961581656990839143957091289 +/- 5.10e-675]*im
8; 4; 2; 6; 7; 1; 1; 9; 1; 1; [-21.85890835183882932098368327538349078824540497542861726896716887800281585190179584043374879470209309653008611107892522082955281772776931824189179132924742952837261662949536175583288314464672381409174146228053636303554552278385454139872122688860426522232430312900398695600135270902938639403333282449168807334232903252411733966314647041270991881443124688749854991034728286841020308812599317563028027436397481915048207211294468828301132542994654803090759213747169278159447337362473551486611458377826211481158896280722351650374116378669754200215188603607392042694117727056667102191209987872822746077226750667015907965078594181465776974531854177183149873800940390278317377755324852 +/- 2.33e-675] + [9.43853381476746089527805979363283934236464884174307165534675124795496746530620618140442432320233302220643457360430594840255852577969384816026737885887305933775496282963680893438740099490884441153618789631653952031525701352185793820946002145449425657947164801456787363940584830644240511592136321779819562332129585880438563972408684131870117252444338779958117689205342959058529909789217202055319850762801761511103039538591237445078287147683448115745369015396346930603583104154574681540358871377350685442987201692804775149214677886924515242029907115780254199055688007295751489994876314584302941927284912279982059143812081169682030503402303429376284947608191031781168176913207921 +/- 5.48e-675]*im
8; 4; 2; 6; 3; 1; 1; 10; 1; 1; [6.87213959011447414859559246849231715584590093121545400027849267098487525331405456771775035138337029569312693924455267192701585881635471922058608061476310064699773222106503960609363540302125974690419153340652255609069902222954999070938740991025864705991722880974312410042283925457051153131920869106059576456451838126179768354061618819971318821046991820587269429550919861695484806342529843455071818595490641209445535134181952333394703280827284280681230479260096510820069426959076030046077845382214447424322907475519057785455805786778814285397091531994572180458477659471447861961158628171327033839219396807686966208967955388933187166207191046588589439453025976383475025588215525 +/- 4.56e-675] + [-3.64358170813102688781005904581729519121122608489424507464680804614282459295867248955346241493781180949111957542237399782617496294838242247937786337464812032793003136988720586433288155661217976772712288644527454377172340294976575939126648666900466705843324163663290330931014884762685416004631005593290931123393082618181647112425470933120853392100315079288411252437485647265072747074285034795141488976851878030855556915364008203490082612819913965337067544504752144989195840217685321208826863891398046781245453519797191427427656327185452512068976973191272986396655404575218376854514754998032920089807709149044435838275912601523044607688406553606125825237592042601614464408465831 +/- 5.60e-675]*im
8; 4; 2; 6; 11; 1; 1; 2; 1; 1; [-1.280016506808406394474173622066687669870372309904458525683123358610449371890539409016978834252310393846197972880479647562644729494586790944328439332104201158673564502840035001915698668705900907289707920639684308723022454686471957625597628526868040246135279920994325153424670096487124758878533740675911572685766198102056158630322373600605537215011418380612521171029607657248917121141567463540105441303554174293799184979329389266859786243845023639776612265962818739470929348772434229880682351266662833218100492597995905840786241188601473174521482142524225473972198209972122978549843782204041800606788283983117682737947377781565669593913830255409175843017654686846429756343781255 +/- 5.65e-676] + [-0.314797942603563735848041338097519935130878828690423473230212177735875683260777842228886555297347496873177205748195040885241105509505369949568500093317555578956206165313558931793855032186824649031747918827688566635365961505505771449100570589374657163801229415954475775453394696155535619154247753219956459258426213882798285982243137996389932096982467331208395149546430362435012929967791864019814771227820221746545996796949422420199964278317658201584781676071277076476931116045546974490348076443846386142774713792670839955222465433233312084596933192038981626834893562441098611620639389473431749209651319290365947078838428995577718813448496111168134929054497733105971645487126630 +/- 2.64e-676]*im
8; 4; 2; 6; 3; 1; 1; 8; 1; 1; [-1.64052079324712464849648590697740778020259951319776494068944147045473381311190267901357778470812311439017792389325827062251300672804182672885849263111113817539899037941096976199014597761050972559735612804799963973489693299864940427024489822911701669199329289826600315090284222082505334386793568146954618311310707142430629371263204977413691404822607713749485984406257244483066361800716087440712311095774563417525741160217739214276909281119529786218833251387710945782322907363993398852392834686377231634143446050198670809104342892562791666969307599060173441161990097585370563760503652132923561966215452997450042163004032557016953197500174429652080252147496179193580557428367215 +/- 3.74e-675] + [-3.25532861703169551149613279439768738426658327262134292079881728776788781321260990560678294376037960094152259700256584310011527974793843114995304919200220170051778205725410502395144725605665947149369950078540789520233663557651169718369364025930609967212974211747939726633479551479284973658262594738828908468408147588555617317117486281995660320595678113896715295687292403502053667680983204868154787754745801539733021602317031869212030790394344738243972846152669891319134326501916727759142903432538642683173879356654425003370901605632243749633914625946061213586840583661759630688543232827124549609766962411701261803801876547106488701513244833862406762484036918936669989722549416 +/- 3.22e-675]*im
8; 4; 2; 6; 2; 1; 1; 7; 1; 1; [-0.424079217307882816923100541541602255815925893618296118527980984331167476509808063754061443129006807614676035837951724435235207809567444817483588159883963458425512357528420477701872532194355129934944868128076156974111467792455741729204471893686424851639802573706477055643251278485749599224351921104767382311918429794518860648864757525948350561037486438491030952243330093994412675441577545936168434305624090648117252826520803153732265887186619932554062207894702825905126929301830572831180585442494224765243427547863506350687710392357822512919891773937135267286344850506463850488375000121139482470117748129864701964721078566436677723161799197313662872085672857944579566504009645 +/- 6.67e-676] + [1.111349903174073805056755974610856636130649947567744728793019491474993828290541269878807359970043548367041124020136905422038813746225169770676767634802824725530715276684523859337031799732380831180970884009338659029486455232334111301446747101281458500370817448406485605030369770067236815188988565030746365802027936481159614532503387974437783393063595228241450751749815444121073713312384154866461398805427237467468188549191411798774477848290785875747826735689542107597156298041073295885459181381707987692725355376336661813961452172759124750636974018925656388221342548781456400060788570746093933751707243351715593522836140349616625993188364025961935211366532443962196480019520749 +/- 5.59e-676]*im
8; 4; 2; 6; 12; 1; 1; 4; 1; 1; [0.0357977159494318373981117266565354585840655074659981293282183007578741605070038615461771632683199673490358301633316940619655246652907047672475333871009427447530958808510154937893507244670197842080581482358370668555880463928003634939949011436990438405326050725949869727352743180272840419363159989593562231027765898052678521155704553157427919724281752453095625779831715340186032708747968835282529705081073403851561700046363742150346335815082106980349691737279152443175688355859945245972654888824498649224635694841574489661604917178681937838793402528054016790106925186293203447695619074407012419122353765616093513370380741274249677534521873646250267450899893564739890484737829283 +/- 6.61e-677] + [0.0230539549558806776390480126097537056032120593996810367695122218706240979032753796118995859742725837545272803656326383256684266560013671940407570804679165664467984495125460189276035213090730207666421260979323893430259542017071943891617967198836447957789683633183967003069922436084000612221948019437931011073998048294912642003170915462598314086910878814139674534358369696735641303757380783908748121239908288500053459854656997672976146324875798826950111768369071519685869536043154900802746756520107902061799547254698846742757128723008222670318786378164840738829346396339842139291681299542946329020278241167582859021216609456600503465676986726273922030349165266019489582986836958 +/- 7.58e-677]*im
8; 4; 2; 6; 11; 1; 1; 10; 1; 1; [-2.489108239131269299500876023224930683870674344770822748112194502343459780135521645705595337440164204347910238527740963037946109316359577943613539160560579933697786062944634284264762393448091785298137737471295493210123982619468892963005677017183334850176651361097419622429125641198990523901630874341801745603679899875739636041262842375593871131077493238779414687522945086104637118537722809114384037780432546011403160017870892705827097579454584114442842980619683286815805584020325241533041792936910858432312751180761683816371610765178230136749478104252457769240237268624558645747463631548822139205257123048115383584306073315739340923434289122623189107720667243317522286232117442 +/- 7.01e-676] + [1.024790832349296251983699911391064486728698420502833598406661007149456256557804906106298702736237634173961026008670775384116172885559318404698818639545053619580621806335766140612196000021667328804233556535046389430500575153253264771047930740072709410804442406854163676276808615138197256349091660672171960189377423167106562244448790949269878771887840131170859554539721992776041832469509116880320070389075781584508019168891030307911571218233413788173158084634000035995922314232101170193876005366281898159173868754050276784014098998516818303490363903535130154031631213867440386704435734208774613267369049907106855492812249826285156709816131045764975323848585636367528022031481938 +/- 4.15e-676]*im
8; 4; 2; 6; 8; 1; 1; 2; 1; 1; [-1.710956562964162134626139536783167763449968278861527487064785746871837828629590259664054901670381151568112472429070896635230522031145157636040166150308358330901418585578948665965383793528506189752518964134538602496560293263579082648287404436127982168728070281534851641150548876816605029675956431212008319100497714679910851329872819237882923488659316121099878530571220769199420000548506060019690139193343198195382380177850347692007245348755869815350330899668551525536050174750746337077071125931803100356146661924825556781461411918603069539889313222013021515891243265488112052334878782603484811330027632395548819849549914918051281472610031593668705819257494865062580026884192591 +/- 1.90e-676] + [+/- 7.88e-677]*im
8; 4; 2; 6; 9; 1; 1; 4; 1; 1; [0.027813197761872356079637361996546312075283438853939642628028980247371633144260252270567682106901892380271764855081013822538515988305023923249281725233625167518277771578212966019169817895806781002542375913869957071735041076249213620181613063843257877450228708203855167286676978292957739380652641266759073703571302294268052125569301474454391312299548729503570700482369150528579291825484392331183895046064523382037182483892507205987847874624643924306090284303026320519060954764254327216840274558192758908578740922072882689529295132918266482915129356971255514838812076854358655433818535114726387634255017466978484605534818545581013208224475339111618929918113595541698463272751916 +/- 4.01e-676] + [-0.1059505663569416858759689416265693910094718812746378449909653790410543157330898313209713629934071999164376086648061530142298499615804867610193086806315179096140257792913001433155508850236711153654740786011254579817973954072354383861136020163792774516553474247833300418588556657316021245563610989995921231899650928439540793943634178910494799833370185119005990385293205982919280053753366744316572105887781641107735871776158143160240060653381404162710866393530044549415262836749341265509512007263369512190377173133652733451143062338249646712283735359164727819702440163133067453165872872184619286593231504215366553759265119534714257126351805453717659265429696777384357578810335895 +/- 4.46e-677]*im
8; 4; 2; 6; 6; 1; 1; 7; 1; 1; [0.906323835247594235357694885834050096822741945045711665362493342887837102812129402612548630728155844138996546589646542787790677216121103090720178086739584161767605140505550900428266956187143932713822310051303478368131699156361649065152712943514086328626166925788081134763054299730289146535273250741286228774615788214654203881601531323568498186369172241410828432735240655170240118545312703579043445453798858836738289845862575737016895422003428206866753505222583218191741474581336296061719863871499157836095904485790193988973788996249163237014833708229657751525094560950715715712187845547854677194343383736767578247218646922542355578178000918290513104214933813431798644366419417 +/- 7.45e-676] + [2.972638901328737910177608173989784759694330533022884893629705807153761293421300483060419226433067240096476679416495553554136905672168209756111129433325615186838900537161867321581522553014602594569523686233612767743039166709592058313502669471702050917130222429974182385449989679552973320423694561076526394285846939149161138963416322237423952042082092133841680819832148888634930234162487803877019934119128984733219272539667637387585901669934474201451122545940918763787354237470349294810451862794095251509020912044306973026450751956558194591212856886857914484182671428501081247943183045377207574065038718961576125061413932557357918761951855032974872087872174212575690708295063967 +/- 7.28e-676]*im
8; 4; 2; 6; 11; 1; 1; 8; 1; 1; [0.85597091978573550530552340671724584373274694161836854926654587803144356207918567209153996119818108770759142183244807207609110532343134598524734126622419251988378275572371102318428250688446334848835419240116390248403226246683542641753083455573056934202227860811272245704327223905219986587316101862251831239740542708659574879099372012090241694200787106933367101753088221340385543831948971184121761493464248271940162892479611557009385407738482127852900935610806947313062677672375305293904708907336440430408998410411797795483988872057090899707921606389192185441044339421504011207404972657798664359203067759137976376248082718703250231817984174153923486782491094529180158887656262 +/- 1.48e-675] + [2.20786641321334439906048893626674542434890398181338940289235604536291332469186695452147075449550187923746087226556966545989979638404002921165362216368924702936849799194957684119287071862156243180234819700086512823296632219883079666739507634607710084477933402202797922997737142223773760152133678179772928476516005802859038306959551349294981974329702410845539205206018563291903306611440630097662652557579430632034075815094778804142188878702436924252338256589752042702780946195595557204583718416781566262685106276069085518610672246390120058489479415539205896089590185711105765632278648341412889430209307544552447407561408197760278716934549790761968711551037802508865026888237838 +/- 2.21e-675]*im
