10; 3; 9; 3; 6; 1; 1; 5; 1; 1; [-3062268//51891775, -1888111763//778376625, 168642289//778376625, 1757094821//778376625, 82553092//259458875, 11300708//59875125, 4487899582//778376625, -38617469//51891775, -1385689699//155675325, 644626978//51891775, 872222617//51891775, -704001479//31135065, -273776738//155675325, 371910346//155675325, 58550705923//778376625, -30863683109//778376625, -9002470007//259458875, 10169558669//778376625, -73148957744//778376625, -173171841802//778376625, 5531021306//31135065, 6542688352//31135065, -26041954322//51891775, -25709738344//155675325, 16205584463//31135065, -97448670718//155675325, 6754573793//11975025, -322356142486//778376625, 64599900081//259458875, -82819805093//778376625, 109735087//778376625, 44554025228//778376625, -73933418776//778376625, 13997634199//155675325, -8492351252//155675325, 2873573221//155675325, -4256952116//155675325, 169110674//6227013, -1128690154//51891775, 34346477//2395005, -1858663122//259458875, 1283925638//778376625, 1429294327//778376625, -921204311//259458875, 2933423888//778376625, -2687096146//778376625, 378944588//155675325, -56408623//51891775]
10; 3; 9; 3; 8; 1; 1; 6; 1; 1; [-645056223//674593075, 723301244//674593075, -2498572711//3372965375, 18239891//259458875, 2062944942//3372965375, -3313259837//3372965375, 3039339542//674593075, -756539047//674593075, -777500923//259458875, 4707012326//674593075, -224863533//26983723, 3135160907//674593075, 1103168902//674593075, 814644158//51891775, -711047462//26983723, 88088242446//3372965375, -121855357198//3372965375, 5548129196//259458875, 53792649692//3372965375, -111566537822//674593075, 5165637084//51891775, 50777401419//3372965375, -4724800198//51891775, 42344091338//134918615, -257627571193//674593075, 233938613137//674593075, -6949702556//26983723, 104654212602//674593075, -220409229277//3372965375, -72922208//259458875, 127242220529//3372965375, -171910345574//3372965375, 28836432084//674593075, -23645923879//674593075, 88703971487//3372965375, -11218397356//674593075, 2247420274//134918615, -9049254792//674593075, 6008737218//674593075, -3054630382//674593075, 738954544//674593075, 3748499958//3372965375, -7380631339//3372965375, 8005689214//3372965375, -6730286174//3372965375, 858899159//674593075, -477181734//674593075, 974447967//3372965375]
10; 3; 9; 3; 3; 1; 1; 4; 1; 1; [101513//258375, -14908//3445, -318112//86125, -723784//86125, 678484//258375, -1892848//258375, -368764//17225, 3732392//258375, 4861472//258375, 430446//17225, 436356//17225, -131708//17225, 4720312//51675, -467296//86125, 1537176//17225, 16283442//86125, 2084668//6625, -64488544//258375, 10510648//258375, 3214766//17225, -126050057//258375, -122569012//258375, -2144238//1325, -5694544//17225, 24105752//17225, -30002406//17225, 138213332//86125, -20754424//17225, 64661076//86125, -26835928//86125, 178111//19875, 3239668//19875, -73602//325, 18058808//86125, -53245016//258375, 821629//17225, -3896708//51675, 1322328//17225, -1075604//17225, 3617152//86125, -375286//17225, 520976//86125, 414392//86125, -2563832//258375, 2801824//258375, -31593//3445, 123788//19875, -1082696//258375]
10; 3; 9; 3; 10; 1; 1; 5; 1; 1; [-435342393//3372965375, 8535585069//3372965375, 749550544//3372965375, 555259889//674593075, 3580455248//3372965375, -10793441676//3372965375, 20834711856//3372965375, -11524473707//3372965375, -29504258647//3372965375, 868108892//674593075, -8172631029//674593075, -2521859381//674593075, -5963114481//674593075, 7431769933//3372965375, -201171095309//3372965375, -17704896869//3372965375, -245205912//3991675, 244754482247//3372965375, 444276741141//3372965375, -30719504302//259458875, 49301230929//259458875, 548339643507//3372965375, 42123731987//674593075, 254922656881//674593075, -378102022471//674593075, 374953613794//674593075, -1500383079216//3372965375, 979751374383//3372965375, -498818914777//3372965375, 21215312944//674593075, 140370525361//3372965375, -225971048752//3372965375, 247635105057//3372965375, -196076713824//3372965375, 182306156261//3372965375, -15556420042//674593075, 17452777904//674593075, -15147894809//674593075, 10831282836//674593075, -31053846156//3372965375, 11379658918//3372965375, 2023493178//3372965375, -1941652088//674593075, 12224601806//3372965375, -10726076152//3372965375, 8060977367//3372965375, -4640097004//3372965375, 2774188626//3372965375]
10; 3; 9; 3; 5; 1; 1; 11; 1; 1; [1085258//220025, 2186708//253875, 1893278//220025, -11753447//3300375, -58824262//3300375, -24713911//1100125, -52023529//3300375, -391792//220025, 1645603//660075, -18216704//660075, -15485657//220025, -1435960//26403, 42417241//660075, -18832036//660075, -378288754//3300375, -9404948//44005, 107451334//1100125, 651186459//1100125, 1139395316//1100125, 1157425003//1100125, 431405//2031, -617493598//660075, -667825304//660075, -3160166//660075, 1985382//3385, -535873139//660075, 518170811//660075, -2049644582//3300375, 19627424//50775, -616246444//3300375, 202791736//3300375, 362985254//3300375, -197250688//3300375, 26794174//220025, -29771208//220025, 11751899//660075, -7529278//220025, 1624158//44005, -6883937//220025, 2893901//132015, -13520484//1100125, 2612434//660075, 4715831//3300375, -4138253//1100125, 19848314//3300375, -12297178//3300375, 2381414//660075, -628903//220025]
10; 3; 9; 3; 12; 1; 1; 9; 1; 1; [7933597//14301625, 1931928//14301625, 2817796//14301625, -5443596//14301625, -14879754//14301625, -53160948//14301625, -1214132//1100125, -64318744//14301625, -55639122//14301625, -1388232//572065, 46194//220025, -17316096//2860325, 375888//2860325, -148886022//14301625, -163321458//14301625, 202434864//14301625, 560636736//14301625, 801425874//14301625, 1762459278//14301625, 644535366//14301625, 950267029//14301625, -54009438//14301625, 63248892//572065, -448369878//2860325, 436370174//2860325, -345009207//2860325, 1113094074//14301625, -556471254//14301625, 119289242//14301625, 191729358//14301625, -257994648//14301625, 390860514//14301625, -230572722//14301625, 222284562//14301625, -99664884//14301625, 314853//44005, -17504382//2860325, 12339786//2860325, -6944388//2860325, 12089664//14301625, 3105291//14301625, -11415058//14301625, 14642358//14301625, -12201168//14301625, 11127444//14301625, -5290042//14301625, 255074//1100125, -117504//14301625]
10; 3; 9; 3; 4; 1; 1; 7; 1; 1; [4541803//13313625, 147844//204825, 13466192//13313625, 2863711//4437875, 8253616//2662725, 3001067//4437875, -27874604//4437875, -16788904//13313625, -29907014//13313625, -6626598//887575, -484838//177515, -12902564//887575, -4334224//887575, -128270596//4437875, -67386244//2662725, -44614204//4437875, 82462109//4437875, -38773556//532545, 154362678//4437875, 873509814//4437875, 1816438654//13313625, 3615106834//13313625, 159976462//887575, -48830372//177515, 732941708//2662725, -197637784//887575, 50023144//341375, -15713716//204825, 244288444//13313625, 82905057//4437875, -103654517//2662725, 179972434//4437875, -108163658//4437875, 131592644//4437875, -11642218//13313625, 11346793//887575, -5960432//532545, 7151284//887575, -4155236//887575, 7841832//4437875, 567616//2662725, -18295976//13313625, 7858137//4437875, -4525424//2662725, 5671884//4437875, -208191//341375, 6246752//13313625, 2600462//13313625]
10; 3; 9; 3; 2; 1; 1; 2; 1; 1; [-3512362634//59436053625, -4825372024//19812017875, -22568194016//59436053625, -8814582149//19812017875, -4853497862//11887210725, 80458236889//59436053625, 22969336636//11887210725, 10097083444//3962403575, 53995100241//19812017875, 10107304668//3962403575, 2336677331//792480715, 227762784//304800275, 85958810836//11887210725, 74947592238//19812017875, 337731615054//19812017875, 227905526542//19812017875, 127794467369//19812017875, -6910956478//11887210725, -3446001306004//59436053625, -248014270736//3962403575, -238970551111//3962403575, -764906368581//19812017875, -208149536812//3962403575, -33421710522//792480715, 1060286122426//11887210725, -390628508783//3962403575, 1691468984734//19812017875, -1184544231978//19812017875, 2075147539538//59436053625, -241102915813//19812017875, -32555563484//11887210725, 2942462792//351692625, -13065038372//792480715, 38772100986//3962403575, -221158153993//19812017875, 13400418927//3962403575, -162044722//36576033, 16551188198//3962403575, -12693767532//3962403575, 3083199508//1524001375, -18204330568//19812017875, 7701770798//59436053625, 7562539967//19812017875, -7025287424//11887210725, 32677511708//59436053625, -494339767//914400825, 217909434//792480715, -4010825493//19812017875]
10; 3; 9; 3; 9; 1; 1; 9; 1; 1; [-3752479//14301625, -21498988//14301625, -43604052//14301625, -50355543//14301625, -3952398//14301625, 83967686//14301625, 15277528//1100125, 22124328//1100125, 309276406//14301625, 49755978//2860325, 49477344//2860325, 2227692//114413, 86008128//2860325, 778933914//14301625, 1372338958//14301625, 1569440922//14301625, 934711503//14301625, -119527914//1100125, -334914902//1100125, -6472894764//14301625, -6301466424//14301625, -3232771706//14301625, 118346538//2860325, -108911046//2860325, 17808598//572065, -51383757//2860325, 166843542//14301625, 40469074//14301625, 24772086//14301625, 119177829//14301625, -149789496//14301625, -131854478//14301625, -337807812//14301625, -20162694//1100125, -153606748//14301625, 4456812//2860325, -3029034//2860325, 347514//572065, -483648//2860325, -384408//14301625, 4243424//14301625, -2302194//14301625, 4062549//14301625, -3728796//14301625, -2287628//14301625, -6122107//14301625, -5407122//14301625, -2406928//14301625]
10; 3; 9; 3; 7; 1; 1; 11; 1; 1; [18147211//14301625, 107139456//14301625, 7896484//1100125, 35112927//2860325, 234556934//14301625, -13968742//14301625, -313255468//14301625, -269796272//14301625, -392213278//14301625, -163176732//2860325, -10157814//220025, -137656536//2860325, -69021184//572065, -1725539646//14301625, -2938107306//14301625, -1021906512//14301625, -63294663//220025, -3986188514//14301625, 6326238202//14301625, 14085154608//14301625, 15645194132//14301625, 24809755718//14301625, 5001769728//2860325, -922964142//2860325, -1645089306//2860325, 557297469//572065, -14722762998//14301625, 12011992002//14301625, -8362033006//14301625, 65801019//220025, -1533480427//14301625, -432158954//14301625, 2418937584//14301625, -1340004414//14301625, 2927229064//14301625, -2679081//220025, 111108562//2860325, -134002494//2860325, 24107028//572065, -449416608//14301625, 267010197//14301625, -114017026//14301625, -668409//2860325, 62043188//14301625, -85348964//14301625, 99705019//14301625, -55346774//14301625, 65445724//14301625]
10; 3; 9; 3; 11; 1; 1; 4; 1; 1; [-608011//1119625, -286092//1119625, 251256//1119625, 3425056//1119625, 7020252//1119625, 13409101//1119625, 3499204//223925, 12296384//1119625, 6848566//1119625, 200718//223925, 285414//223925, 1263828//223925, -1065024//223925, 16322136//1119625, -1290456//86125, -6112542//86125, -210260316//1119625, -286777392//1119625, -397359226//1119625, -70633686//223925, -102437609//1119625, 108132214//1119625, 60029058//223925, 2330664//223925, -38005432//223925, 51318186//223925, -244428612//1119625, 189629616//1119625, -124897788//1119625, 47901792//1119625, -22086981//1119625, -38765758//1119625, 3602106//223925, -39720072//1119625, 635734//21125, -1187763//223925, 2168916//223925, -2312448//223925, 1943724//223925, -6734232//1119625, 3684966//1119625, -1272288//1119625, -659768//1119625, 1119264//1119625, -1950388//1119625, 9089//8957, -1144492//1119625, 720062//1119625]
10; 3; 9; 3; 3; 1; 1; 3; 1; 1; [464//4875, 116//375, 1972//4875, -59//975, 3192//1625, 833//325, -11836//4875, -15388//4875, 171//1625, -1026//325, -101//325, -116//25, -812//195, -11368//1625, -67628//4875, -1508//125, 609//25, -95512//1625, -17338//325, 121422//1625, 327853//4875, 205149//1625, 77654//325, -48856//325, 67396//975, -116//13, -46284//1625, 211816//4875, -220516//4875, 12153//325, -43831//1625, 3306//325, 106//1625, 548//1625, 18527//1625, 1471//325, -104//75, -232//325, 116//65, -3364//1625, 8816//4875, -6496//4875, 31//39, -576//1625, -24//325, 1363//4875, -1096//4875, 607//1625]
10; 3; 9; 3; 6; 1; 1; 2; 1; 1; [-415560053//4572004125, 16009854//1524001375, -856249756//1524001375, -2257114306//4572004125, -101270058//304800275, 3750035044//4572004125, 924306764//914400825, 8922267079//4572004125, 523586488//304800275, -61165402//70338525, -442193123//304800275, 2062219141//914400825, -40636393//914400825, 5063458611//1524001375, 18770538428//4572004125, 100606713463//4572004125, 7709322341//4572004125, -8562346543//914400825, -5365170051//117230875, -40649909998//914400825, -303193745149//4572004125, -982701911//304800275, 52660351469//914400825, 1313263257//304800275, -12015507533//304800275, 15908243099//304800275, -74952961807//1524001375, 174633337219//4572004125, -105137027911//4572004125, 51353384483//4572004125, -118241248//60960055, -29496944222//4572004125, 4507399729//914400825, -46081587352//4572004125, 1711796253//304800275, -385907978//304800275, 2026391134//914400825, -2134239691//914400825, 593566876//304800275, -2038584897//1524001375, 1111095118//1524001375, -949120636//4572004125, -486133007//4572004125, 249412754//914400825, -556724984//1524001375, 229275572//914400825, -407088194//1524001375, 36862859//304800275]
10; 3; 9; 3; 5; 1; 1; 5; 1; 1; [327709443//259458875, 549669413//259458875, 921577009//778376625, 17205784//51891775, 803001776//778376625, -33893822//59875125, -7326365093//778376625, -12728970887//778376625, -11039239423//778376625, -131818934//11975025, -1475345621//51891775, -5721651082//155675325, -1259867658//51891775, -15785629333//259458875, -25656564253//259458875, -45514513009//778376625, 413477509//31135065, 17462717059//778376625, 2261939547//259458875, 152589829273//778376625, 340566980972//778376625, 288862245623//778376625, -963469727//155675325, -2755362061//51891775, 11424909338//155675325, -3889388728//51891775, 43541529398//778376625, -11125654119//259458875, 4267212376//259458875, -552082939//155675325, -3371160148//778376625, 7944618268//778376625, -1241489701//778376625, 7434494252//259458875, 8323825009//778376625, 160742199//51891775, -540422032//155675325, 457408477//155675325, -110607487//51891775, 892646818//778376625, -134645054//259458875, -37466014//259458875, 61397957//155675325, -355382398//778376625, 115140296//259458875, -124778321//778376625, 447606196//778376625, 178722874//778376625]
10; 3; 9; 3; 2; 1; 1; 10; 1; 1; [-21519179//42904875, -58982192//42904875, -81633332//42904875, -4129729//2860325, 99372556//42904875, 9924438//1100125, 561795904//42904875, 237686524//14301625, 54960638//3300375, 36037884//2860325, 37800589//2860325, 36592496//2860325, 67219804//2860325, 538853008//14301625, 2394662732//42904875, 498134914//14301625, -47388487//2860325, -7615672516//42904875, -5115169844//14301625, -5517520798//14301625, -4747482414//14301625, -5881513774//42904875, 112393304//2860325, -209015696//2860325, 687522508//8580975, -189674066//2860325, 698277584//14301625, -1012519624//42904875, 446324816//42904875, 6306561//2860325, -56945441//3300375, -73833252//14301625, -392308074//14301625, -110018132//14301625, -456689582//42904875, 10318556//2860325, -28426492//8580975, 7224344//2860325, -25936//16925, 10323444//14301625, -252269//42904875, -12719944//42904875, 1341133//2860325, -27072668//42904875, 1111828//14301625, -24991087//42904875, -2242772//14301625, -6312842//42904875]
10; 3; 9; 3; 4; 1; 1; 12; 1; 1; [20296726//13313625, 4322096//4437875, 18215576//13313625, 21344296//13313625, -5992656//4437875, -19845691//4437875, -9421664//4437875, -2151128//4437875, -96159214//13313625, -6639648//887575, -4535682//887575, -2745872//177515, -9320392//2662725, -158588072//4437875, -37880416//4437875, -193735392//4437875, -140211352//4437875, 470756136//4437875, 833200526//4437875, 553530374//4437875, 636411768//4437875, 2219602214//13313625, -102172728//887575, -138945512//887575, 50134464//177515, -267587784//887575, 1115103784//4437875, -779437688//4437875, 1249673392//13313625, -143787976//4437875, -35340772//4437875, 196034438//4437875, -161216778//4437875, 194904064//4437875, -264850238//13313625, 9835448//887575, -12155248//887575, 444072//35503, -8337376//887575, 25309784//4437875, -11071728//4437875, 1039312//13313625, 16743712//13313625, -7790752//4437875, 8747548//4437875, -5897753//4437875, 4699824//4437875, -4271918//13313625]
10; 3; 9; 3; 10; 1; 1; 2; 1; 1; [-8320556216//19812017875, -5687828212//19812017875, -8176635712//19812017875, -3325150768//19812017875, -866893338//1524001375, -8754897971//19812017875, 3410536368//3962403575, 30052660828//19812017875, 31798795484//19812017875, 2270093058//792480715, 9949494537//3962403575, 10079672916//3962403575, 930717724//158496143, 133470026826//19812017875, 298076913442//19812017875, 189824346432//19812017875, -234693087432//19812017875, 71786850894//19812017875, -169925542324//19812017875, -180451322868//3962403575, -1175586154123//19812017875, -1657868751184//19812017875, -48470622714//792480715, 27372055722//3962403575, 104204167986//3962403575, -31651662303//792480715, 807957563838//19812017875, -634492519574//19812017875, 440339326366//19812017875, -232236438306//19812017875, 59469161052//19812017875, 43168155548//19812017875, -28787993424//3962403575, 59928426006//19812017875, -172032780722//19812017875, 541913406//792480715, -6486039542//3962403575, 7434975114//3962403575, -1298694504//792480715, 23652704748//19812017875, -13432444924//19812017875, 5448634486//19812017875, 426902234//19812017875, -3876467028//19812017875, 380387036//1524001375, -1106542149//3962403575, 2634243106//19812017875, -3690928442//19812017875]
10; 3; 9; 3; 2; 1; 1; 8; 1; 1; [20754946//42904875, 13166072//14301625, 56227352//42904875, 31305649//14301625, 1583572//1716195, 544718//1716195, 25852256//42904875, -146223704//42904875, -232629119//42904875, -20405484//2860325, -725996//114413, -20059848//2860325, -117564944//8580975, -265543572//14301625, -348350172//14301625, -893457254//14301625, -6079201//84625, 94263316//8580975, 381971216//8580975, 887911568//14301625, 6311948639//42904875, 7461108619//42904875, 313658036//2860325, -752916//44005, -350839844//8580975, 186867082//2860325, -981345596//14301625, 778880124//14301625, -1734424376//42904875, 236568863//14301625, -43672474//8580975, -1151728//660075, 161061904//14301625, -40819836//14301625, 693262277//42904875, -2745636//2860325, 4538668//1716195, -8930212//2860325, 7908528//2860325, -29341376//14301625, 16962989//14301625, -23284016//42904875, -93109//1100125, 2794304//8580975, -3317056//8580975, 19618462//42904875, -8049908//42904875, 14924297//42904875]
10; 3; 9; 3; 8; 1; 1; 4; 1; 1; [2208918//1119625, 1747948//1119625, 228872//86125, 1140657//1119625, 123416//223925, 1160076//223925, -6530364//1119625, -11294432//1119625, -7568163//1119625, -3494646//223925, -73206//8957, -443604//17225, -3649552//223925, -60702828//1119625, -65932948//1119625, -115339041//1119625, 65443083//1119625, 18075256//223925, -7672308//223925, 23427258//86125, 371499287//1119625, 574692723//1119625, 76184334//223925, -18462252//44785, 83132748//223925, -62099532//223925, 183976896//1119625, -81758884//1119625, -4569218//1119625, 47792559//1119625, -11675086//223925, 2349312//44785, -33679998//1119625, 47470836//1119625, 11179089//1119625, 4010541//223925, -49592//3445, 2126412//223925, -1083828//223925, 1243176//1119625, 1287976//1119625, -2712338//1119625, 2894919//1119625, -93476//44785, 332304//223925, -684633//1119625, 642136//1119625, 45393//86125]
10; 3; 9; 3; 11; 1; 1; 3; 1; 1; [13269//21125, 22632//21125, 16156//21125, 11441//21125, 47988//21125, -37631//21125, 114968//21125, -215756//21125, -27387//21125, -26568//4225, -79479//4225, 11256//845, -158468//4225, 6792//1625, -920772//21125, 296739//21125, 39243//1625, -890028//21125, 176342//1625, -674328//21125, 4092461//21125, 6155847//21125, -1518228//4225, 3466536//4225, -784452//845, 3413142//4225, -12284112//21125, 7045104//21125, -2665378//21125, -382353//21125, 2076681//21125, -2592562//21125, 2474196//21125, -1717572//21125, 1459881//21125, -174822//4225, 166844//4225, -5184//169, 82488//4225, -195612//21125, 30324//21125, 70802//21125, -115333//21125, 118596//21125, -96112//21125, 65926//21125, -31652//21125, 15321//21125]
10; 3; 9; 3; 6; 1; 1; 10; 1; 1; [7472041//3300375, 1597198//1100125, 20528731//3300375, 10930016//1100125, 689162//132015, -8292982//3300375, -859591//220025, -49433146//3300375, -31497301//1100125, -8370946//660075, -3397711//220025, -14414593//220025, -46659188//660075, -475837171//3300375, -265686724//3300375, -197459812//1100125, -214875928//3300375, 60521749//220025, 1531406887//3300375, 268856209//660075, 51718289//84625, 1288145218//3300375, -369279511//660075, -144301153//660075, 31650757//50775, -491119573//660075, 721392089//1100125, -539736019//1100125, 929654722//3300375, -133713738//1100125, 1843809//220025, 315224336//3300375, -2174453//26403, 136456431//1100125, -188715836//3300375, 14816506//660075, -21480962//660075, 21091609//660075, -5610509//220025, 18173399//1100125, -27539992//3300375, 1807734//1100125, 7463881//3300375, -2652272//660075, 16303886//3300375, -58818//16925, 10489498//3300375, -3709226//3300375]
10; 3; 9; 3; 7; 1; 1; 5; 1; 1; [-721823723//674593075, -7354552111//3372965375, -7063120553//3372965375, -6789875882//3372965375, -8525134//26983723, 11596044788//3372965375, 3431832244//674593075, 8462678414//3372965375, 741748401//134918615, 7951818378//674593075, 325720986//26983723, 8939028149//674593075, 8876907276//674593075, 4511305008//134918615, 10296176737//259458875, 145506038068//3372965375, 157735409717//3372965375, -34850547448//674593075, -53433665776//259458875, -160408643006//674593075, -609638821784//3372965375, -132973231128//674593075, -47626253472//674593075, 1542363948//26983723, -24618320751//674593075, 990691587//51891775, -1726808804//674593075, -11120768042//3372965375, 38389138039//3372965375, -26892948709//3372965375, 4159120292//674593075, -51426755754//3372965375, -5071821844//674593075, -31234606682//3372965375, -6299127558//674593075, -1367751168//674593075, 31566670//26983723, -277434194//674593075, -51861066//674593075, 267115982//674593075, -1429006477//3372965375, 1542594574//3372965375, -932620644//3372965375, 101245908//674593075, -5210476//19958375, -26722138//134918615, -29075274//259458875, -155213937//674593075]
10; 3; 9; 3; 6; 1; 1; 8; 1; 1; [30967//3300375, 110632//132015, 3854531//660075, 80935//8801, 147416//10155, 13656182//660075, 11655127//1100125, 21616498//3300375, 1599911//660075, -9370676//660075, 1823126//220025, -3769567//660075, -6594151//660075, -75711127//3300375, -58028116//660075, -177493094//660075, -272056//975, -283718878//660075, -69023211//220025, 132161463//1100125, 464798482//3300375, 249127577//660075, 329266519//660075, -312310027//660075, 241237163//660075, -153120706//660075, 353850104//3300375, -12843251//660075, -35389916//660075, 909152//16925, -19214291//220025, 27189883//660075, -8105831//253875, 85543871//3300375, 1545371//132015, 12348166//660075, -2840736//220025, 4630367//660075, -490378//220025, -3370436//3300375, 572362//220025, -442868//132015, 1673192//660075, -526679//220025, 122377//132015, -1244248//3300375, 294596//3300375, 141448//220025]
10; 3; 9; 3; 10; 1; 1; 10; 1; 1; [-1362924//14301625, 135372//1100125, -327844//2860325, 12629494//14301625, 8799046//14301625, -931682//2860325, 42584376//14301625, 53808336//14301625, 12342416//14301625, 163854//220025, 1051182//2860325, 3550308//2860325, 2181512//2860325, 36791094//14301625, 200209914//14301625, 1837674//572065, -807283254//14301625, -414780826//14301625, 11215694//2860325, -922706976//14301625, -38842242//1100125, -134987716//14301625, -51556338//2860325, 59914902//2860325, -52754022//2860325, 38614977//2860325, -111398838//14301625, 53810862//14301625, 1152418//2860325, -67652112//14301625, 22116127//14301625, -7212082//2860325, -12125808//14301625, -41655498//14301625, 2552122//14301625, -2566632//2860325, 2021618//2860325, -1303938//2860325, 638448//2860325, -581808//14301625, -828318//14301625, 355786//2860325, -2518712//14301625, 1168432//14301625, -199756//2860325, -223863//14301625, -608358//14301625, -201458//14301625]
10; 3; 9; 3; 8; 1; 1; 3; 1; 1; [-8383//21125, 304//21125, 3156//21125, -18023//21125, 3856//4225, -26189//21125, 8536//4225, -1548//21125, 13132//21125, 2412//4225, 813//169, -31728//4225, 3804//325, -196332//21125, 476336//21125, -627981//21125, 924663//21125, -169432//4225, 618494//21125, -37626//845, -287907//21125, -278732//21125, 236832//4225, -238908//845, 1516672//4225, -1405968//4225, 5334324//21125, -3289492//21125, 1454202//21125, -88701//21125, -143699//4225, 1045742//21125, -211422//4225, 61608//1625, -550756//21125, 65238//4225, -13424//845, 4236//325, -37272//4225, 98244//21125, -27542//21125, -18978//21125, 42559//21125, -9572//4225, 41552//21125, -6049//4225, 16704//21125, -6616//21125]
10; 3; 9; 3; 10; 1; 1; 8; 1; 1; [4544881//14301625, 16266772//14301625, 2510856//14301625, -58678//84625, -11547422//2860325, -1459723//14301625, 39953456//14301625, -13917028//2860325, 1715286//2860325, -9426546//2860325, -2141709//572065, 14532156//2860325, -50131804//2860325, 137342574//14301625, 171369398//14301625, 117212649//14301625, 854297742//14301625, 501669206//2860325, 328975768//14301625, -407442546//14301625, 16866214//220025, 371257446//2860325, 1053565914//2860325, 4115214//44005, -982495594//2860325, 1203672111//2860325, -5489652918//14301625, 4117454894//14301625, -191905536//1100125, 1114517016//14301625, 604375//114413, -557042696//14301625, 795704562//14301625, -149144382//2860325, 142570884//2860325, -34061094//2860325, 10470982//572065, -52731186//2860325, 42593544//2860325, -10921116//1100125, 73132819//14301625, -18467508//14301625, -15939844//14301625, 7202152//2860325, -36941396//14301625, 31532662//14301625, -863978//572065, 571332//572065]
10; 3; 9; 3; 5; 1; 1; 2; 1; 1; [-34333018//1524001375, 273373938//1524001375, 2162038696//4572004125, 3691711438//4572004125, 3551077184//4572004125, 5813357228//4572004125, 2376976016//4572004125, -55521713//117230875, 5212238//4572004125, 44118902//182880165, 372284699//304800275, -311849273//182880165, -505807699//182880165, -2348524017//1524001375, -11979087794//4572004125, -17776965961//4572004125, -75486572093//4572004125, -8007570073//1524001375, -1293143047//117230875, 88197860054//4572004125, 99546406604//1524001375, 315311752907//4572004125, 7996302959//182880165, -352145187//23446175, -279445393//60960055, 906491354//60960055, -27766755191//1524001375, 5735623391//351692625, -18878380461//1524001375, 30278521591//4572004125, -15345301357//4572004125, -2121800404//4572004125, 12033867667//4572004125, 2289689086//4572004125, 25169189341//4572004125, 6584533//60960055, 160702016//304800275, -28996247//36576033, 48034264//60960055, -969737031//1524001375, 637353791//1524001375, -330533986//1524001375, 171257561//4572004125, 219703618//4572004125, -171029228//1524001375, 586258697//4572004125, -179914964//4572004125, 574748911//4572004125]
10; 3; 9; 3; 7; 1; 1; 2; 1; 1; [-6789922721//19812017875, -8515315852//19812017875, -1947691692//3962403575, -14976678291//19812017875, -9833063116//19812017875, 3824367728//3962403575, 13886464476//19812017875, 936587948//792480715, 45833402702//19812017875, 2709922194//792480715, 8917775823//3962403575, 20312927172//3962403575, 16787590588//3962403575, 228818849076//19812017875, 175717970032//19812017875, 32258801526//3962403575, 346660105911//19812017875, -64493601464//19812017875, -42194344804//792480715, -971622771936//19812017875, -53561956733//792480715, -1821043797682//19812017875, -40280800038//792480715, 247260343428//3962403575, -223636990448//3962403575, 168396758598//3962403575, -498425261352//19812017875, 225860568196//19812017875, 40545516//792480715, -102085899177//19812017875, 163890878498//19812017875, -42076444616//3962403575, 84295407732//19812017875, -1151553888//158496143, -41695357346//19812017875, -430865865//158496143, 8709491452//3962403575, -5771951292//3962403575, 229132404//304800275, -270936564//1524001375, -3308050579//19812017875, 1417284672//3962403575, -7317858837//19812017875, 6455460788//19812017875, -1099087412//3962403575, 1751996472//19812017875, -82078612//792480715, -1798299446//19812017875]
10; 3; 9; 3; 5; 1; 1; 10; 1; 1; [1258978//660075, 18231586//3300375, 3171113//660075, -386461//253875, -1585758//220025, -24669022//3300375, -10394369//1100125, -26787354//1100125, -149867129//3300375, -7254556//132015, -9870979//220025, -1227231//44005, -15038716//660075, -63415861//660075, -212823792//1100125, -22443647//220025, 386631373//3300375, 178257173//660075, 1159687717//3300375, 1921137727//3300375, 2878371037//3300375, 861288998//1100125, 36567449//132015, -82512587//660075, 296661//44005, 39137209//660075, -20361189//220025, 19886969//253875, -1253108//16925, 55949333//1100125, -6955004//660075, 23114032//1100125, 107418301//3300375, 30817957//1100125, 157953472//3300375, 288571//132015, 364174//220025, -483929//132015, 68389//16925, -789907//220025, 7706747//3300375, -998716//660075, 2054704//3300375, 5672//16925, -162378//1100125, 1162782//1100125, 760606//3300375, 3492862//3300375]
10; 3; 9; 3; 4; 1; 1; 6; 1; 1; [560118986//778376625, -210699482//778376625, -37302922//51891775, 232023691//259458875, -23482152//259458875, -335599598//155675325, -225314111//778376625, 1189591633//778376625, -3009766517//778376625, -543001634//155675325, 334886469//51891775, -692201134//155675325, -60613949//155675325, -15272212166//778376625, 15875508082//778376625, 18974516//2395005, -7317499303//778376625, 30836631521//778376625, 5478809282//155675325, -18842973049//778376625, 2369054119//259458875, 28259824974//259458875, -6933680774//155675325, -25901569748//155675325, 39914414486//155675325, -40255677914//155675325, 162054170407//778376625, -107792337344//778376625, 11209979902//155675325, -14555205539//778376625, -11291449387//778376625, 1804858051//51891775, -9752429524//259458875, 24657452851//778376625, -13367081834//778376625, 1626907259//155675325, -620799744//51891775, 544933288//51891775, -394299367//51891775, 3429150587//778376625, -1319140534//778376625, -9862912//51891775, 326608777//259458875, -1250320037//778376625, 250017//159667, -930201647//778376625, 192608352//259458875, -188566259//778376625]
10; 3; 9; 3; 12; 1; 1; 7; 1; 1; [19973992//57692375, 56785264//57692375, 4191196//4437875, 70515179//57692375, -38233816//57692375, 169938984//57692375, 95198536//57692375, -3750452//887575, -252452532//57692375, -84360996//11538475, -61628847//11538475, -10748976//2307695, -202464804//11538475, -620385972//57692375, -1632037624//57692375, -98913876//4437875, -1089107259//57692375, 4085715016//57692375, -1940918724//57692375, 2167690524//57692375, 1684683968//11538475, 10616541972//57692375, 4136319024//11538475, -705593652//11538475, -57330824//461539, 2380488276//11538475, -12420652116//57692375, 10149951428//57692375, -7020978424//57692375, 3656126913//57692375, -903479497//57692375, -732362412//57692375, 1622390472//57692375, -54206952//2307695, 2001299796//57692375, -31940814//11538475, 95335192//11538475, -22728156//2307695, 101751864//11538475, -376478316//57692375, 223314028//57692375, -93985984//57692375, -2783347//57692375, 59990708//57692375, -78836652//57692375, 75912422//57692375, -10111544//11538475, 46051776//57692375]
10; 3; 9; 3; 5; 1; 1; 8; 1; 1; [82783//220025, -307336//660075, -4527739//3300375, 702297//1100125, 34864562//3300375, 11816653//660075, 840839//50775, 25301326//3300375, 1561574//3300375, -115312//50775, -2747448//220025, -16577897//660075, -341429//132015, -22650799//660075, -8853822//220025, -25532777//253875, -557364416//3300375, -114306764//253875, -11485837//16925, -20939433//44005, 54123518//1100125, 1354546766//3300375, 100510169//660075, -146027399//660075, 47519221//220025, -22792267//132015, 73472198//660075, -38241479//660075, 1934344//253875, 8887774//1100125, -162544991//3300375, 44021//660075, -31351199//660075, 66768847//3300375, 28703848//3300375, 6687911//660075, -5769026//660075, 4081087//660075, -31026//8801, 63316//50775, 32207//132015, -4001128//3300375, 318434//253875, -5502911//3300375, 253531//660075, -219426//220025, 329494//1100125, 369841//1100125]
10; 3; 9; 3; 7; 1; 1; 10; 1; 1; [-12462179//14301625, -8237036//2860325, -48037916//14301625, -14419224//2860325, -5523732//1100125, 3674913//14301625, 69849388//14301625, 17541076//2860325, 203239079//14301625, 67939866//2860325, 55384263//2860325, 70248324//2860325, 25232204//572065, 876004044//14301625, 256317512//2860325, 72967932//1100125, 319867332//2860325, 595379916//14301625, -2624617278//14301625, -4798766628//14301625, -1297296088//2860325, -9603551959//14301625, -1411836174//2860325, 453876828//2860325, 15362808//220025, -105714918//572065, 3168666672//14301625, -544778836//2860325, 2078753528//14301625, -45251184//572065, 512010003//14301625, -91442394//14301625, -536967744//14301625, 5312976//572065, -840423737//14301625, -1308741//2860325, -19282508//2860325, 27623196//2860325, -1073580//114413, 107312412//14301625, -13648538//2860325, 34956308//14301625, -1130796//2860325, -9591792//14301625, 15828096//14301625, -23255854//14301625, 2099284//2860325, -19291697//14301625]
10; 3; 9; 3; 9; 1; 1; 7; 1; 1; [-29478091//57692375, -8574632//11538475, -52225216//57692375, -62150298//57692375, 27251844//57692375, -268769711//57692375, 29778336//11538475, 161212384//57692375, 386116222//57692375, 82377612//11538475, 37849308//11538475, 118580232//11538475, 109894128//11538475, 1173122196//57692375, 329802236//11538475, 573918801//57692375, 46626306//4437875, -3668502324//57692375, 4808038106//57692375, -1379910672//11538475, -7873558624//57692375, -7066185902//57692375, -3200096148//11538475, 2333613588//11538475, -104892676//887575, 546725238//11538475, 21278316//4437875, -14461612//461539, 192554626//4437875, -2309948586//57692375, 1632492168//57692375, -915517342//57692375, 42555696//11538475, -426088812//57692375, -529487206//57692375, -79055052//11538475, 38567692//11538475, -7317852//11538475, -12008688//11538475, 106345728//57692375, -21867938//11538475, 92693998//57692375, -62858106//57692375, 31097208//57692375, -6486052//57692375, -170634//887575, 6623548//57692375, -21520006//57692375]
10; 3; 9; 3; 7; 1; 1; 8; 1; 1; [1049266//1100125, 14116476//14301625, 102312//220025, -48089491//14301625, -154167218//14301625, -251211821//14301625, -320592784//14301625, -62830348//2860325, -210770594//14301625, -18963414//2860325, -21103191//2860325, -29980908//2860325, -4154868//572065, -422767638//14301625, -92054766//14301625, 44638623//572065, 3575958291//14301625, 6749342318//14301625, 8004255776//14301625, 7233565854//14301625, 748295752//2860325, -961199786//14301625, -708442434//2860325, 98644554//2860325, 271592082//2860325, -87356079//572065, 2206277406//14301625, -1820708598//14301625, 19598616//220025, -477405147//14301625, 480893644//14301625, 37815296//1100125, 47858442//14301625, 96575238//2860325, -314196928//14301625, 6621174//2860325, -17609494//2860325, 20482218//2860325, -728136//114413, 66020076//14301625, -39208173//14301625, 3318876//2860325, 4114433//14301625, -4783316//14301625, 20839268//14301625, -7069028//14301625, 107498//114413, -7283248//14301625]
10; 3; 9; 3; 3; 1; 1; 11; 1; 1; [1620499//660075, -1185116//3300375, 2881976//3300375, -9115553//3300375, -13529242//3300375, 11855204//3300375, -10829464//3300375, -4406228//660075, -7025939//3300375, -224934//220025, 956847//220025, -4347228//220025, 389732//16925, -1626114//44005, 20866946//3300375, -80128587//1100125, 190161891//1100125, 572432542//3300375, -301061234//3300375, 93650818//1100125, 45144011//660075, 100403179//3300375, -74067234//220025, -90676338//220025, 168443142//220025, -180636909//220025, 152181834//220025, -1592597542//3300375, 867209032//3300375, -88287527//1100125, -81374914//3300375, 303779038//3300375, -121515466//1100125, 23227434//220025, -244676473//3300375, 6565404//220025, -24587086//660075, 579606//16925, -5676096//220025, 3482148//220025, -1767944//253875, 1257172//3300375, 11818519//3300375, -16052404//3300375, 16070728//3300375, -12766808//3300375, 1745026//660075, -321241//253875]
10; 3; 9; 3; 12; 1; 1; 12; 1; 1; [-2197619//11538475, -39214624//57692375, -64304584//57692375, -23692611//11538475, -34646242//11538475, -53199366//57692375, -12595092//57692375, 96539172//57692375, 238134077//57692375, 85411584//11538475, 2736417//461539, 18840264//2307695, 30145588//2307695, 231869334//11538475, 174161038//4437875, 1698196944//57692375, 720192591//11538475, 798281806//11538475, -1650822954//57692375, -4138376448//57692375, -8098200792//57692375, -12642478297//57692375, -1618219416//11538475, 27051054//461539, 2785214//2307695, -79493187//2307695, 564788142//11538475, -197052626//4437875, 2157295882//57692375, -234138207//11538475, 32808436//2307695, -185403942//57692375, -405272604//57692375, -794046//57692375, -953175461//57692375, -10532679//11538475, -492686//461539, 4675566//2307695, -4989828//2307695, 21399132//11538475, -72058333//57692375, 42366382//57692375, -2123187//11538475, -275848//11538475, 13183128//57692375, -20954889//57692375, 8738634//57692375, -22365881//57692375]
10; 3; 9; 3; 9; 1; 1; 12; 1; 1; [-37518287//57692375, -135439436//57692375, -160327428//57692375, -186712018//57692375, -237975754//57692375, -330109872//57692375, -286711056//57692375, 138477224//57692375, 774914184//57692375, 235451682//11538475, 220768752//11538475, 8581500//461539, 474260464//11538475, 2973600342//57692375, 5114600306//57692375, 1993353393//57692375, 1767219018//57692375, 1527897454//57692375, 582278802//57692375, -6696387654//57692375, -21840619874//57692375, -32170216644//57692375, -3237083238//11538475, -153682218//11538475, 424466954//2307695, -216093507//887575, 13601619426//57692375, -10199497042//57692375, 6716375964//57692375, -3038535456//57692375, 540998207//57692375, 1184817306//57692375, -2180475462//57692375, 938563758//57692375, -3037117782//57692375, 66702798//11538475, -119565822//11538475, 25482342//2307695, -106251624//11538475, 371667576//57692375, -197153402//57692375, 66446424//57692375, 28883984//57692375, -74181448//57692375, 89169156//57692375, -84648762//57692375, 39192938//57692375, -61757082//57692375]
10; 3; 9; 3; 2; 1; 1; 9; 1; 1; [594337//1100125, -10029236//14301625, -54372044//42904875, -83522783//42904875, 34244134//14301625, -45419567//14301625, 486102776//42904875, 176636312//14301625, 2921162//1716195, 16535502//2860325, 19178478//2860325, 29304884//2860325, 8268184//1716195, 413782534//14301625, 175370346//14301625, 4518912//84625, 882812381//14301625, -1971090874//14301625, 591545952//14301625, -4093010202//14301625, -2725994467//14301625, -2206625414//8580975, 65671374//220025, -104849882//2860325, -347579286//2860325, 109041501//572065, -2739132758//14301625, 2246115998//14301625, -4390493158//42904875, 815024783//14301625, -292669137//14301625, -141563304//14301625, 165777854//14301625, -512395826//14301625, 100668056//8580975, -8819932//2860325, 66372406//8580975, -25461714//2860325, 4494016//572065, -81157168//14301625, 47826008//14301625, -4163086//3300375, -3129131//42904875, 11660448//14301625, -16929664//14301625, 38694592//42904875, -14918726//14301625, 2859164//8580975]
10; 3; 9; 3; 4; 1; 1; 4; 1; 1; [22814//51675, 28664//17225, 495832//258375, 280617//86125, 991942//258375, 393526//258375, -894908//258375, -86908//17225, -383468//51675, -9324//689, -172037//17225, -266672//17225, -1198348//51675, -626966//17225, -808254//17225, -3417014//86125, -7458237//86125, -16169182//258375, 14418854//258375, 17530276//86125, 4579967//17225, 20543428//51675, 220292//689, -2687902//17225, 1486174//51675, 835459//17225, -1505142//17225, 1512818//17225, -19789066//258375, 4083769//86125, -7883051//258375, 2850722//258375, 1163328//86125, 20158//17225, 1580474//51675, 2341//689, 52306//51675, -58678//17225, 70396//17225, -64556//17225, 46893//17225, -439606//258375, 54349//86125, -15956//258375, -90568//258375, 188609//258375, -1074//3445, 39434//51675]
10; 3; 9; 3; 11; 1; 1; 11; 1; 1; [-1050098//14301625, 112852//14301625, -3382316//14301625, 3014313//14301625, 6754032//14301625, -6497684//14301625, 25477588//14301625, 5277316//2860325, 3424108//2860325, 2208474//2860325, 2294049//2860325, 4713876//2860325, 777604//2860325, 4781376//1100125, 97852748//14301625, 237605466//14301625, -270937533//14301625, -349741452//14301625, 90899624//14301625, -621956268//14301625, -76414681//2860325, -23259464//2860325, 124476594//2860325, 5750064//2860325, -79829684//2860325, 107606784//2860325, -509650476//14301625, 401804384//14301625, -241967272//14301625, 106980351//14301625, -34235826//14301625, -39656788//14301625, 43115616//14301625, -18133308//2860325, 2194456//572065, -2508759//2860325, 4548976//2860325, -4835136//2860325, 4061916//2860325, -1078332//1100125, 7779049//14301625, -2283292//14301625, -1256949//14301625, 2565204//14301625, -3292948//14301625, 2473136//14301625, -506288//2860325, 241532//2860325]
10; 3; 9; 3; 3; 1; 1; 5; 1; 1; [1756689451//778376625, -440748112//778376625, 1262142551//778376625, 62011507//51891775, 931617452//778376625, 365376746//778376625, -3001012522//259458875, 1318105907//778376625, 1355097574//259458875, -3512931434//155675325, 169570192//51891775, -1132163056//155675325, -334977728//51891775, -17496903452//259458875, 4079041924//259458875, -8443140157//259458875, 262109296//6227013, -15191400909//259458875, 989613416//19958375, 322545843356//778376625, -70179300287//778376625, 55871966903//778376625, 34782235876//155675325, -2399348006//3991675, 109280008004//155675325, -32368487678//51891775, 352263518887//778376625, -208772267794//778376625, 82807076347//778376625, 1353712228//155675325, -58137641191//778376625, 76331993327//778376625, -56113251932//778376625, 17154022713//259458875, -32074644151//778376625, 1605550903//51891775, -1567668012//51891775, 3713994166//155675325, -804802282//51891775, 5881254167//778376625, -1188860854//778376625, -1802002718//778376625, 637983451//155675325, -3384076451//778376625, 943140119//259458875, -1654613657//778376625, 989383364//778376625, -94921362//259458875]
10; 3; 9; 3; 6; 1; 1; 9; 1; 1; [2123512//1100125, 2563222//660075, 7685287//1100125, 5145171//1100125, 31305448//3300375, -11415493//3300375, -43844306//3300375, -1501561//84625, -96294301//3300375, -13108348//660075, -627961//44005, -1400788//50775, -7560013//220025, -243743666//3300375, -24493934//132015, -632467646//3300375, -38661778//3300375, -142276603//3300375, 1619954318//3300375, 1963367246//3300375, 2363151499//3300375, 2104859066//3300375, 167196662//660075, -26320354//132015, 27801052//220025, -41499374//660075, 8217844//1100125, 8066746//660075, -47891491//1100125, 117967606//3300375, -35173938//1100125, 141000269//3300375, 1354242//84625, 117867877//3300375, 101482798//3300375, 4658018//660075, -7984//2031, 285138//220025, 92193//220025, -1595396//1100125, 330504//220025, -5472608//3300375, 1204557//1100125, -769973//1100125, 2294509//3300375, 1686088//3300375, 1479032//3300375, 848141//1100125]
10; 3; 9; 3; 10; 1; 1; 9; 1; 1; [-94709//21125, -77836//21125, -21236//4225, -54039//21125, -38172//4225, 27818//4225, 23148//4225, 311772//21125, 674386//21125, 2394//65, 19641//845, 170676//4225, 277796//4225, 1843164//21125, 3811696//21125, 7224//65, -2525541//21125, 515124//4225, -146624//325, -393996//845, -15010122//21125, -1147022//1625, -1159806//845, 524412//845, -245824//4225, -1156314//4225, 8913552//21125, -8662052//21125, 110984//325, -4827093//21125, 503253//4225, -203588//4225, -205536//4225, 465624//21125, -1925038//21125, -9981//845, -6228//845, 72444//4225, -81756//4225, 359412//21125, -254242//21125, 30164//4225, -58713//21125, -1176//4225, 1436//845, -12942//4225, 39564//21125, -52618//21125]
10; 3; 9; 3; 4; 1; 1; 3; 1; 1; [-73979//63375, 55024//63375, 60896//63375, 70561//63375, 330214//63375, 6736//4225, -70204//21125, 18836//12675, -116//169, -5952//845, 12141//4225, -65592//4225, -2156//845, -442302//21125, -703114//63375, -823092//21125, -415767//21125, -10466254//63375, -14626//4225, 202548//1625, 1183777//12675, 1032724//4225, 558192//845, -2367054//4225, 1654418//4225, -36837//169, 1541274//21125, 115286//4875, -4951598//63375, 1918999//21125, -5715077//63375, 258122//4225, -658248//21125, 3318//169, 46934//4225, 17679//845, -163918//12675, 24282//4225, -396//845, -57396//21125, 253453//63375, -19586//4875, 15469//4875, -142292//63375, 344//325, -2993//21125, -2446//12675, 3086//4225]
10; 3; 9; 3; 8; 1; 1; 11; 1; 1; [-17558506//14301625, -35717216//14301625, -36103572//14301625, -45056846//14301625, -45098428//14301625, 19493636//14301625, 58796768//14301625, 86374732//14301625, 188975012//14301625, 52265196//2860325, 44570529//2860325, 45646128//2860325, 108269196//2860325, 593341056//14301625, 841934516//14301625, 700370127//14301625, 647417646//14301625, 75915208//14301625, -2484392336//14301625, -3756850818//14301625, -5071137562//14301625, -6372870292//14301625, -1285188264//2860325, 186359904//2860325, 494447268//2860325, -784033794//2860325, 4060179648//14301625, -3256816072//14301625, 2252829006//14301625, -1133172582//14301625, 323718404//14301625, 119078512//14301625, -676890894//14301625, 337481964//14301625, -780115976//14301625, 11942244//2860325, -31777524//2860325, 37190952//2860325, -32883696//2860325, 120977028//14301625, -70371692//14301625, 29097306//14301625, 2370598//14301625, -18997216//14301625, 23224732//14301625, -27240959//14301625, 14229964//14301625, -17199476//14301625]
10; 3; 9; 3; 11; 1; 1; 5; 1; 1; [-262975163//674593075, -855545897//3372965375, -4113970249//3372965375, -3036345212//3372965375, -69700824//51891775, -1499922174//3372965375, 576044958//3372965375, 1390536773//3372965375, 3058849748//3372965375, -197516868//134918615, 1183496697//674593075, -782073088//674593075, 5156926219//674593075, 485106858//26983723, 79304466437//3372965375, 117203699174//3372965375, 107672333482//3372965375, 2005608689//134918615, 43661954794//3372965375, -143889245458//3372965375, 2420825044//259458875, -253658947228//3372965375, 8038114662//134918615, -5766049746//51891775, 80483381632//674593075, -67716564666//674593075, 47895474966//674593075, -126962086684//3372965375, 48646226417//3372965375, 20678830066//3372965375, -688734672//51891775, 57954755912//3372965375, -56717939714//3372965375, 38441921761//3372965375, -33604899164//3372965375, 729418878//134918615, -3356184592//674593075, 2530311838//674593075, -1551221619//674593075, 53460894//51891775, -156248204//3372965375, -1577398288//3372965375, 2545407386//3372965375, -476091287//674593075, 151450684//259458875, -106962608//259458875, 660743256//3372965375, -358467494//3372965375]
10; 3; 9; 3; 12; 1; 1; 6; 1; 1; [-2419987617//3372965375, -210803969//3372965375, 388046886//259458875, 13103420547//3372965375, 3065322144//674593075, 369238552//134918615, -1205384088//674593075, -27269127677//3372965375, -20710135909//3372965375, 1709674972//674593075, 2314699323//674593075, -9649720162//674593075, -892325757//26983723, -18015417798//3372965375, -42895760491//3372965375, -66809047728//3372965375, -184395992542//3372965375, -67734911781//674593075, -64675447704//674593075, 9123749782//134918615, 1229471497907//3372965375, 1542278735769//3372965375, 13630240954//51891775, -15007875702//674593075, -82354957182//674593075, 24242778762//134918615, -609298523904//3372965375, 485860658792//3372965375, -325238215704//3372965375, 154591381154//3372965375, -10785373299//674593075, -11173156129//674593075, 17961146956//674593075, -2339803933//259458875, 142991056907//3372965375, -2229849942//674593075, 5022247912//674593075, -5664979538//674593075, 979939221//134918615, -17650460064//3372965375, 10104534007//3372965375, -3860980824//3372965375, -779020891//3372965375, 111172419//134918615, -833194731//674593075, 759866527//674593075, -1682392704//3372965375, 3009296257//3372965375]
10; 3; 9; 3; 3; 1; 1; 2; 1; 1; [3983812112//4572004125, 59914328//70338525, 5070560912//4572004125, 280292116//351692625, 609928336//914400825, 2051806898//4572004125, -16121187544//4572004125, -5740177568//1524001375, -1185112372//304800275, -2167308756//304800275, -274312624//60960055, -3306282456//304800275, -7835598608//914400825, -36744188184//1524001375, -18730040552//914400825, -46080004184//1524001375, 12350303084//1524001375, 19167950912//914400825, 183061972372//4572004125, 215344629848//1524001375, 225427733828//1524001375, 13137394396//60960055, 35263107284//304800275, -1714047096//12192011, 115722157432//914400825, -28898771576//304800275, 85190223088//1524001375, -4576348888//182880165, -5012468936//4572004125, 21302368332//1524001375, -3303138532//182880165, 92515136236//4572004125, -12300335816//1524001375, 24459695304//1524001375, 1592368244//304800275, 1861222806//304800275, -898746512//182880165, 988104536//304800275, -505404504//304800275, 575676928//1524001375, 356112176//914400825, -3752597216//4572004125, 3984198436//4572004125, -656375816//914400825, 2519040856//4572004125, -766939928//4572004125, 344216624//1524001375, 65210068//304800275]
10; 3; 9; 3; 9; 1; 1; 6; 1; 1; [-753208783//3372965375, -8298986018//3372965375, -13000832947//3372965375, -23974513494//3372965375, -21492621912//3372965375, -1823040//2075671, 26839695121//3372965375, 10968170909//674593075, 55903876116//3372965375, 8471687878//674593075, 7920341358//674593075, 7824493956//674593075, 26654564747//674593075, 148997055628//3372965375, 370334195498//3372965375, 343519880617//3372965375, 411257911154//3372965375, 7440501644//259458875, -131505505114//674593075, -1336097061531//3372965375, -75588205638//134918615, -1777690024231//3372965375, -141977980652//674593075, -6053282822//674593075, 91902320436//674593075, -121852977518//674593075, 593061083409//3372965375, -437892541026//3372965375, 304771636621//3372965375, -117833196638//3372965375, 25484355656//3372965375, 4058593286//674593075, -142108756228//3372965375, -348284803//674593075, -149385787693//3372965375, 2877992867//674593075, -5194611288//674593075, 5542939154//674593075, -355687179//51891775, 16228419309//3372965375, -8490292171//3372965375, 3140240366//3372965375, 1523928612//3372965375, -3192535754//3372965375, 659009034//674593075, -4579754388//3372965375, 181354944//674593075, -3016058368//3372965375]
10; 3; 9; 3; 8; 1; 1; 5; 1; 1; [-4764321244//3372965375, -5211094732//3372965375, -448955509//674593075, 1363043809//3372965375, -1245977696//674593075, -1224305614//3372965375, 14925552702//3372965375, 24835995487//3372965375, 22496425134//3372965375, 103380794//134918615, 6418263084//674593075, 12414286333//674593075, -4881578714//674593075, 101177723024//3372965375, 175613968252//3372965375, 11742830958//674593075, -177399715334//3372965375, -107323418//3991675, -122832065996//3372965375, -308472040742//3372965375, -935326768202//3372965375, -959335107694//3372965375, 15624137006//134918615, 77440057004//674593075, -151630081977//674593075, 165746575316//674593075, -702761123918//3372965375, 505666626276//3372965375, -55171113109//674593075, 88663584578//3372965375, 948770946//134918615, -100236695998//3372965375, 100974646044//3372965375, -146615091811//3372965375, 34120057718//3372965375, -1169662183//134918615, 7485457456//674593075, -6951904578//674593075, 5294526474//674593075, -16388473558//3372965375, 7581365671//3372965375, -134877192//674593075, -3463305167//3372965375, 986016326//674593075, -393545566//259458875, 3768462514//3372965375, -3473767216//3372965375, 542236018//3372965375]
10; 3; 9; 3; 5; 1; 1; 9; 1; 1; [12780//8801, -570494//1100125, -44593//132015, 641822//3300375, 4885258//3300375, -19853518//3300375, -11087938//1100125, -1500887//220025, -43846436//3300375, -13905314//660075, -4058481//220025, -15192368//660075, -6704123//220025, -1323116//26403, -46559196//1100125, -592715//26403, 146551603//3300375, -377524123//3300375, 98514186//1100125, 918681304//3300375, 21170888//132015, 205468951//3300375, 173845636//660075, -109863268//660075, 49379002//660075, -6770719//660075, -1497098//44005, 155815736//3300375, -1336327//26403, 139171049//3300375, -105595879//3300375, 19666253//1100125, 766368//84625, 2758897//660075, 30306503//3300375, 3270934//660075, -998042//660075, -183844//220025, 434063//220025, -102844//44005, 6536486//3300375, -65112//44005, 2935664//3300375, -1415689//3300375, 135019//3300375, 121834//253875, -116866//660075, 383226//1100125]
10; 3; 9; 3; 3; 1; 1; 10; 1; 1; [1028038//660075, 327508//84625, 15884356//3300375, 8013696//1100125, 10617154//1100125, 12026981//3300375, -11089688//1100125, -2616272//220025, -3788749//220025, -7255374//220025, -5501472//220025, -7969732//220025, -38609248//660075, -19015534//220025, -140561874//1100125, -130146942//1100125, -190660336//1100125, -180647314//1100125, 455566624//3300375, 579761438//1100125, 10927987//16925, 218215949//220025, 171896226//220025, -73585862//220025, 1192398//220025, 39852459//220025, -57761266//220025, 270224498//1100125, -671235118//3300375, 132430042//1100125, -77061792//1100125, 60979432//3300375, 47625054//1100125, -208406//44005, 17762257//220025, 1227944//220025, 1192262//220025, -2381118//220025, 2582096//220025, -89144//8801, 7670168//1100125, -13429558//3300375, 1358442//1100125, 273108//1100125, -4039208//3300375, 2290894//1100125, -204538//220025, 429257//220025]
10; 3; 9; 3; 7; 1; 1; 9; 1; 1; [11626411//14301625, 1633172//1100125, 20527944//14301625, 18840278//14301625, -2720098//14301625, -7335323//2860325, -90133304//14301625, 44729748//14301625, -93020594//14301625, -20395962//2860325, -31434651//2860325, -2037876//572065, -51552292//2860325, -277936926//14301625, 26429914//14301625, -914821389//14301625, -232284198//14301625, 843930358//14301625, 381298076//2860325, 2875932444//14301625, 1736019552//14301625, 2535651694//14301625, -618455502//2860325, 722825634//2860325, -128973678//572065, 469528173//2860325, -1408943778//14301625, 43454074//1100125, -11330472//14301625, -379625544//14301625, 531864194//14301625, -76587388//2860325, 493627872//14301625, -152027034//14301625, 223308152//14301625, -31218348//2860325, 24666586//2860325, -643518//114413, 7884672//2860325, -8453028//14301625, -11621593//14301625, 20112948//14301625, -22374844//14301625, 19297964//14301625, -2244244//2860325, 9466787//14301625, -763374//14301625, 92744//1100125]
10; 3; 9; 3; 11; 1; 1; 2; 1; 1; [213099916//19812017875, 1134418144//19812017875, 1262574064//19812017875, -1216639451//19812017875, 5776825852//19812017875, 2267349592//19812017875, -685366248//19812017875, -12043504//158496143, -332582529//792480715, -1041739056//3962403575, -62220972//304800275, -63036096//158496143, -1262624352//3962403575, -18962712156//19812017875, 14040717116//19812017875, -84105122709//19812017875, 110948207451//19812017875, -191100139132//19812017875, -24958520212//19812017875, 69046900308//19812017875, 20771706706//3962403575, 3095200497//3962403575, 1717860504//3962403575, -12597527676//3962403575, 3259797148//792480715, -15434123862//3962403575, 58086463332//19812017875, -36352973692//19812017875, 13181620118//19812017875, 2970395283//19812017875, -15682529996//19812017875, 9784504244//19812017875, -7914381756//19812017875, 210106452//304800275, -1054987953//3962403575, 53633082//304800275, -730454604//3962403575, 120779124//792480715, -415497768//3962403575, 1096117632//19812017875, -25020239//1524001375, -250820662//19812017875, 538399363//19812017875, -673821296//19812017875, 427919624//19812017875, -266855736//19812017875, 55807124//3962403575, -12166197//3962403575]
10; 3; 9; 3; 3; 1; 1; 8; 1; 1; [39344//1100125, -545764//660075, -1963952//3300375, -8527073//3300375, -3663854//3300375, -34871128//3300375, -3730104//220025, -13619828//3300375, -366209//132015, 693294//220025, 511939//220025, -138164//16925, 14072588//660075, -21428494//1100125, 7012846//660075, 6439813//84625, 148353891//1100125, 104252714//3300375, 953314858//3300375, 67709542//220025, -33530047//3300375, -100817731//660075, -142044766//220025, -10220686//220025, 289821574//660075, -127741319//220025, 46484646//84625, -279713666//660075, 896006396//3300375, -130626547//1100125, 61658692//3300375, 15664258//253875, -214534//3385, 6635966//84625, -47019551//660075, 3088756//220025, -1253554//50775, 5728562//220025, -4776896//220025, 16449428//1100125, -1069763//132015, 8605496//3300375, 4307299//3300375, -10221908//3300375, 12814384//3300375, -650716//220025, 7725214//3300375, -998939//660075]
10; 3; 9; 3; 2; 1; 1; 7; 1; 1; [-247342903//173077125, -263783224//173077125, -335107828//173077125, -181986866//173077125, -58164968//173077125, -79074331//57692375, 111891664//57692375, 1693394476//173077125, 1225086752//173077125, 29048736//2307695, 84678803//11538475, 204501272//11538475, 595956844//34615425, 2189081356//57692375, 6685736704//173077125, 3417617186//57692375, -1889630778//57692375, -11813839732//173077125, -3003984574//57692375, -9482454164//57692375, -47647677736//173077125, -62501129752//173077125, -791983756//2307695, 3134128108//11538475, -6067552144//34615425, 1005025508//11538475, -898560012//57692375, -4227424628//173077125, 8477128204//173077125, -2907278874//57692375, 6535894294//173077125, -1761418182//57692375, 2679952//341375, -76775312//4437875, -3213310016//173077125, -22391732//2307695, 63067672//11538475, -21980492//11538475, -5729008//11538475, 107040508//57692375, -379846768//173077125, 359514484//173077125, -266682242//173077125, 148871584//173077125, -25254192//57692375, -7440182//57692375, -303656//13313625, -105507476//173077125]
10; 3; 9; 3; 11; 1; 1; 10; 1; 1; [-2246833//14301625, -13432264//14301625, -25998688//14301625, -45685569//14301625, -62846828//14301625, -82707038//14301625, -3743248//1100125, 5783504//2860325, 123825504//14301625, 30352068//2860325, 28042464//2860325, 29856696//2860325, 58189824//2860325, 405400548//14301625, 865408444//14301625, 1016711643//14301625, 1468192809//14301625, 1454418548//14301625, 1223089448//14301625, -649119696//14301625, -578332424//2860325, -3524882424//14301625, -354697212//2860325, 1360308//220025, 185389036//2860325, -261767346//2860325, 1314846204//14301625, -988592108//14301625, 716586934//14301625, -265212783//14301625, 136010494//14301625, 151087064//14301625, -202424928//14301625, 10642308//2860325, -314338452//14301625, 5322552//2860325, -10946564//2860325, 12142644//2860325, -10360704//2860325, 37250064//14301625, -20142073//14301625, 8357314//14301625, 3010257//14301625, -5535056//14301625, 9416384//14301625, -8205818//14301625, 653948//2860325, -6517932//14301625]
10; 3; 9; 3; 12; 1; 1; 4; 1; 1; [-872574//1119625, -1236652//1119625, -136428//86125, -185166//223925, 2345602//1119625, 7228506//1119625, 11661192//1119625, 13368504//1119625, 13619278//1119625, 2218338//223925, 1944174//223925, 663132//44785, 2727048//223925, 3235818//86125, 37083742//1119625, 37363764//1119625, -1416426//44785, -169319542//1119625, -294794046//1119625, -344495682//1119625, -285932889//1119625, -156694898//1119625, 17920698//223925, 1140618//17225, -1224434//8957, 34164363//223925, -144493698//1119625, 105590506//1119625, -57195438//1119625, 3922632//223925, -2854481//1119625, -32347038//1119625, 7887174//1119625, -34483542//1119625, 695612//86125, -1166448//223925, 1528486//223925, -286638//44785, 1104432//223925, -3426048//1119625, 1626236//1119625, -165918//1119625, -136416//223925, 873064//1119625, -98676//86125, 542094//1119625, -804642//1119625, 155456//1119625]
10; 3; 9; 3; 8; 1; 1; 2; 1; 1; [-26122654//117230875, -6128451708//19812017875, -1432701476//3962403575, -7802320306//19812017875, -363164706//1524001375, 5986244012//19812017875, -5621410896//19812017875, 172226464//158496143, 43601166546//19812017875, 10575544626//3962403575, 7285054104//3962403575, 12297992508//3962403575, 1376193552//304800275, 139519398726//19812017875, 203251408818//19812017875, 23717181051//3962403575, 58120644906//19812017875, -155746250442//19812017875, -556542728342//19812017875, -424090423134//19812017875, -208145686537//3962403575, -1127864096166//19812017875, -295379916534//3962403575, 150832141254//3962403575, -36068427102//3962403575, -35864032239//3962403575, 366606505458//19812017875, -29481466602//1524001375, 67937688848//3962403575, -232434146352//19812017875, 124373211129//19812017875, -70704585326//19812017875, -32507293662//19812017875, -460618722//3962403575, -105509856588//19812017875, -3534303186//3962403575, -509301774//3962403575, 214003494//304800275, -3523631976//3962403575, 16576860888//19812017875, -12343089831//19812017875, 121215716//304800275, -3452589472//19812017875, 201443184//19812017875, 1095679924//19812017875, -2731596222//19812017875, 296055442//3962403575, -2869965528//19812017875]
10; 3; 9; 3; 9; 1; 1; 4; 1; 1; [640333//1119625, 640468//223925, 7474628//1119625, 11795149//1119625, 2331432//223925, 718399//223925, -8413948//1119625, -25123028//1119625, -37688252//1119625, -316566//8957, -1433469//44785, -8958972//223925, -1045764//17225, -118240368//1119625, -1844860//8957, -350231613//1119625, -372595569//1119625, -7617684//44785, 39989474//223925, 578528508//1119625, 865810793//1119625, 794174752//1119625, 10167906//44785, -4100736//44785, -2190572//223925, 13574388//223925, -98430924//1119625, 15450464//223925, -83272634//1119625, 25533363//1119625, -5648724//223925, 2313806//223925, 34104144//1119625, 26839164//1119625, 48592616//1119625, 53193//44785, 90328//44785, -61536//17225, 819852//223925, -3557844//1119625, 33481//17225, -1578554//1119625, 74983//1119625, 6972//223925, -2656//8957, 20288//21125, 227224//1119625, 1052276//1119625]
10; 3; 9; 3; 6; 1; 1; 7; 1; 1; [-12892591//13313625, -14265182//4437875, 12018086//13313625, -27522437//4437875, 435748//2662725, -338956//532545, -93102154//13313625, 224393531//13313625, -22722467//13313625, 1980484//887575, 35490203//887575, -49405289//2662725, 91098533//2662725, 668140316//13313625, 65520262//1024125, 30490598//4437875, 2221696786//13313625, -478633096//2662725, 2779852//40965, -286036336//13313625, -2799326082//4437875, 2396800162//13313625, -501177186//887575, -1611168226//2662725, 1036324067//887575, -3366137272//2662725, 4778005501//4437875, -9984947222//13313625, 1859843464//4437875, -138458074//1024125, -47585709//887575, 79321847//532545, -2350887508//13313625, 1729577987//13313625, -1456045894//13313625, 120199108//2662725, -152136884//2662725, 46993268//887575, -2739067//68275, 110448861//4437875, -146972062//13313625, 12547352//13313625, 23466381//4437875, -6943182//887575, 819181//106509, -81689033//13313625, 15535004//4437875, -8379833//4437875]
10; 3; 9; 3; 11; 1; 1; 8; 1; 1; [-7019182//14301625, -2793768//2860325, -16991484//14301625, -6669788//14301625, 21806596//14301625, 80548518//14301625, 120407224//14301625, 160967316//14301625, 142041516//14301625, 24202584//2860325, 27080307//2860325, 4268616//572065, 49394164//2860325, 340018512//14301625, 104792076//2860325, 151507089//14301625, -575713212//14301625, -1688438176//14301625, -251078676//1100125, -3602818134//14301625, -3203573136//14301625, -139735092//1100125, 98346564//2860325, -252599088//2860325, 910812//8801, -258975666//2860325, 5724744//84625, -107270328//2860325, 229679202//14301625, -720792//1100125, -228977348//14301625, 53587236//14301625, -27213954//1100125, 1538052//14301625, -175116408//14301625, 13047186//2860325, -12648052//2860325, 2000376//572065, -6426024//2860325, 16091436//14301625, -530904//2860325, -4749138//14301625, 8067244//14301625, -10461368//14301625, 4731036//14301625, -8258077//14301625, 62412//14301625, -2432028//14301625]
10; 3; 9; 3; 2; 1; 1; 12; 1; 1; [31702363//11538475, 442790636//173077125, 639280796//173077125, 520614782//173077125, -129207386//173077125, 8339282//887575, 26594408//13313625, -2718826576//173077125, -52979957//4437875, -242411958//11538475, -123795694//11538475, -313523684//11538475, -370408552//11538475, -630501734//11538475, -11965488566//173077125, -10746585832//57692375, -1278874234//57692375, 27905606486//173077125, -1404591478//11538475, 9648272212//57692375, 77084269606//173077125, 2526235477//4437875, 9818719042//11538475, -5961996574//11538475, 7580075978//34615425, -76765477//11538475, -284190434//2307695, 28904455582//173077125, -30113168018//173077125, 7468668008//57692375, -13369162637//173077125, 82622642//2307695, -32693964//57692375, 430294946//57692375, 2777595813//57692375, 173012548//11538475, -43052026//11538475, -41380166//11538475, 81558112//11538475, -90050928//11538475, 1136067512//173077125, -835356098//173077125, 34597808//13313625, -134530832//173077125, -4122436//11538475, 177292183//173077125, -119988742//173077125, 84341973//57692375]
10; 3; 9; 3; 12; 1; 1; 3; 1; 1; [-96//21125, -6872//21125, -11616//21125, 4464//21125, -43338//21125, 80537//21125, -5004//1625, 94812//21125, -9692//21125, 6588//4225, 8949//4225, 14928//4225, 996//4225, 216246//21125, -9946//1625, 849531//21125, -569364//21125, 1429218//21125, -2619392//21125, 807552//21125, -1286517//21125, -2159948//21125, 636828//4225, -88026//4225, -246482//4225, 393681//4225, -153714//1625, 1632206//21125, -1063932//21125, 549738//21125, -92091//21125, -235676//21125, 289716//21125, -340926//21125, 146546//21125, -6033//4225, 15906//4225, -18498//4225, 16404//4225, -59652//21125, 35131//21125, -13332//21125, -114//1625, 828//1625, -14876//21125, 12651//21125, -10326//21125, 3986//21125]
10; 3; 9; 3; 8; 1; 1; 10; 1; 1; [-5761936//14301625, 9339176//14301625, 16390656//14301625, 14006822//14301625, -6807396//14301625, 4891843//2860325, 47604144//14301625, 25300304//14301625, -30879877//14301625, -4158612//572065, -19108032//2860325, -10806648//2860325, -52921792//2860325, -12472068//1100125, -686162636//14301625, -674116251//14301625, -49413942//14301625, 924496056//14301625, 1969462//572065, 8160162//1100125, 1627427956//14301625, 3632197337//14301625, 144440076//572065, 50267148//2860325, -491223068//2860325, 647520618//2860325, -3082801932//14301625, 2341058332//14301625, -117675486//1100125, 696522654//14301625, -55259097//14301625, -53811466//2860325, 436811298//14301625, -28244244//1100125, 524131351//14301625, -3135504//572065, 27570932//2860325, -29120772//2860325, 24251232//2860325, -83852112//14301625, 44803847//14301625, -14823858//14301625, -6668866//14301625, 18239388//14301625, -4055452//2860325, 18094203//14301625, -903724//1100125, 10839091//14301625]
10; 3; 9; 3; 10; 1; 1; 7; 1; 1; [-364823951//57692375, -357655432//57692375, -499318488//57692375, -294849283//57692375, -396122//461539, -62817644//4437875, 858167716//57692375, 34896204//887575, 1780046851//57692375, 629786916//11538475, 14723103//461539, 886661904//11538475, 66261548//887575, 9499998246//57692375, 11001937462//57692375, 17004199863//57692375, -6368064777//57692375, -3687514834//11538475, 562871402//57692375, -48254800686//57692375, -13563560436//11538475, -533299559//341375, -17077934244//11538475, 2708305374//2307695, -8756615546//11538475, 4367685909//11538475, -4002102522//57692375, -5930976914//57692375, 942222708//4437875, -12450296871//57692375, 1868638576//11538475, -7006375594//57692375, 1643161302//57692375, -171721038//2307695, -4618589503//57692375, -484280601//11538475, 54710082//2307695, -7393098//887575, -23780364//11538475, 459121668//57692375, -544001314//57692375, 519046044//57692375, -382751011//57692375, 42769984//11538475, -7563688//4437875, -37663588//57692375, -1104342//11538475, -151731043//57692375]
10; 3; 9; 3; 9; 1; 1; 3; 1; 1; [-13836//21125, 12784//21125, 17156//21125, -4689//1625, 282084//21125, -378929//21125, 592624//21125, -521724//21125, 30217//1625, 36//13, -115887//4225, 183072//4225, -200532//4225, 958416//21125, -19468//1625, -2787276//21125, 268089//1625, -11144244//21125, 844178//1625, -11484624//21125, 3202839//21125, 10578559//21125, -1050672//845, 7907568//4225, -7899148//4225, 6346878//4225, -1616064//1625, 10689128//21125, -2720468//21125, -2463219//21125, 4631343//21125, -5093758//21125, 4239708//21125, -3200268//21125, 2347937//21125, -73416//845, 320012//4225, -229992//4225, 132672//4225, -250812//21125, -37442//21125, 195292//21125, -249159//21125, 224868//21125, -168808//21125, 100838//21125, -47028//21125, 13697//21125]
10; 3; 9; 3; 4; 1; 1; 11; 1; 1; [-4765496//3300375, -15399952//3300375, -14937512//3300375, -24720317//3300375, -24924542//3300375, 8455618//3300375, 13103756//1100125, 35417516//3300375, 4670539//253875, 7465008//220025, 6166317//220025, 1353736//44005, 45424412//660075, 85757662//1100125, 348415282//3300375, 75520284//1100125, 197211419//1100125, 254013902//3300375, -1064678998//3300375, -625659826//1100125, -165960062//253875, -3274745987//3300375, -14820024//16925, 38919022//220025, 2354694//8801, -102852351//220025, 550793686//1100125, -1354554254//3300375, 955298486//3300375, -162056683//1100125, 173195821//3300375, 25782326//3300375, -93802518//1100125, 43742194//1100125, -351430711//3300375, 1150817//220025, -4072062//220025, 997566//44005, -4518964//220025, 16988636//1100125, -30504754//3300375, 13384466//3300375, 125731//3300375, -6915164//3300375, 9189896//3300375, -3815958//1100125, 5925182//3300375, -7839811//3300375]
10; 3; 9; 3; 8; 1; 1; 8; 1; 1; [-35781087//14301625, -22458268//14301625, -7545064//2860325, -11959136//14301625, -1323668//572065, -60123101//14301625, 131032196//14301625, 129276488//14301625, 98214289//14301625, 8811198//572065, 4205628//572065, 87209268//2860325, 26529128//2860325, 70588704//1100125, 658487848//14301625, 255065211//2860325, -1005240684//14301625, -7342312//572065, 75402146//14301625, -4841596206//14301625, -4687480433//14301625, -7446179849//14301625, -94612806//572065, 274747056//572065, -1621328232//2860325, 1454852898//2860325, -5305163964//14301625, 3213828424//14301625, -249365126//2860325, -87661632//14301625, 6461603//114413, -1102056322//14301625, 837816522//14301625, -1034560824//14301625, 187338353//14301625, -2852319//114413, 14052756//572065, -55777608//2860325, 36580092//2860325, -90189984//14301625, 20408279//14301625, 81338//44005, -47480912//14301625, 1987792//572065, -41896132//14301625, 25027837//14301625, -20030524//14301625, -1105747//14301625]
10; 3; 9; 3; 6; 1; 1; 12; 1; 1; [-13472984//13313625, -985366//1024125, -5650012//4437875, 25365166//13313625, 43952882//13313625, 20964724//13313625, 40877192//13313625, 489497//341375, 3504002//4437875, -1016404//177515, -2064221//887575, 5257102//887575, -7109287//532545, 122268839//13313625, 314485868//13313625, 531513796//13313625, -338010637//4437875, -1935769987//13313625, -468606043//4437875, -810564122//13313625, 1007959202//13313625, 473829228//4437875, 10750021//35503, 209083967//2662725, -252604208//887575, 14265913//40965, -4224139948//13313625, 3174856199//13313625, -1896819677//13313625, 778954927//13313625, -38214187//4437875, -505405222//13313625, 196870203//4437875, -566702204//13313625, 182682414//4437875, -5265607//532545, 40348918//2662725, -40591301//2662725, 436922//35503, -109117838//13313625, 56296819//13313625, -4571014//4437875, -4593721//4437875, 24458014//13313625, -29863832//13313625, 23837984//13313625, -5489738//4437875, 10966357//13313625]
10; 3; 9; 3; 10; 1; 1; 12; 1; 1; [11041013//4437875, 29286916//11538475, 193416212//57692375, 106428596//57692375, -157568196//57692375, 245587117//57692375, -268025828//57692375, -865139172//57692375, -738441441//57692375, -225292302//11538475, -128763717//11538475, -338276748//11538475, -279821172//11538475, -3620592564//57692375, -534045832//11538475, -7962286272//57692375, 2282900664//57692375, 13528792296//57692375, 1186056938//57692375, 1278637926//4437875, 24701155767//57692375, 29852181441//57692375, 5393899338//11538475, -5146109412//11538475, 3965244232//11538475, -2540352462//11538475, 5781258528//57692375, -203130004//11538475, -2574436256//57692375, 3688241892//57692375, -3066556332//57692375, 3067144094//57692375, -1284029766//57692375, 2190647496//57692375, 1052337903//57692375, 203328807//11538475, -140945708//11538475, 76568028//11538475, -24894588//11538475, -55517652//57692375, 28380358//11538475, -176046596//57692375, 152594792//57692375, -98800452//57692375, 66350624//57692375, -12216121//57692375, 19757316//57692375, 42740583//57692375]
10; 3; 9; 3; 5; 1; 1; 7; 1; 1; [34803601//13313625, -4240166//4437875, -47745458//13313625, -23776951//13313625, 14163788//4437875, -3959604//887575, -163108226//13313625, -15906653//4437875, 41624129//2662725, 16312082//887575, -12962882//887575, -14164483//2662725, 171920791//2662725, -1166783516//13313625, 145785158//13313625, 591881791//4437875, 2128163576//13313625, -295869608//4437875, -50299748//887575, 2902153726//13313625, 3088099474//13313625, -1518228184//2662725, -1017616248//887575, -75148526//2662725, 625006169//887575, -2547173804//2662725, 4064266559//4437875, -9533929306//13313625, 2060686418//4437875, -2813442692//13313625, 446391278//13313625, 39267149//532545, -1557709442//13313625, 1889552737//13313625, -357218132//2662725, 57919829//2662725, -107618564//2662725, 38456956//887575, -32390477//887575, 112620759//4437875, -186595661//13313625, 63331414//13313625, 24641063//13313625, -68261422//13313625, 15917407//2662725, -69425962//13313625, 55636052//13313625, -7625407//2662725]
10; 3; 9; 3; 4; 1; 1; 5; 1; 1; [466747829//778376625, 594038438//778376625, 388632886//259458875, -26537413//51891775, -370912726//259458875, -1909122433//778376625, -6138053//2395005, -40727881//778376625, -129436542//259458875, 19728656//155675325, -77138439//10378355, -1390277534//155675325, 76962347//10378355, -7109696884//778376625, -6276078568//778376625, -27890364938//778376625, 2729854349//155675325, 36271336573//778376625, 98153527558//778376625, 18964732181//155675325, 13180117642//259458875, -34850160299//778376625, -27925771204//155675325, -583217678//31135065, 20119433716//155675325, -403615397//2395005, 123103069763//778376625, -94890326434//778376625, 58080375556//778376625, -5326126073//155675325, 4919608444//778376625, 1210309703//59875125, -67881516//3991675, 19517706443//778376625, -15946304867//778376625, 656365609//155675325, -224444086//31135065, 390147218//51891775, -64699589//10378355, 3319059253//778376625, -1789649114//778376625, 172085542//259458875, 19984979//51891775, -681632131//778376625, 903487829//778376625, -42681672//51891775, 185551486//259458875, -25774274//59875125]
10; 3; 9; 3; 7; 1; 1; 7; 1; 1; [6751668//11538475, -14700048//11538475, -52817716//57692375, -92621874//57692375, -48832068//11538475, 20319096//57692375, 434605344//57692375, 54244852//11538475, 43208733//11538475, 112876164//11538475, 1576167//177515, 7166832//2307695, 63653188//2307695, 119306352//11538475, 534391068//11538475, -1209655194//57692375, 102123738//4437875, 1220947836//11538475, -4563850776//57692375, -13649087064//57692375, -2209285252//11538475, -3539241753//11538475, -5164385736//11538475, -73166064//2307695, 703310492//2307695, -927645582//2307695, 4407656976//11538475, -3370629096//11538475, 10670789968//57692375, -379735026//4437875, 193693347//11538475, 1736945352//57692375, -3711978372//57692375, 530953284//11538475, -675008559//11538475, 8640732//887575, -39486956//2307695, 41680488//2307695, -34719888//2307695, 9222492//887575, -64473321//11538475, 100764568//57692375, 48684042//57692375, -23947644//11538475, 10888164//4437875, -140527002//57692375, 16911124//11538475, -14092359//11538475]
10; 3; 9; 3; 2; 1; 1; 6; 1; 1; [-71859371//778376625, -3335611551//3372965375, -16219589953//10118896125, -4446704452//3372965375, -28083324088//10118896125, 1596903362//778376625, 19216072887//3372965375, 15630154637//3372965375, 41530895084//10118896125, 13894132474//2023779225, 696941424//674593075, 1537977668//404755845, 3117930437//674593075, 142358786158//10118896125, 390968403473//10118896125, 389310614518//10118896125, 154610999446//10118896125, 60997912306//3372965375, -2005587248396//10118896125, -755625880067//3372965375, -1196088541166//10118896125, -708050980474//10118896125, -222893437256//2023779225, 50004885322//2023779225, 4068321484//134918615, -112589873294//2023779225, 204274911098//3372965375, -493913236456//10118896125, 374077880389//10118896125, -63164960254//3372965375, 73493017759//10118896125, -22329462471//3372965375, -173606347078//10118896125, 2314950439//778376625, -107714493662//10118896125, 1037752541//2023779225, -4396197032//2023779225, 1100293994//404755845, -1682652377//674593075, 6392241538//3372965375, -11375235506//10118896125, 5483924024//10118896125, -201379162//10118896125, -790457412//3372965375, 660944879//3372965375, -5587266953//10118896125, 145047824//778376625, -838180234//3372965375]
10; 3; 9; 3; 5; 1; 1; 12; 1; 1; [-2368877//2662725, 23668094//13313625, 13600//8193, 16612747//13313625, 61864678//13313625, 32095351//13313625, 6582752//2662725, 45722357//13313625, 1069602//4437875, 118232//887575, -4529274//887575, 23314//13655, -13290403//887575, 7083017//2662725, -284587468//4437875, -15116053//532545, -307370214//4437875, -1802461913//13313625, 373154959//13313625, 670178//532545, -235339522//13313625, 582434048//4437875, 142019707//887575, 346253653//2662725, -145513048//532545, 804648451//2662725, -53377648//204825, 808979271//4437875, -18880939//177515, 463808204//13313625, 10158997//4437875, -432076348//13313625, 37153717//887575, -520823596//13313625, 154119534//4437875, -27611251//2662725, 2780314//204825, -6806723//532545, 8702878//887575, -16433054//2662725, 12399121//4437875, -204704//532545, -16172566//13313625, 22548746//13313625, -8036816//4437875, 305444//204825, -13494826//13313625, 8378147//13313625]
10; 3; 9; 3; 3; 1; 1; 9; 1; 1; [7270826//3300375, 2216252//3300375, 6223244//3300375, 115084//84625, -574068//1100125, 16011778//3300375, -837092//1100125, -17875948//1100125, -3909066//1100125, -528102//44005, 379399//220025, -615548//16925, 6138452//660075, -71971252//1100125, -10923464//253875, -49104008//1100125, 12133968//1100125, 109292588//1100125, -177688408//3300375, 154036112//1100125, 331239378//1100125, 484097046//1100125, 13528162//44005, -188488036//220025, 664041448//660075, -197485286//220025, 55471008//84625, -1295009996//3300375, 515918368//3300375, 8725324//1100125, -107531161//1100125, 34231292//253875, -136857244//1100125, 126515264//1100125, -48956242//1100125, 1950059//44005, -2206244//50775, 7570364//220025, -4939964//220025, 12156764//1100125, -7839646//3300375, -10722092//3300375, 6395744//1100125, -6698736//1100125, 16942316//3300375, -3815724//1100125, 2441044//1100125, -282422//1100125]
10; 3; 9; 3; 6; 1; 1; 6; 1; 1; [302125406//259458875, 90717001//59875125, 1360365933//259458875, 342801199//59875125, 659296298//155675325, 1354964119//778376625, -3547605929//259458875, -4060790791//259458875, -4567467147//259458875, -869620484//31135065, -14687988//10378355, -2275059914//155675325, -5159019158//155675325, -16153402241//259458875, -67742913643//778376625, -121649606969//778376625, -49632862072//778376625, 4809632491//155675325, 195438706351//778376625, 507709479827//778376625, 116229050636//259458875, 138821614767//259458875, 14864088637//31135065, -799732241//2075671, 39676865636//155675325, -6833350231//51891775, 22637529076//778376625, 1644874607//59875125, -53797427362//778376625, 50415011594//778376625, -1752633692//31135065, 13482432156//259458875, 5316760261//778376625, 7316471098//259458875, 6878643471//259458875, 144628599//10378355, -83779318//10378355, 476241809//155675325, 21001831//51891775, -1896563254//778376625, 2315590561//778376625, -2313703792//778376625, 546455218//259458875, -15779806//11975025, 638833708//778376625, 387559966//778376625, 29367838//259458875, 224599916//259458875]
10; 3; 9; 3; 7; 1; 1; 12; 1; 1; [-78076771//57692375, -64802112//57692375, -79165196//57692375, -107599296//57692375, -2197744//11538475, 64285896//11538475, 228259736//57692375, 61601164//57692375, 375634044//57692375, 85759164//11538475, 13354131//2307695, 165284544//11538475, 4295028//887575, 1985111916//57692375, 93770592//57692375, 198140082//4437875, 2692541976//57692375, -525742604//11538475, -2532312612//11538475, -9208321656//57692375, -8487114199//57692375, -10743824844//57692375, 1603657704//11538475, 51094860//461539, -2686299856//11538475, 2993095824//11538475, -12796656612//57692375, 9167779476//57692375, -5090348812//57692375, 2012134248//57692375, 57429884//11538475, -446761884//11538475, 1645867692//57692375, -2277595272//57692375, 936845148//57692375, -101973714//11538475, 26810416//2307695, -746556//68275, 97161096//11538475, -304022772//57692375, 10884852//4437875, -16118572//57692375, -54446532//57692375, 695888//461539, -20288052//11538475, 65811352//57692375, -56665472//57692375, 16465728//57692375]
10; 3; 9; 3; 4; 1; 1; 2; 1; 1; [647042678//4572004125, 70761412//914400825, 248643656//4572004125, 22750456//914400825, 256812194//1524001375, -1180828394//1524001375, -1523229256//4572004125, -3263471764//4572004125, -999035081//4572004125, -32188686//304800275, 7193383//304800275, -432072396//304800275, 286385228//182880165, -4825691586//1524001375, 5459686346//914400825, -2809167497//1524001375, 69080296//304800275, -7825853874//1524001375, 36259967414//1524001375, 13595368412//1524001375, 36103435249//4572004125, 20882618521//4572004125, -15141824026//304800275, -4784987202//304800275, 46198059202//914400825, -3710595961//60960055, 83631036082//1524001375, -37067768638//914400825, 111928097692//4572004125, -3143154838//304800275, -307798107//1524001375, 10713529222//1524001375, -11972031224//1524001375, 12712604274//1524001375, -27670135087//4572004125, 543462696//304800275, -2432999534//914400825, 807176366//304800275, -9953904//4689235, 2134132372//1524001375, -49557308//70338525, 761034832//4572004125, 164202778//914400825, -533989592//1524001375, 602499552//1524001375, -1420899677//4572004125, 1051431722//4572004125, -550024387//4572004125]
10; 3; 9; 3; 11; 1; 1; 9; 1; 1; [-4804873//14301625, 4977576//14301625, -4071116//14301625, -3726219//2860325, 18698//14301625, -51058191//14301625, -44739788//14301625, 61592872//14301625, -43528249//14301625, 1202256//2860325, -14398734//2860325, 40854288//2860325, -10049184//572065, 336007878//14301625, -45036846//14301625, 236160051//14301625, 40139331//572065, -69947798//14301625, 1416466296//14301625, 721999878//14301625, -494729437//14301625, -1678468291//14301625, 265900476//2860325, 1099106646//2860325, -1675558702//2860325, 336423387//572065, -6777889386//14301625, 347310894//1100125, -2300227912//14301625, 124556373//2860325, 539247641//14301625, -78632484//1100125, 1222342494//14301625, -1039046466//14301625, 641081377//14301625, -68500401//2860325, 78051294//2860325, -68295498//2860325, 9851172//572065, -142682256//14301625, 54820032//14301625, 557696//1100125, -8151939//2860325, 53482076//14301625, -48771072//14301625, 38746304//14301625, -24203546//14301625, 9358777//14301625]
10; 3; 9; 3; 10; 1; 1; 6; 1; 1; [-3607553769//3372965375, -1142619729//674593075, -1761461844//3372965375, 5074527197//3372965375, -10882524582//3372965375, -9306805034//3372965375, 1927272356//259458875, 19795550147//3372965375, 19721827542//3372965375, -15222692//26983723, 3257381811//674593075, 17975546261//674593075, -2594550003//134918615, 124608566009//3372965375, 47758645891//674593075, 10245514889//3372965375, -277248943902//3372965375, 10922932907//3372965375, 108298863089//3372965375, -535579055618//3372965375, -751529200302//3372965375, -1034012615422//3372965375, 21934615037//134918615, 134149183781//674593075, -248458477079//674593075, 315751849//798335, -1122175713258//3372965375, 12251353383//51891775, -432468229353//3372965375, 130857530644//3372965375, 53294414506//3372965375, -151467546798//3372965375, 12433594947//259458875, -200721888306//3372965375, 76003094084//3372965375, -1940714599//134918615, 12119938894//674593075, -11130837361//674593075, 335549712//26983723, -25694702868//3372965375, 461882312//134918615, -717458848//3372965375, -5817899756//3372965375, 8160587766//3372965375, -7954217988//3372965375, 5952918326//3372965375, -4848062606//3372965375, 1218090559//3372965375]
10; 3; 9; 3; 4; 1; 1; 10; 1; 1; [33844//84625, 4868//660075, -345836//660075, -36511//26403, -175964//220025, 2733578//1100125, 1685036//3300375, -11856692//3300375, -3777493//1100125, 414654//220025, 11677//8801, -159828//220025, 4708636//660075, -2094012//1100125, 17262328//660075, 483224//8801, 598849//8801, 4687164//220025, -91197608//1100125, -27346792//1100125, -20579593//3300375, -178163107//1100125, -42080026//220025, 213732//44005, 68932216//660075, -32372858//220025, 12140368//84625, -73918868//660075, 50071232//660075, -1443747//44005, 1774707//220025, 613692//84625, -22547276//1100125, 22170792//1100125, -26817381//1100125, 677961//220025, -270484//44005, 1479668//220025, -1262532//220025, 4453204//1100125, -297059//132015, 556124//660075, 36427//132015, -12616//16925, 946316//1100125, -2862128//3300375, 2065156//3300375, -44057//84625]
10; 3; 9; 3; 12; 1; 1; 11; 1; 1; [-6572416//572065, -63832484//14301625, -98110312//14301625, -98658561//14301625, 265450956//14301625, 537006376//14301625, 14555564//2860325, -43064248//14301625, 622149238//14301625, 79451874//2860325, 46490862//2860325, 284223852//2860325, -124511984//2860325, 649268208//2860325, -1477195696//14301625, 311089404//1100125, 2040034101//14301625, -13613071536//14301625, -18941868376//14301625, -1313204796//2860325, -8073022742//14301625, -5099787218//14301625, 6218594574//2860325, 224390304//220025, -7632984128//2860325, 8890268466//2860325, -7850459172//2860325, 28667809592//14301625, -16731771464//14301625, 6831883653//14301625, -127605753//14301625, -5449357708//14301625, 88868412//220025, -6111170856//14301625, 4198324166//14301625, -278210169//2860325, 392683748//2860325, -381928152//2860325, 301150404//2860325, -194725848//2860325, 476259097//14301625, -90857084//14301625, -144931347//14301625, 246265752//14301625, -288174088//14301625, 8851862//572065, -163187836//14301625, 80314886//14301625]
10; 3; 9; 3; 2; 1; 1; 4; 1; 1; [-308168//3358875, 9667252//3358875, 3827572//1119625, 20565112//3358875, 2106894//1119625, 7358242//3358875, 11040568//3358875, -1168744//63375, -63278378//3358875, -4732122//223925, -4582582//223925, -1781788//223925, -38831576//671775, -31132514//1119625, -1786858//19875, -173153107//1119625, -223252584//1119625, 66201946//1119625, 300665018//3358875, 3004578//21125, 1580081627//3358875, 1303168678//3358875, 172427518//223925, 28564798//223925, -420534874//671775, 176724893//223925, -822414222//1119625, 1852844834//3358875, -392738236//1119625, 161618238//1119625, -11334512//1119625, -226034326//3358875, 126152642//1119625, -94464458//1119625, 343535324//3358875, -4704148//223925, 7623082//223925, -7834682//223925, 6408032//223925, -21731552//1119625, 34005574//3358875, -258552//86125, -7119566//3358875, 4944588//1119625, -16250356//3358875, 14751746//3358875, -8928554//3358875, 540128//258375]
10; 3; 9; 3; 8; 1; 1; 9; 1; 1; [23514766//14301625, 32289492//14301625, 36055272//14301625, 57363377//14301625, 35596866//14301625, -50946301//14301625, 101064848//14301625, -198199436//14301625, -47136786//2860325, -60442074//2860325, -30017433//2860325, -66176052//2860325, -108646908//2860325, -635257146//14301625, -1377244722//14301625, -411224997//14301625, -1187055777//14301625, 451264374//14301625, 3537122116//14301625, 932408292//14301625, 6120865121//14301625, 1211321118//2860325, 3120653586//2860325, -1447088538//2860325, 185446718//2860325, 573634707//2860325, -4582054158//14301625, 4563532134//14301625, -3780978876//14301625, 2470299909//14301625, -1290467013//14301625, 509882548//14301625, 319089456//14301625, -309214902//14301625, 37044564//572065, 29047674//2860325, 14409958//2860325, -36945978//2860325, 42612168//2860325, -189141228//14301625, 136017684//14301625, -80832936//14301625, 30772649//14301625, 238104//1100125, -19192652//14301625, 29981761//14301625, -22291442//14301625, 5269476//2860325]
10; 3; 9; 3; 9; 1; 1; 11; 1; 1; [889968//14301625, -139616//2860325, 3533576//14301625, 21767867//14301625, 8507818//14301625, 5707536//14301625, 36696708//14301625, 10999284//2860325, -12702121//14301625, -1054152//2860325, -3397509//2860325, 28008//220025, -3741684//2860325, -21074958//14301625, -21433726//2860325, -372304926//14301625, -1198223847//14301625, -1691542//84625, -106434186//14301625, -625186008//14301625, -39037659//2860325, -11098939//14301625, -176855472//2860325, 137297826//2860325, -87667686//2860325, 41445711//2860325, -2655918//1100125, -15836734//2860325, 105572242//14301625, -180680241//14301625, 6999352//1100125, -75382638//14301625, 8996436//14301625, -3932082//2860325, -7282967//14301625, -4876173//2860325, 205718//220025, -876294//2860325, -343836//2860325, 4885956//14301625, -47150//114413, 4869862//14301625, -4838941//14301625, 2026696//14301625, -1020768//14301625, -566379//14301625, 82878//2860325, -798467//14301625]
10; 3; 9; 3; 4; 1; 1; 8; 1; 1; [-176354//3300375, -9976//1100125, -26876//220025, -4281379//3300375, -1481128//1100125, -8371057//3300375, -2449344//1100125, -2433892//3300375, 1301842//3300375, 220104//220025, 810749//220025, -1008744//220025, 6107252//660075, -5689692//1100125, 23148416//1100125, 606703//220025, 73402153//1100125, 3902636//84625, 211921102//3300375, 35905274//1100125, -50745113//3300375, -117410402//3300375, 2405524//220025, -40579836//220025, 164437088//660075, -52294036//220025, 203207084//1100125, -128625652//1100125, 2462778//44005, -496167//84625, -19835786//1100125, 118599526//3300375, -35831618//1100125, 30016152//1100125, -67944046//3300375, 2315736//220025, -7412072//660075, 2077084//220025, -1440864//220025, 3951044//1100125, -1270177//1100125, -7818//16925, 4557347//3300375, -1676976//1100125, 4791496//3300375, -1098483//1100125, 1971176//3300375, -922786//3300375]
10; 3; 9; 3; 5; 1; 1; 6; 1; 1; [52606976//51891775, 409229633//259458875, -64744787//259458875, -2576149954//778376625, -764063698//259458875, -471543147//259458875, -51779014//259458875, 4279193239//778376625, 4597158133//778376625, -77147834//10378355, -576994974//51891775, 1955032459//155675325, 326754458//10378355, -3501832084//155675325, -30258500189//778376625, 1313164481//778376625, 17452140538//259458875, 51371908249//778376625, 29073476092//259458875, 63476663542//778376625, -71135806278//259458875, -351447427118//778376625, -134182678//798335, 907247878//155675325, 4628853113//51891775, -778377785//6227013, 3817069421//31135065, -25826851644//259458875, 49587014783//778376625, -22020174208//778376625, 7351565957//778376625, 11161411988//778376625, -10026740264//778376625, 308537611//59875125, -27373917424//778376625, 80020612//31135065, -819714218//155675325, 901904836//155675325, -51160522//10378355, 542803727//155675325, -1564909322//778376625, 182605216//259458875, 60464864//259458875, -154233761//259458875, 696833948//778376625, -171144643//259458875, 80792346//259458875, -558778619//778376625]
10; 3; 9; 3; 6; 1; 1; 4; 1; 1; [-5444//6625, -939746//258375, -2849402//258375, -3831341//258375, -272906//17225, -353683//19875, -387949//258375, 4088446//258375, 6669694//258375, 1753564//51675, 216897//17225, 253672//10335, 230781//3445, 417497//4875, 56535776//258375, 111446672//258375, 107093276//258375, 4713382//17225, 349643//86125, -145994741//258375, -1183554//1625, -81828973//86125, -42384821//51675, 16830451//51675, 289714//10335, -2305207//10335, 25953251//86125, -23318959//86125, 60848761//258375, -30309362//258375, 3900397//51675, -2095268//258375, -13098323//258375, 1705417//258375, -21527327//258375, -228439//51675, -125022//17225, 43653//3445, -45616//3445, 959761//86125, -1917757//258375, 1157006//258375, -237152//258375, -20159//51675, 415352//258375, -604673//258375, 87814//86125, -518597//258375]
10; 3; 9; 3; 12; 1; 1; 5; 1; 1; [-364346239//674593075, 5665235501//3372965375, -301076138//674593075, -7359540012//3372965375, 5447603114//3372965375, 4497303901//3372965375, -650864296//134918615, -1923379763//3372965375, 14174385581//3372965375, -10267650358//674593075, -387877155//26983723, 9867639478//674593075, -5819934683//674593075, 2280872832//674593075, -197671110311//3372965375, 31750379916//674593075, 142136383447//3372965375, -226449021509//3372965375, 216627658924//3372965375, 115732819804//674593075, -373660266112//3372965375, -30740627381//3372965375, 397711318892//674593075, 1720531056//26983723, -290948089572//674593075, 378050573877//674593075, -70921058418//134918615, 1348770059482//3372965375, -168643558558//674593075, 395738311981//3372965375, -55561311532//3372965375, -153519462183//3372965375, 55742703374//674593075, -271746402221//3372965375, 204878542827//3372965375, -9519309252//674593075, 645721478//26983723, -16836553468//674593075, 13944374703//674593075, -9534470136//674593075, 25363745522//3372965375, -1507104694//674593075, -4081439654//3372965375, 10081730813//3372965375, -11604559913//3372965375, 2170934401//674593075, -7820390506//3372965375, 4345875097//3372965375]
10; 3; 9; 3; 2; 1; 1; 3; 1; 1; [-11198//12675, -488//325, -17728//12675, -48684//21125, 2824//1625, -39334//63375, 282248//63375, 23888//21125, 56408//4875, 55236//4225, 34624//4225, 77304//4225, 228016//12675, 170112//4225, 189264//4225, -27296//845, 737924//21125, -3243752//21125, -4950116//63375, -4618216//21125, -4949558//21125, -16780144//63375, -97828//325, 1060704//4225, -2169968//12675, 394972//4225, -112456//4225, -52368//4225, 444016//12675, -857188//21125, 638864//21125, -1937228//63375, 125272//21125, -355824//21125, -796472//63375, -39066//4225, 70888//12675, -9904//4225, 168//4225, 5792//4225, -7718//4225, 22552//12675, -29348//21125, 16584//21125, -32408//63375, -6524//63375, -1224//21125, -29912//63375]
10; 3; 9; 3; 7; 1; 1; 6; 1; 1; [-3579625796//3372965375, -3093616321//3372965375, -4042923719//3372965375, -1884372908//674593075, -3291627648//3372965375, 431542849//134918615, 12736530368//3372965375, 11075445166//3372965375, 33585384237//3372965375, 6592335918//674593075, 3987568959//674593075, 773983183//51891775, 2550119496//134918615, 124487084586//3372965375, 6071019181//3372965375, 7274935418//259458875, 3246268109//51891775, -146928640922//3372965375, -100887253852//674593075, -540803693558//3372965375, -823113023281//3372965375, -1276405137702//3372965375, -33154081992//674593075, 71965924734//674593075, -79532929031//674593075, 13933314312//134918615, -240517697642//3372965375, 140582569228//3372965375, -47072105133//3372965375, -155930227//674593075, 37501806189//3372965375, -15598440582//674593075, 26214760316//3372965375, -75509714368//3372965375, -34358539986//3372965375, -3574041213//674593075, 260495392//51891775, -2597820604//674593075, 331189782//134918615, -3717150442//3372965375, 524098763//3372965375, 1582792032//3372965375, -17605620//26983723, 2300221744//3372965375, -481473688//674593075, 866324781//3372965375, -1395256968//3372965375, -903820491//3372965375]
10; 3; 9; 3; 9; 1; 1; 5; 1; 1; [-256761422//3372965375, -3128159978//3372965375, -682549037//674593075, 831548346//3372965375, -4223852322//3372965375, 2679326822//3372965375, 345796991//51891775, 6117176899//674593075, 30855235553//3372965375, 13422538268//674593075, 12810379614//674593075, 10097755896//674593075, 20173954549//674593075, 105402488042//3372965375, 192389873528//3372965375, 19306551136//674593075, 92618742994//3372965375, 191985783382//3372965375, -155480510232//3372965375, -145464242169//674593075, -112038809277//674593075, -765700630278//3372965375, -236021664202//674593075, -33152666116//674593075, 184582038286//674593075, -234489974161//674593075, 1100200895121//3372965375, -824835998576//3372965375, 20905546183//134918615, -229502721328//3372965375, 31389120586//3372965375, 97237956864//3372965375, -1524449740//26983723, 5291547869//134918615, -161583448324//3372965375, 6122546707//674593075, -10084548374//674593075, 10441011244//674593075, -659081373//51891775, 29247812091//3372965375, -15288696261//3372965375, 910294722//674593075, 2863579662//3372965375, -6287244874//3372965375, 7184478874//3372965375, -107833051//51891775, 823451826//674593075, -3311601289//3372965375]
10; 3; 9; 3; 10; 1; 1; 4; 1; 1; [412798//1119625, 4704728//1119625, 184568//44785, 7965521//1119625, -2058228//1119625, 4736119//1119625, 1236528//223925, -21893264//1119625, -24583372//1119625, -6404148//223925, -442422//17225, -2029128//223925, -3613384//44785, -33201228//1119625, -121397228//1119625, -34520679//223925, -232067481//1119625, 277532568//1119625, 89339486//1119625, 36859092//223925, 664186499//1119625, 661358372//1119625, 299690532//223925, 17551284//223925, -198954588//223925, 10569618//8957, -96883428//86125, 967062676//1119625, -124842574//223925, 278347647//1119625, -29541111//1119625, -105382522//1119625, 36865836//223925, -150082428//1119625, 177317176//1119625, -484944//17225, 11225476//223925, -11896812//223925, 1987296//44785, -34402344//1119625, 18605111//1119625, -1219306//223925, -2823913//1119625, 7327524//1119625, -8218852//1119625, 1505436//223925, -4822028//1119625, 288472//86125]
10; 3; 9; 3; 6; 1; 1; 3; 1; 1; [96227//63375, 1966//12675, 34524//21125, -15253//63375, 4942//12675, -26317//12675, -5929//21125, 36938//21125, -108548//21125, 13386//4225, -8452//845, 123238//12675, -259024//12675, -1862587//63375, -115836//4225, 492803//63375, -441107//63375, 1059644//12675, 288557//12675, 458309//4875, -12049369//63375, 19473014//63375, -1053399//4225, 1213141//2535, -6566512//12675, 5564201//12675, -19612526//63375, 33157//195, -1223467//21125, -1209361//63375, 53751//845, -898909//12675, 4383251//63375, -1198139//21125, 2715572//63375, -296888//12675, 54962//2535, -69401//4225, 42873//4225, -288916//63375, 4469//12675, 10328//4875, -15352//4875, 13511//4225, -2423//975, 36617//21125, -63202//63375, 29077//63375]
10; 3; 9; 3; 3; 1; 1; 7; 1; 1; [38120207//4437875, 27081196//2662725, 176590184//13313625, 39694714//4437875, 22785208//13313625, 21104464//1024125, -94305236//4437875, -64156016//1024125, -635127227//13313625, -75496242//887575, -47921938//887575, -93004716//887575, -362877136//2662725, -1018072932//4437875, -158868452//532545, -2021907523//4437875, 492429826//4437875, 490390904//1024125, 309753428//13313625, 5579702036//4437875, 24391640873//13313625, 32109315307//13313625, 2289040378//887575, -1329211188//887575, 1507121612//2662725, 63567068//887575, -1995057856//4437875, 1463137388//2662725, -7260407282//13313625, 1796037778//4437875, -3024384854//13313625, 1511797304//13313625, 15577276//341375, 148165068//4437875, 2457856121//13313625, 36729087//887575, -18465016//2662725, -12978044//887575, 21310212//887575, -111694216//4437875, 54104071//2662725, -14727914//1024125, 33389178//4437875, -23368964//13313625, -17284576//13313625, 18439568//4437875, -25765736//13313625, 68181221//13313625]
10; 3; 9; 3; 10; 1; 1; 3; 1; 1; [-17841//21125, 408//1625, 5084//21125, -46977//21125, 166186//21125, -255406//21125, 361108//21125, -58776//4225, 228106//21125, 864//325, -45738//4225, 81936//4225, -14064//845, 444726//21125, 245346//21125, -1328904//21125, 2483397//21125, -6737686//21125, 7163686//21125, -7251798//21125, 258873//4225, 4930774//21125, -2645028//4225, 3470022//4225, -3268494//4225, 502443//845, -7896762//21125, 3671718//21125, -532442//21125, -104553//1625, 2007037//21125, -2023022//21125, 1579746//21125, -48834//845, 887132//21125, -155097//4225, 128958//4225, -88506//4225, 1908//169, -73152//21125, -36627//21125, 92578//21125, -106269//21125, 89932//21125, -63452//21125, 34586//21125, -2994//4225, 2792//21125]
10; 3; 9; 3; 5; 1; 1; 4; 1; 1; [-12598//19875, -430982//258375, -6914//10335, -1392842//258375, -2363306//258375, -1197602//86125, -155791//19875, 3397286//258375, 61739//3445, 1450796//51675, 657714//17225, 1889008//51675, 2698649//51675, 17451359//258375, 2920184//19875, 146947//795, 1395479//4875, 78331406//258375, 115677301//258375, 29623043//258375, -45534407//86125, -31344988//51675, -30533719//51675, 2865017//51675, 14010478//51675, -20774101//51675, 2693693//6625, -1547203//4875, 767491//3445, -24753619//258375, 10301648//258375, 4070806//86125, -12229051//258375, 8559527//258375, -302266//3975, 377179//51675, -855302//51675, 323379//17225, -280448//17225, 1014859//86125, -571273//86125, 27992//10335, 164551//258375, -456097//258375, 764408//258375, -592556//258375, 117514//86125, -1604//975]
10; 3; 9; 3; 12; 1; 1; 2; 1; 1; [223994603//1524001375, -849317284//3962403575, -3629845088//19812017875, -11556513492//19812017875, -4719755522//3962403575, -19306939996//19812017875, 3438860176//19812017875, -4096903268//19812017875, -1359196504//19812017875, 1259365482//792480715, 1317690639//792480715, 478917204//3962403575, 19748043284//3962403575, 23738432106//19812017875, 31070446018//3962403575, 34231025313//19812017875, 440712254652//19812017875, 146232443894//3962403575, 329553072046//19812017875, -364683689646//19812017875, -506672310772//19812017875, -1363871413516//19812017875, -10768971186//158496143, -15446856702//792480715, 263896524954//3962403575, -319519004031//3962403575, 1453593522558//19812017875, -214843647374//3962403575, 655502728604//19812017875, -257793543654//19812017875, 7612958728//3962403575, 169419195718//19812017875, -233305080378//19812017875, 187584124854//19812017875, -227422781438//19812017875, 1847178462//792480715, -2790048262//792480715, 13967524026//3962403575, -11221911624//3962403575, 37288949748//19812017875, -3769721902//3962403575, 4674722744//19812017875, 4965731886//19812017875, -1685552756//3962403575, 10154360848//19812017875, -8726455318//19812017875, 5488665274//19812017875, -4477671278//19812017875]
10; 3; 9; 3; 11; 1; 1; 7; 1; 1; [-3014592//11538475, -25095676//57692375, -20931328//57692375, -1780412//57692375, 19395776//57692375, 107106059//57692375, 160532764//57692375, 316722728//57692375, 240019617//57692375, 32677902//11538475, 45043032//11538475, 31174692//11538475, 62890536//11538475, 22791612//2307695, 316345756//57692375, -413180367//57692375, -1277877768//57692375, -1956707396//57692375, -4447728074//57692375, -4948280544//57692375, -5112612353//57692375, -1663603737//57692375, 1147086402//11538475, -772554228//11538475, 408894412//11538475, -111668064//11538475, -72869136//11538475, 887184388//57692375, -1000881446//57692375, 795511416//57692375, -700101403//57692375, 149729338//57692375, -27357984//4437875, -253923324//57692375, 31174869//57692375, 24882963//11538475, -10019072//11538475, -478092//11538475, 6592884//11538475, -8665632//11538475, 41963483//57692375, -32647766//57692375, 19424536//57692375, -11328568//57692375, -2339852//57692375, -646102//57692375, -10189264//57692375, 4538649//57692375]
10; 3; 9; 3; 9; 1; 1; 2; 1; 1; [4453948708//19812017875, 1720760504//19812017875, 6316285796//19812017875, -5885203133//19812017875, -18628413378//19812017875, -17173358131//19812017875, -701098852//1524001375, -43960618496//19812017875, -3136852388//792480715, -4856370408//3962403575, -1258892736//3962403575, -21655602768//3962403575, 2658095448//792480715, -233861792838//19812017875, 9002660566//19812017875, -264051716181//19812017875, 565316232393//19812017875, 930201988818//19812017875, 709849327036//19812017875, 499243473156//19812017875, 775070522351//19812017875, -11880690628//304800275, -420043577628//3962403575, -292043702166//3962403575, 647172540022//3962403575, -145491893823//792480715, 3148904549706//19812017875, -2261231303462//19812017875, 1285434924772//19812017875, -457827136701//19812017875, -41748801936//19812017875, 429074353528//19812017875, -478336431012//19812017875, 498432109098//19812017875, -77113229894//3962403575, 24312505713//3962403575, -32498558374//3962403575, 30866114778//3962403575, -4777840356//792480715, 75624802776//19812017875, -35606263372//19812017875, 5064545812//19812017875, 13837176019//19812017875, -20771393376//19812017875, 22718492848//19812017875, -17672393867//19812017875, 12888097618//19812017875, -1415225186//3962403575]
10; 3; 9; 3; 3; 1; 1; 12; 1; 1; [-3825724//1024125, -24270084//4437875, -30267344//4437875, -70833332//13313625, 8463776//13313625, -518048//40965, 11540012//2662725, 452206472//13313625, 340903444//13313625, 39032538//887575, 26187264//887575, 8088924//177515, 72771288//887575, 449371764//4437875, 709282884//4437875, 1120908969//4437875, -58128816//4437875, -310661012//1024125, 129400924//2662725, -91488412//177515, -12626778977//13313625, -15872464304//13313625, -1404603402//887575, 558955524//887575, 9210452//177515, -381839472//887575, 2558787792//4437875, -181926756//341375, 1896591602//4437875, -1166769008//4437875, 1438294037//13313625, -37517336//2662725, -63437308//887575, 147039948//4437875, -1750592512//13313625, -7659423//887575, -37001312//2662725, 864540//35503, -22647108//887575, 7305984//341375, -64459458//4437875, 36136922//4437875, -32951504//13313625, -19300408//13313625, 8312536//2662725, -10687928//2662725, 31284944//13313625, -44212312//13313625]
10; 3; 9; 3; 7; 1; 1; 4; 1; 1; [-560347//1119625, -2503076//1119625, -1543592//1119625, -1045548//1119625, -190076//223925, 506448//86125, 3229996//223925, 11687528//1119625, 8353977//1119625, 3357882//223925, 549696//44785, 2811468//223925, 7128168//223925, 35559312//1119625, 43710296//1119625, -63686343//1119625, -63459912//1119625, -14047348//223925, -311095704//1119625, -7315644//17225, -358959923//1119625, -503919417//1119625, -100659138//223925, 3440064//44785, 35019368//223925, -57914562//223925, 303561516//1119625, -247092472//1119625, 166716926//1119625, -7162452//86125, 4661284//223925, 1626228//1119625, -11741004//223925, 26053656//1119625, -59867031//1119625, 781023//223925, -464532//44785, 2770392//223925, -2477148//223925, 9188496//1119625, -5435507//1119625, 2207006//1119625, -7716//1119625, -287468//223925, 1614768//1119625, -442222//223925, 1100156//1119625, -1331211//1119625]
10; 3; 9; 3; 5; 1; 1; 3; 1; 1; [-14152//63375, 3206//12675, -23996//12675, 81331//63375, -68824//21125, -37853//21125, 90323//63375, -181014//21125, 390232//63375, -27504//4225, -28593//4225, 134438//12675, -214628//12675, 3160957//63375, -129278//4225, 1159226//12675, -109687//4875, 1147794//21125, 7700269//63375, -4960013//63375, 19430842//63375, -6425182//63375, -72619//4225, 5177881//12675, -7045702//12675, 6747172//12675, -26169604//63375, 3346789//12675, -1550767//12675, 1268977//63375, 2964386//63375, -4314593//63375, 4602901//63375, -1032363//21125, 804598//21125, -297088//12675, 318304//12675, -89441//4225, 4787//325, -511904//63375, 6737//2535, 13648//12675, -187628//63375, 224351//63375, -63931//21125, 141916//63375, -70604//63375, 30409//63375]
10; 3; 9; 3; 12; 1; 1; 10; 1; 1; [-28548218//14301625, 9715428//14301625, -1688192//2860325, -3092951//2860325, 42126302//14301625, 17399947//14301625, -162584808//14301625, -144507468//14301625, 33515483//14301625, -2232234//572065, -77829//16925, 32420316//2860325, -79904476//2860325, 338700858//14301625, -497096358//14301625, 310259769//2860325, 46745811//572065, -1417380002//14301625, -211863712//14301625, 3432152508//14301625, 1547457273//14301625, 2455328357//14301625, 77427042//114413, 448705914//2860325, -1745079494//2860325, 2154239229//2860325, -9855486666//14301625, 7382158746//14301625, -890482732//2860325, 403296057//2860325, -157225366//14301625, -1021050616//14301625, 1610328264//14301625, -104386602//1100125, 1243013101//14301625, -924168//44005, 93481626//2860325, -94571526//2860325, 76650096//2860325, -256273356//14301625, 132135891//14301625, -6654376//2860325, -5613251//2860325, 59129324//14301625, -66868996//14301625, 60250779//14301625, -39322446//14301625, 25106881//14301625]
10; 3; 9; 3; 9; 1; 1; 10; 1; 1; [4297//21125, -134676//21125, -187904//21125, -29873//4225, -78522//21125, 22372//21125, 264336//21125, 47436//1625, 1014538//21125, 266562//4225, 236721//4225, 18996//325, 106476//845, 3285858//21125, 6826266//21125, 3553734//21125, -294591//4225, -5678178//21125, -10600282//21125, -18695016//21125, -27228243//21125, -32015798//21125, -4870218//4225, 553026//4225, 2095258//4225, -635403//845, 16263654//21125, -12713502//21125, 52298//125, -180849//845, 873426//21125, 541214//21125, -224436//1625, 1041006//21125, -3398764//21125, 54438//4225, -10022//325, 149442//4225, -26088//845, 475884//21125, -269277//21125, 109322//21125, 2263//4225, -83964//21125, 93224//21125, -111663//21125, 49866//21125, -73084//21125]
10; 3; 9; 3; 8; 1; 1; 7; 1; 1; [-72893901//57692375, 207452788//57692375, 136817372//57692375, 79797378//11538475, -181111956//57692375, 53935953//57692375, 893754508//57692375, -728678988//57692375, -35924002//2307695, -44298126//2307695, -19203879//887575, 151591092//11538475, -921211292//11538475, 76235412//4437875, -3904929208//57692375, -5190449682//57692375, -623729934//2307695, 13483328616//57692375, 5888432922//57692375, -7465102578//57692375, 21947063043//57692375, 3678267238//11538475, 3149348082//2307695, 4846691028//11538475, -15870667528//11538475, 19125807018//11538475, -86578842312//57692375, 64134321476//57692375, -2999791772//4437875, 3125822574//11538475, 496660758//57692375, -9061329474//57692375, 12645231666//57692375, -11570384616//57692375, 2139034958//11538475, -1719129//35503, 836137252//11538475, -833782812//11538475, 668422932//11538475, -2211790092//57692375, 1117875076//57692375, -20948552//4437875, -58681542//11538475, 554959668//57692375, -584937864//57692375, 495048791//57692375, -333105036//57692375, 42368162//11538475]
10; 3; 9; 3; 12; 1; 1; 8; 1; 1; [1138048//2860325, 4122272//14301625, 7695624//14301625, 4700333//14301625, -5174526//14301625, -37770823//14301625, -2749788//14301625, -7126892//2860325, -42362802//14301625, -5772816//2860325, -7560117//2860325, -10595112//2860325, -4255796//2860325, -31443486//2860325, -20893982//14301625, -433883844//14301625, -9880233//14301625, 429776706//14301625, 1341997708//14301625, 413907888//14301625, 163514021//2860325, 410450922//14301625, -407484216//2860325, 79729818//2860325, 9622986//220025, -220601421//2860325, 230892618//2860325, -969664286//14301625, 647365638//14301625, -361681539//14301625, 132390288//14301625, 114194944//14301625, -120749796//14301625, 1594038//114413, -124971264//14301625, 2494371//2860325, -8701018//2860325, 10580562//2860325, -9620124//2860325, 549348//220025, -21733801//14301625, 8889858//14301625, -223279//14301625, -4713192//14301625, 49156//84625, -6612531//14301625, 1237702//2860325, -3204744//14301625]
10; 3; 9; 3; 7; 1; 1; 3; 1; 1; [43678//21125, -16//25, -6568//21125, -12267//21125, -156916//21125, -26018//4225, 37576//21125, -7248//21125, -67787//21125, 792//169, -17352//4225, 2832//325, 17072//4225, 9444//1625, 33292//4225, -46512//21125, 191067//21125, 5698276//21125, 130048//845, -1414626//21125, -1144092//21125, -4862513//21125, -634464//845, 2016948//4225, -950004//4225, 147042//4225, 1755876//21125, -113644//845, 2926564//21125, -2392989//21125, 1883588//21125, -141784//4225, 177942//21125, 110244//21125, -585079//21125, -12282//845, 1524//325, 8244//4225, -22872//4225, 134736//21125, -23971//4225, 87964//21125, -52029//21125, 26048//21125, 752//4225, -14863//21125, 17364//21125, -1663//1625]
10; 3; 9; 3; 11; 1; 1; 12; 1; 1; [36060682//57692375, 39316724//57692375, 42641488//57692375, 51162272//57692375, -1705732//11538475, 45862763//57692375, -68396956//57692375, -158876656//57692375, -253078549//57692375, -63499482//11538475, -12992658//2307695, -43634268//11538475, -146757088//11538475, -685893672//57692375, -1361818184//57692375, -544705293//57692375, -532945932//57692375, 485926228//11538475, 1079314282//57692375, 4563448416//57692375, 6604179781//57692375, 7381330709//57692375, 987984138//11538475, 85606344//2307695, -1174207768//11538475, 1366497042//11538475, -6135724596//57692375, 4405636048//57692375, -2666543734//57692375, 1040271264//57692375, 33992942//11538475, -652303034//57692375, 1142902008//57692375, -590096952//57692375, 1022570827//57692375, -42460623//11538475, 12084564//2307695, -59167392//11538475, 46643868//11538475, -152751576//57692375, 73774973//57692375, -94006//341375, -22617976//57692375, 1668772//2307695, -41115164//57692375, 39089968//57692375, -18682972//57692375, 19565527//57692375]
10; 3; 9; 3; 9; 1; 1; 8; 1; 1; [11187652//14301625, -4960596//14301625, -30711424//14301625, -79008893//14301625, -140079142//14301625, -125565959//14301625, -79974424//14301625, 57585196//14301625, 71880667//14301625, 26009658//2860325, 30413961//2860325, 6479028//2860325, 15050364//572065, 182719278//14301625, 1303581486//14301625, 2275587279//14301625, 3576093813//14301625, 4651894222//14301625, 2629456304//14301625, 222675744//14301625, -2641300351//14301625, -3802250867//14301625, -554022522//2860325, -456460434//2860325, 956744238//2860325, -42212097//114413, 4562187714//14301625, -3173689842//14301625, 1935594172//14301625, -498555861//14301625, 61535141//14301625, 709565192//14301625, -55437276//1100125, 549673002//14301625, -674830111//14301625, 36341712//2860325, -47455826//2860325, 44671662//2860325, -6844176//572065, 107873244//14301625, -48517617//14301625, 8125432//14301625, 23315239//14301625, -27669784//14301625, 34311572//14301625, -25832033//14301625, 15166582//14301625, -12265771//14301625]
10; 3; 9; 3; 4; 1; 1; 9; 1; 1; [-9374789//3300375, -8937712//3300375, -10836932//3300375, -2670504//1100125, -20073956//3300375, 26237407//3300375, 3273168//1100125, 3632692//1100125, 77652166//3300375, 5179284//220025, 4123741//220025, 4347328//220025, 6592996//132015, 53849168//1100125, 352487452//3300375, 87398824//1100125, -2765592//84625, 292592516//3300375, -1315073542//3300375, -318622858//1100125, -465627557//1100125, -1240353566//3300375, -166998496//220025, 32714096//220025, 156782764//660075, -18098722//44005, 37025568//84625, -1181089064//3300375, 835406396//3300375, -150075668//1100125, 151824133//3300375, 7154834//3300375, -72058534//1100125, 45797924//1100125, -233764078//3300375, 1051456//220025, -10768268//660075, 4371512//220025, -790624//44005, 1138628//84625, -26490484//3300375, 11621276//3300375, -105848//1100125, -465764//253875, 7739744//3300375, -3143219//1100125, 1862844//1100125, -5451658//3300375]
10; 3; 9; 3; 8; 1; 1; 12; 1; 1; [3701938//57692375, -45570196//57692375, -46432636//57692375, -84018236//57692375, 29947626//57692375, 22649547//57692375, -213345232//57692375, 55754576//57692375, 289716124//57692375, 70329582//11538475, 63146172//11538475, 7566804//2307695, 177373024//11538475, 549159642//57692375, 1516384366//57692375, 972117921//57692375, 2286461076//57692375, -3392297346//57692375, -3181783512//57692375, 651261552//57692375, -6326840171//57692375, -7139723984//57692375, -2537989338//11538475, -82591398//11538475, 319137398//2307695, -2149816281//11538475, 10338632526//57692375, -7949373662//57692375, 5159077648//57692375, -2323987722//57692375, 238074222//57692375, 55622568//4437875, -107592648//4437875, 1188083322//57692375, -1536385702//57692375, 49619898//11538475, -90968642//11538475, 19461738//2307695, -81708984//11538475, 284864376//57692375, -154879072//57692375, 51970108//57692375, 21824278//57692375, -60109068//57692375, 64976904//57692375, -4612433//4437875, 39108182//57692375, -32602402//57692375]
10; 3; 9; 3; 2; 1; 1; 11; 1; 1; [13916618//14301625, 11635904//14301625, 16910004//14301625, 2398401//14301625, 56082188//42904875, 25222662//14301625, -49239872//14301625, -53963724//14301625, -207588089//42904875, -19546596//2860325, -12839243//2860325, -6257744//572065, -21533636//2860325, -353426288//14301625, -269533484//14301625, -47590688//1100125, 614487079//14301625, -230658128//42904875, 13362748//14301625, 1972744692//14301625, 159111283//1100125, 7784044069//42904875, 196871384//2860325, -28615376//220025, 47774092//343239, -338602466//2860325, 1161824336//14301625, -663098712//14301625, 189387428//14301625, 104669847//14301625, -708567694//42904875, 21399228//1100125, -159954304//14301625, 277836772//14301625, 22226267//42904875, 18071516//2860325, -16683252//2860325, 2511736//572065, -7766224//2860325, 99444//84625, -1427622//14301625, -8805612//14301625, 12681907//14301625, -36290104//42904875, 9611284//14301625, -4624184//14301625, 4931532//14301625, 4502027//42904875]
10; 3; 9; 3; 3; 1; 1; 6; 1; 1; [590053424//259458875, 2527326736//778376625, 2301298897//778376625, 57202524//51891775, 1420784592//259458875, 16781539//31135065, -8518553194//778376625, -864654863//59875125, -14754572113//778376625, -189081038//31135065, -177575634//10378355, -1720702816//31135065, -17849912//6227013, -17149591744//259458875, -26623090992//259458875, -1227558088//19958375, 7916156483//155675325, -4756912721//778376625, 7301041182//51891775, 255282727744//778376625, 534072723194//778376625, 234387877076//259458875, -6791995124//31135065, -3361288886//10378355, 17792686264//31135065, -484897284//798335, 392834058389//778376625, -276398603378//778376625, 146126348639//778376625, -9036418441//155675325, -7094469376//259458875, 12280987151//155675325, -54370014448//778376625, 27579968859//259458875, -10922660356//778376625, 46853831//2075671, -861195496//31135065, 782342446//31135065, -195245686//10378355, 8853982849//778376625, -3888649478//778376625, 82851524//778376625, 416151224//155675325, -2910982193//778376625, 195353393//51891775, -674161801//259458875, 1912195072//778376625, -114128921//778376625]
10; 3; 9; 3; 6; 1; 1; 11; 1; 1; [649399//84625, -9822776//3300375, -2586//3385, 11398266//1100125, -9514576//3300375, -18221139//1100125, 6082693//660075, 171992//132015, -173340848//3300375, -4700914//660075, 2122517//44005, -6816052//132015, -7551491//220025, -711445666//3300375, 691491616//3300375, -19536232//220025, -200684371//1100125, 1615564601//3300375, 421048314//1100125, -8368019//16925, 108869689//220025, 4695850463//3300375, -671491954//660075, -137997488//132015, 269162668//132015, -1465448278//660075, 6196003607//3300375, -4342161352//3300375, 37335298//50775, -866852549//3300375, -60358839//1100125, 896883436//3300375, -217812352//660075, 66148384//220025, -156459217//1100125, 51911839//660075, -13208968//132015, 4088384//44005, -15540359//220025, 143939587//3300375, -21428184//1100125, 1131296//660075, 2229032//253875, -3299549//253875, 45267946//3300375, -2458617//220025, 4975448//660075, -2633422//1100125]
10; 3; 9; 3; 2; 1; 1; 5; 1; 1; [681755421//3372965375, 4361624257//10118896125, 6629675981//10118896125, 632689262//2023779225, 164720438//10118896125, 30861220973//10118896125, 10803252073//3372965375, 28262196121//10118896125, 8528171326//3372965375, -2018937736//2023779225, 3223363776//674593075, 802302856//404755845, 13328904449//2023779225, 24189589952//10118896125, -25295569549//3372965375, -103609216741//10118896125, -6157178024//2023779225, 510802070852//10118896125, 66496301272//10118896125, -27271957793//3372965375, -332022029411//10118896125, -5182119472//259458875, 168855405794//2023779225, -84655114972//2023779225, 1328092474//134918615, 22679797379//2023779225, -69693586588//3372965375, 74510057018//3372965375, -196983299633//10118896125, 8872692714//674593075, -17154343763//3372965375, 166757369//59875125, 4664936338//10118896125, -41351083933//10118896125, 7443914282//3372965375, 1972442581//2023779225, 355963682//2023779225, -324886988//404755845, 687955057//674593075, -3155072378//3372965375, 2370847433//3372965375, -1506784456//3372965375, 388588366//2023779225, 282101416//10118896125, -874863469//10118896125, 1306865588//10118896125, -1652514958//10118896125, 5448514//59875125]
10; 3; 9; 3; 10; 1; 1; 11; 1; 1; [-18386483//14301625, 1791408//14301625, -5260//8801, 27011289//14301625, 7391122//14301625, -74440558//14301625, 77041388//14301625, 72247768//14301625, 2998106//14301625, 7483428//2860325, -2217186//2860325, 29639496//2860325, -15133376//2860325, 275514198//14301625, 283450962//14301625, 6736689//220025, -1853314989//14301625, -552728902//14301625, 1854811318//14301625, -1895600118//14301625, -1103457373//14301625, -1718826946//14301625, 25020648//2860325, 643462854//2860325, -904248414//2860325, 879738579//2860325, -3454577346//14301625, 2258017206//14301625, -215237588//2860325, 130155513//14301625, 314905519//14301625, -511029926//14301625, 540825666//14301625, -572462274//14301625, 281678812//14301625, -37782483//2860325, 41268086//2860325, -35184906//2860325, 24783996//2860325, -69236736//14301625, 24455601//14301625, 1436548//2860325, -25073007//14301625, 28104844//14301625, -24348956//14301625, 17701786//14301625, -12644354//14301625, 3514312//14301625]
10; 3; 9; 3; 11; 1; 1; 6; 1; 1; [1549918079//3372965375, 830925541//3372965375, 3061236989//3372965375, -168630882//674593075, 492809678//3372965375, -153036218//674593075, -1179862902//3372965375, 6969306931//3372965375, -529987532//674593075, 2123544594//674593075, 2059221429//674593075, -2343159212//674593075, 2602375453//674593075, -5728406748//259458875, 21323470469//3372965375, -57589451429//3372965375, 14031312796//674593075, 69601279757//3372965375, -1054277496//134918615, 97112709652//3372965375, -191926327771//3372965375, -18834272//26983723, -26679235416//674593075, -70093463136//674593075, 112642479578//674593075, -115268772477//674593075, 468247947948//3372965375, -24396611086//259458875, 164079317523//3372965375, -1717596646//134918615, -29777668489//3372965375, 14237921026//674593075, -76720614484//3372965375, 61609483037//3372965375, -774887842//51891775, 4545732606//674593075, -5310896494//674593075, 4716764192//674593075, -3447701133//674593075, 10124229618//3372965375, -4074136343//3372965375, -297979992//3372965375, 556135282//674593075, -3564122349//3372965375, 52549824//51891775, -2574422674//3372965375, 1519484562//3372965375, -158076052//674593075]
