11; 10; 4; 3; 9; 1; 1; 5; 1; 1; [25558011844198//12638501260125, 56943773849519//12638501260125, 40208058535257//4212833753375, 211729462066823//12638501260125, 141653021220718//12638501260125, 12985329319343//4212833753375, 8165410920037//12638501260125, -17344517322692//972192404625, -244822118821991//12638501260125, -12343802321874//842566750675, -25767590136073//505540050405, -192574328376697//2527700252025, -72890625262951//842566750675, -561935030393721//4212833753375, -1771216610344319//12638501260125, -3052561813222871//12638501260125, -455080423651811//972192404625, -1021534765505421//4212833753375, 1306160648681021//12638501260125, 1813248036909056//4212833753375, 14249004288574736//12638501260125, 4548693700629352//4212833753375, 1023168516370648//2527700252025, -18580861441668//168513350135, -75314169089219//842566750675, 149788737989699//842566750675, -875277453998833//4212833753375, 12526657831967//74784031125, -1700859468342943//12638501260125, 619743561092171//12638501260125, -461289832005364//12638501260125, -3363189686994//4212833753375, 529336726161809//12638501260125, 293753858691983//12638501260125, 941034762379393//12638501260125, -2178578196308//2527700252025, 230498946057//33702670027, -7670219842516//842566750675, 21349631746418//2527700252025, -84234205182559//12638501260125, 16872303995801//4212833753375, -26726696066423//12638501260125, -644157597793//4212833753375, 7052255427911//12638501260125, -14099407372727//12638501260125, 6698078716388//4212833753375, -30037861409//972192404625, 20085296667793//12638501260125]
11; 10; 4; 3; 2; 1; 1; 3; 1; 1; [-50504//3358875, -1349672//3358875, -861268//3358875, -27293//86125, 364918//1119625, 627977//3358875, 2053892//3358875, 3249416//3358875, 4466834//3358875, 448992//223925, 528696//223925, -108192//223925, 319288//44785, 44346//86125, 12399962//3358875, 7424841//1119625, 4443909//1119625, -28134658//1119625, -66111512//3358875, -34188884//1119625, -132947636//3358875, -159180514//3358875, -19855188//223925, -9620574//223925, 24893118//223925, -5761611//44785, 127714674//1119625, -278377834//3358875, 164867824//3358875, -21446553//1119625, -3011309//1119625, 41934124//3358875, -21280732//1119625, 16621434//1119625, -50238452//3358875, 909033//223925, -1275486//223925, 1239282//223925, -38964//8957, 242808//86125, -4604804//3358875, 912904//3358875, 484567//1119625, -862844//1119625, 2590984//3358875, -2292761//3358875, 1402862//3358875, -955712//3358875]
11; 10; 4; 3; 7; 1; 1; 5; 1; 2; [-180844277513//4212833753375, -8297960693237//12638501260125, 61232113268//194438480925, 2605866905557//12638501260125, 7336995231928//12638501260125, 11183105994//4985602075, 1263577418258//972192404625, 1794069514618//2527700252025, 5654291752819//2527700252025, 3580057072156//842566750675, 2980116998348//842566750675, -1573058637914//842566750675, 11582344358596//2527700252025, 4665653368904//12638501260125, 51894098378377//12638501260125, -70255095951434//2527700252025, -67913719569872//12638501260125, -522243818771723//12638501260125, -9528806721232//101108010081, -552644938300024//12638501260125, -973493197671//33702670027, -179127531143519//2527700252025, -8880308464548//64812826975, -83728996763296//2527700252025, 317696321747398//2527700252025, -390887364729424//2527700252025, 595820676335084//4212833753375, -1336317362367514//12638501260125, 160031767697368//2527700252025, -355880727958096//12638501260125, -8955073255594//12638501260125, 8702412746198//842566750675, -289104874091302//12638501260125, 48401368568854//2527700252025, -49062693416797//2527700252025, 10979680056922//2527700252025, -16968807393584//2527700252025, 17135826637972//2527700252025, -4622903381012//842566750675, 15446664167564//4212833753375, -7943068792028//4212833753375, 1171102607228//2527700252025, 5280550911349//12638501260125, -11413926574469//12638501260125, 2214222033298//2527700252025, -10845389703257//12638501260125, 468888913616//842566750675, -982914480257//2527700252025]
11; 10; 4; 3; 6; 1; 1; 3; 1; 1; [122653//258375, 3961//258375, -9746//51675, 160819//258375, -21266//258375, 398947//258375, 2745343//258375, 2829851//258375, 862126//51675, 1172452//51675, 14590//689, -25931//17225, 1161079//51675, -2471996//86125, -1398117//86125, 432176//51675, -21931414//258375, -17025209//258375, -939508//6625, -32533691//86125, -100285271//258375, -4856768//17225, -14798318//51675, -816688//3445, 25654507//51675, -9446107//17225, 40585572//86125, -1638526//4875, 3280166//17225, -18679072//258375, -4792772//258375, 14180059//258375, -8007908//86125, 13401997//258375, -3355226//51675, 325201//17225, -84834//3445, 399186//17225, -23541//1325, 960182//86125, -1333028//258375, 11106//17225, 175041//86125, -287789//86125, 276143//86125, -781129//258375, 2398//1625, -12158//10335]
11; 10; 4; 3; 3; 1; 1; 7; 1; 1; [-237831//86125, -30704//19875, -12452//3975, -76281//17225, 199096//258375, 2107747//258375, 93224//258375, 330092//258375, 3841012//258375, 16644//1325, 225219//17225, 438128//17225, 324668//51675, 5812756//86125, 4974872//258375, 2922162//17225, 501701//3445, -32462356//258375, -88331242//258375, -13679658//86125, -67483592//258375, -65105012//258375, 11093712//17225, 372244//17225, -6917832//17225, 9402516//17225, -44666252//86125, 105035636//258375, -12978412//51675, 2230757//17225, -508706//19875, -15320746//258375, 5600786//86125, -7442312//86125, 12898604//258375, -215362//17225, 396536//17225, -423348//17225, 356744//17225, -1234372//86125, 2046706//258375, -9724//3975, -15111//17225, 719512//258375, -960016//258375, 756013//258375, -49192//19875, 290744//258375]
11; 10; 4; 3; 10; 1; 1; 3; 1; 1; [528823//1119625, -1375704//1119625, -2954668//1119625, -921893//223925, -7517362//1119625, -10170179//1119625, -16415748//1119625, -1457496//86125, 1729488//1119625, 257328//17225, 3109806//223925, 1177584//223925, 9270656//223925, 19768962//1119625, 123404214//1119625, 164983878//1119625, 29133489//223925, 190998622//1119625, 172784804//1119625, 153575178//1119625, -169127997//1119625, -660273288//1119625, -139642956//223925, -13913934//223925, 100694694//223925, -130795299//223925, 617272626//1119625, -467042958//1119625, 304088854//1119625, -5188761//44785, 25205231//1119625, 64081232//1119625, -80527086//1119625, 80881914//1119625, -101676954//1119625, 3272181//223925, -5592406//223925, 5851026//223925, -4844676//223925, 16632816//1119625, -8816433//1119625, 2847874//1119625, 311323//223925, -260908//86125, 4239752//1119625, -3470556//1119625, 2468994//1119625, -2090094//1119625]
11; 10; 4; 3; 5; 1; 1; 4; 1; 1; [-784526//3358875, -746339//3358875, -1247656//671775, -13222531//3358875, -17638138//1119625, -88874398//3358875, -152064299//3358875, -179862277//3358875, -210320339//3358875, -46613621//671775, -684527//10335, -43608749//671775, -17009298//223925, -111135449//3358875, -16084096//3358875, 2130719//44785, 159424872//1119625, 1586715544//3358875, 2544879448//3358875, 4131284554//3358875, 3916383257//3358875, 3128132314//3358875, 118518893//223925, -5025591//44785, -108056944//671775, 187201751//671775, -1009282367//3358875, 839811952//3358875, -114728833//671775, 112680536//1119625, -28902658//3358875, 71250734//3358875, 102292674//1119625, 12505507//1119625, 6830533//86125, -158323//51675, 296293//26871, -3058597//223925, 2762933//223925, -31258262//3358875, 18951692//3358875, -535442//223925, 235981//1119625, 5685577//3358875, -3993076//3358875, 3187419//1119625, -1417604//3358875, 5780132//3358875]
11; 10; 4; 3; 12; 1; 1; 2; 1; 1; [61007916604992//71707617496775, -289716682891312//358538087483875, -221123386346496//358538087483875, -397556463774754//358538087483875, -1898038696719832//358538087483875, -716524520790706//358538087483875, 1279900106731936//358538087483875, 29959980018704//14341523499355, 47694627085888//358538087483875, 464220587034792//71707617496775, 271616470798056//71707617496775, 228786675021936//71707617496775, 1209571144028768//71707617496775, 392015034553032//71707617496775, 11073562838366872//358538087483875, -1088593522117734//358538087483875, 7407760483976754//358538087483875, 60995953796544952//358538087483875, 5287296754746076//358538087483875, -45094030269917496//358538087483875, -8171233291858042//71707617496775, -89741011145606768//358538087483875, -33176241004750008//71707617496775, 6979521907420776//71707617496775, 741451718737592//5515970576675, -17325416555541732//71707617496775, 18496020008144568//71707617496775, -5922039277187288//27579852883375, 53612115506494788//358538087483875, -28981629814257918//358538087483875, 12205135578525776//358538087483875, 4190524147327468//358538087483875, -12996269370570648//358538087483875, 2204670504569688//71707617496775, -15533189367548584//358538087483875, 178623847755648//71707617496775, -680936583171976//71707617496775, 840037961361864//71707617496775, -766501845081408//71707617496775, 23023482086208//2868304699871, -1745311291410004//358538087483875, 58385603361756//27579852883375, -27095653802398//358538087483875, -342842038574704//358538087483875, 570963864514408//358538087483875, -593606693952208//358538087483875, 80974359834232//71707617496775, -363333803407864//358538087483875]
11; 10; 4; 3; 11; 1; 1; 7; 1; 1; [986149//1119625, -87024//1119625, 1654652//1119625, 1433467//1119625, 5299664//1119625, 4857623//1119625, -4746856//1119625, -3250692//1119625, -3008868//1119625, -1258308//223925, -572397//223925, -3688608//223925, 860628//223925, -40161444//1119625, -47647536//1119625, -99806037//1119625, -29607387//1119625, -161497604//1119625, -88070498//1119625, 165150606//1119625, 140935737//1119625, 237911988//1119625, -41640168//223925, -49145892//223925, 92005072//223925, -99084912//223925, 416935788//1119625, -294280668//1119625, 156867274//1119625, -4247187//86125, -2033254//86125, 53757166//1119625, -61395702//1119625, 68240856//1119625, -2683572//86125, 3579918//223925, -4488528//223925, 4132788//223925, -3120888//223925, 9572508//1119625, -4281453//1119625, 209134//1119625, 2029549//1119625, -3154792//1119625, 2909176//1119625, -2240297//1119625, 1685376//1119625, -581136//1119625]
11; 10; 4; 3; 7; 1; 1; 4; 1; 1; [-24513956//3358875, -73422367//3358875, -20003491//671775, -8358538//223925, -32710816//1119625, 64625387//3358875, 259566592//3358875, 387369371//3358875, 34548196//258375, 6551968//51675, 58952189//671775, 69659786//671775, 8273493//44785, 1608696586//3358875, 950999684//1119625, 107064247//134355, 357233233//671775, -1772594267//3358875, -8110833167//3358875, -3886519929//1119625, -11568416401//3358875, -10273863413//3358875, -318670312//223925, 143896398//223925, -33601574//671775, -38521004//134355, 1552189753//3358875, -1343846204//3358875, 86827114//223925, -139837934//671775, 314519294//3358875, -460867951//3358875, -627989306//3358875, -110655016//1119625, -224759583//1119625, -7983289//671775, -5345894//671775, 12210554//671775, -905886//44785, 60918673//3358875, -13420913//1119625, 5369554//671775, -512359//223925, -3008936//3358875, 501224//3358875, -19379351//3358875, -1164143//3358875, -15405484//3358875]
11; 10; 4; 3; 3; 1; 1; 12; 1; 1; [-8120124//6803875, 18633052//6803875, 190914668//20411625, 347142724//20411625, 119236734//6803875, 22210842//1360775, -192645224//20411625, -815803336//20411625, -1059664958//20411625, -5027106//104675, -62334642//1360775, -59936316//1360775, -5241368//54431, -840292386//6803875, -2489665582//6803875, -3341196711//6803875, -4161187308//6803875, -2501829534//6803875, -10890234//104675, 355558496//523375, 283984579//258375, 1199620786//1570125, 767371182//1360775, 95811198//1360775, -586636686//1360775, 149091393//272155, -3545593518//6803875, 2563148054//6803875, -5461127084//20411625, 568914586//6803875, -193289322//6803875, -72292386//1360775, 711763504//6803875, -165550794//6803875, 1928393624//20411625, -19301052//1360775, 96328366//4082325, -33417114//1360775, 5483904//272155, -94478928//6803875, 47786554//6803875, -52592144//20411625, -36648362//20411625, 18373908//6803875, -4797996//1360775, 73248767//20411625, -25120762//20411625, 39054044//20411625]
11; 10; 4; 3; 9; 1; 1; 2; 1; 1; [210334290622694//358538087483875, 8891153934012//27579852883375, 13060504134936//27579852883375, 4183677792234//14341523499355, -58579192636534//71707617496775, -727312143147283//358538087483875, 22031835702072//27579852883375, -176634543816548//358538087483875, -928871449708268//358538087483875, -154704388342662//71707617496775, -30250553103657//14341523499355, -360942069685116//71707617496775, -13575488965756//71707617496775, -4627099330155474//358538087483875, 35319752006718//27579852883375, -6435938764547883//358538087483875, 33045837628614//14341523499355, 3493769893846594//71707617496775, 27595376144129368//358538087483875, 4079871538031994//358538087483875, 1298002410931166//27579852883375, 15890541744811288//358538087483875, -9209117283705522//71707617496775, -223595598831978//14341523499355, 6865982939369334//71707617496775, -8886599823588021//71707617496775, 41337919176117618//358538087483875, -31717766730482658//358538087483875, 19535814356142216//358538087483875, -359649222452088//14341523499355, 356233602274922//71707617496775, 5122589399093824//358538087483875, -5752715079821058//358538087483875, 518311441193538//27579852883375, -4104567364623286//358538087483875, 225868138335492//71707617496775, -76022650816226//14341523499355, 394687549070046//71707617496775, -326380576005984//71707617496775, 1109101324263108//358538087483875, -593464369902018//358538087483875, 170568239379756//358538087483875, 4068395396028//14341523499355, -45440687124748//71707617496775, 300248789975644//358538087483875, -239070735543348//358538087483875, 189649294298014//358538087483875, -88239371036686//358538087483875]
11; 10; 4; 3; 5; 1; 1; 3; 1; 1; [-6419732//3358875, -1973734//671775, -2409014//671775, -17338181//3358875, -441856//86125, -476711//671775, -6558596//3358875, -97724//26871, 2222164//1119625, -2651047//671775, -171814//51675, 25601359//671775, 7426901//223925, 27316339//258375, 31927213//223925, 81059807//671775, 136642622//1119625, 10490341//86125, -6941269//671775, 177196841//3358875, 135308707//671775, -101659972//3358875, 1713523//671775, 167823613//671775, -77486447//223925, 4283651//12675, -870688894//3358875, 118705577//671775, -10344257//134355, 70099408//3358875, 108038662//3358875, -31084252//671775, 169131613//3358875, -20622383//671775, 87083309//3358875, -14197//975, 10611452//671775, -8997454//671775, 6346732//671775, -17324734//3358875, 1289987//671775, 147818//223925, -5748082//3358875, 7709552//3358875, -1336057//671775, 1696101//1119625, -36874//51675, 388653//1119625]
11; 10; 4; 3; 4; 1; 1; 6; 1; 2; [-288377366//2273958375, 898477768//151597225, 353226292//34983975, 10865736692//2273958375, -24622578112//2273958375, -743607769//30319445, -68726709206//2273958375, -74893702018//2273958375, -22206652194//757986125, -3815184398//151597225, -591277652//454791675, -228811278//11661325, -35104421629//454791675, -134812347844//2273958375, -75367122632//454791675, -1314520391//8580975, 186392717203//2273958375, 507490119724//757986125, 102161006033//90958335, 2253749536891//2273958375, 782634651418//2273958375, -46121021331//757986125, 63318051282//151597225, 9697868711//151597225, -151338757657//454791675, 190526856101//454791675, -299386715944//757986125, 26420525663//90958335, -329190278//1716195, 65708005303//757986125, 17252701802//757986125, 399812479//30319445, 76956798311//757986125, -92959281281//2273958375, 97004392031//2273958375, -5043068791//454791675, 211522678//11661325, -8509973518//454791675, 6954113164//454791675, -23789420282//2273958375, 2437209491//454791675, -774624386//454791675, -2153952041//2273958375, 6579316396//2273958375, -10093192//6063889, 7125493343//2273958375, -3063563591//2273958375, 679155897//757986125]
11; 10; 4; 3; 8; 1; 1; 7; 1; 1; [-102199//51675, -1020//689, 349196//258375, 224729//258375, -94964//86125, 199637//86125, 502666//86125, 2307//17225, -456649//258375, 102774//17225, 175278//17225, -167152//51675, -536674//51675, 3767671//51675, 2492356//51675, -12842356//258375, -18476129//258375, -2190131//86125, -18447401//258375, -629292//6625, 183373//3975, 32669864//258375, 1036849//17225, 211583//3975, -1860604//17225, 6112046//51675, -5090506//51675, 1278577//17225, -11084453//258375, 2898743//258375, 628126//258375, -1428901//86125, 3128251//258375, -222026//17225, 336664//19875, -212357//51675, 92052//17225, -258493//51675, 65743//17225, -24106//10335, 58714//51675, -14496//86125, -135052//258375, 178456//258375, -201403//258375, 129191//258375, -18008//51675, 79472//258375]
11; 10; 4; 3; 7; 1; 1; 3; 1; 1; [-688408//258375, -12713677//3358875, -1344692//223925, -2014487//1119625, 135964//671775, 5761453//1119625, -14164597//3358875, -23594243//3358875, -1935221//134355, -4582026//223925, -6669073//671775, 15168724//671775, 6877906//223925, 123416168//1119625, 134477349//1119625, 28028412//223925, -469126//21125, -1550156//17225, -256348139//3358875, 1506783517//3358875, 1495798898//3358875, 121912041//223925, 211718477//671775, 50836154//223925, -111413877//223925, 125345031//223925, -536039256//1119625, 1179481861//3358875, -43033234//223925, 4578556//63375, 6297023//671775, -72353809//1119625, 108838857//1119625, -170612851//3358875, 52603073//671775, -12608467//671775, 5584456//223925, -5293828//223925, 12297742//671775, -2966696//258375, 109699//19875, -451582//671775, -179583//86125, 2174678//671775, -892699//258375, 199822//63375, -4995196//3358875, 323184//223925]
11; 10; 4; 3; 11; 1; 1; 12; 1; 1; [2403084//6803875, -257969588//88450375, -29724652//3538015, -1378135172//88450375, -1619307756//88450375, -846807246//88450375, 508838068//88450375, 2294663044//88450375, 3677867994//88450375, 744697062//17690075, 695944653//17690075, 31394172//707603, 1356366516//17690075, 10645151028//88450375, 24735904088//88450375, 7849761411//17690075, 50563327272//88450375, 38471347416//88450375, -4195644744//88450375, -48913810068//88450375, -1025348281//1119625, -70740368214//88450375, -409489386//1360775, 383402148//17690075, 531813016//3538015, -3776218554//17690075, 19438235184//88450375, -13989214396//88450375, 2339107106//17690075, -2668887924//88450375, 2854469808//88450375, 1153570428//88450375, -4719653544//88450375, -982645032//88450375, -5476515822//88450375, 74232813//17690075, -157863908//17690075, 35475828//3538015, -151548756//17690075, 553423284//88450375, -22256537//6803875, 29478674//17690075, 65820136//88450375, -64512732//88450375, 118236588//88450375, -153864934//88450375, 15270508//88450375, -112478202//88450375]
11; 10; 4; 3; 4; 1; 1; 9; 1; 1; [-2479326//1100125, 9128//220025, -2214232//3300375, 2907688//3300375, 281668//50775, 11874752//3300375, -1657216//1100125, 8145712//3300375, 14174944//3300375, -101676//220025, -175672//44005, 3438424//220025, -14775808//660075, 33020396//1100125, -7742604//220025, 76511134//1100125, -59363976//1100125, -145871236//660075, -346904852//3300375, 23125556//1100125, -63638992//3300375, 303963736//3300375, 89714564//220025, 13252732//44005, -431296628//660075, 160589074//220025, -694161372//1100125, 19789564//44005, -840458624//3300375, 101780852//1100125, 5399956//660075, -280880516//3300375, 111829268//1100125, -103056292//1100125, 244918028//3300375, -5423324//220025, 4313692//132015, -6805444//220025, 403792//16925, -16581232//1100125, 118704//16925, -3062504//3300375, -9138404//3300375, 548552//132015, -14933576//3300375, 4001468//1100125, -8097476//3300375, 4460948//3300375]
11; 10; 4; 3; 8; 1; 1; 12; 1; 1; [12919321//6803875, 2870464//6803875, -7535702//6803875, -54223177//20411625, -160741648//20411625, -197217718//20411625, 35267539//20411625, 121109889//6803875, 128123136//6803875, 35280426//1360775, 32470096//1360775, 5961041//816465, 58932073//4082325, -239832601//6803875, 1607730908//20411625, 2322280121//20411625, 3470196077//20411625, 5065165018//20411625, 724883151//6803875, -2117164833//6803875, -4704434089//6803875, -10821483253//20411625, -773386189//1360775, -88655569//1360775, 115058289//272155, -742863834//1360775, 800801762//1570125, -7911215111//20411625, 5097884413//20411625, -2120831359//20411625, 485165129//20411625, 1067569004//20411625, -592612799//6803875, 861572614//20411625, -1704021859//20411625, 18863149//1360775, -31757096//1360775, 19854307//816465, -27340746//1360775, 21502342//1570125, -49434182//6803875, 46586038//20411625, 28110076//20411625, -56393521//20411625, 23785808//6803875, -5107819//1570125, 32031004//20411625, -11635803//6803875]
11; 10; 4; 3; 2; 1; 1; 11; 1; 1; [-520707//1119625, -881224//1119625, -3173276//3358875, -4490363//3358875, 1054714//3358875, 3085409//1119625, 423268//258375, 15888//6625, 19490228//3358875, 1245456//223925, 899386//223925, 1925904//223925, 4373488//671775, 22507842//1119625, 9828534//1119625, 35159737//1119625, 37848581//1119625, -167981674//3358875, -136030724//1119625, -101366478//1119625, -9877284//86125, -331797868//3358875, -7203964//223925, 18930546//223925, -65570558//671775, 19486741//223925, -69743534//1119625, 42058002//1119625, -44825032//3358875, 34731//86125, 26449378//3358875, -21151512//1119625, 9571626//1119625, -16730046//1119625, 5613286//3358875, -967971//223925, 2828942//671775, -740494//223925, 37068//17225, -1154144//1119625, 237902//1119625, 1180928//3358875, -1813211//3358875, 1868728//3358875, -675352//1119625, 68816//258375, -317966//1119625, -89174//3358875]
11; 10; 4; 3; 3; 1; 1; 6; 1; 1; [49346062//58306625, 238380176//174919875, 98274624//58306625, 376156288//174919875, 72103068//58306625, 126344872//58306625, -126551656//174919875, -843073864//174919875, -330647846//58306625, -4923480//466453, -83986674//11661325, -144440352//11661325, -41303144//2332265, -1631526132//58306625, -5675297276//174919875, -3584449464//58306625, -2670599496//58306625, 1138345452//58306625, 849296468//58306625, 6990778612//58306625, 36866861194//174919875, 17982332926//58306625, 691934904//2332265, -1807114644//11661325, 478594508//11661325, 73193442//2332265, -4081331316//58306625, 13122865492//174919875, -4012044732//58306625, 2620223332//58306625, -1509488424//58306625, 608185964//58306625, 433836476//58306625, 63569364//58306625, 1429737398//58306625, 8750022//2332265, 193484//660075, -30423108//11661325, 7951752//2332265, -189945336//58306625, 430659212//174919875, -94619172//58306625, 120625156//174919875, -4713504//58306625, -16085776//58306625, 97630048//174919875, -49622548//174919875, 37383518//58306625]
11; 10; 4; 3; 6; 1; 1; 11; 1; 1; [1026409//258375, 69311//86125, 274096//258375, -591632//258375, -55912//6625, -919219//258375, 750883//258375, -3203368//258375, 3019682//258375, -1726586//51675, -404728//17225, 594432//17225, 37681//10335, -15518164//258375, 6858287//258375, -10701616//258375, 34336597//258375, 34335456//86125, 48874654//258375, 79885237//258375, 7008876//86125, -112318132//258375, 27350704//51675, 18973646//51675, -42199544//51675, 9502366//10335, -1301103//1625, 49303552//86125, -85171738//258375, 33125921//258375, 10122694//258375, -23673613//258375, 12100102//86125, -29274146//258375, 17796244//258375, -1587389//51675, 2119144//51675, -2013746//51675, 103993//3445, -1654079//86125, 2330951//258375, -355328//258375, -841424//258375, 1494934//258375, -1401013//258375, 416417//86125, -779776//258375, 323084//258375]
11; 10; 4; 3; 3; 1; 1; 5; 1; 2; [-18866952389772//4212833753375, -97637352381349//12638501260125, -7022711530556//2527700252025, -40023076584607//12638501260125, 189814842021362//12638501260125, 8191259430947//505540050405, 2055601980409//4212833753375, 201218241688453//12638501260125, -151998298820026//12638501260125, 31473679606718//2527700252025, 27699048120992//505540050405, -14305318214962//2527700252025, 3979277139842//842566750675, 1657530558048376//12638501260125, 1807724798736569//12638501260125, 61123541562208//842566750675, 595086280159442//12638501260125, -3030418799407249//4212833753375, -1310632948251728//2527700252025, -4148643030574837//12638501260125, -935737531781236//4212833753375, 1221652997192417//972192404625, 60760329985361//842566750675, -33204286829840//101108010081, 350858114180176//842566750675, -972379241739239//2527700252025, 3754151587866038//12638501260125, -2188132198989688//12638501260125, 209791462909516//2527700252025, -49946813570809//12638501260125, -890330308693906//12638501260125, 82051329158867//2527700252025, -889522617824401//12638501260125, 144545509156332//4212833753375, 26913769873981//972192404625, 15132976105329//842566750675, -9267712468178//505540050405, 37976385471617//2527700252025, -25622764698526//2527700252025, 22871633495316//4212833753375, -17087735504858//12638501260125, -497245259476//505540050405, 29630914880456//12638501260125, -13474760826407//4212833753375, 1514127902341//842566750675, -7930107772097//4212833753375, 3065311435947//4212833753375, 9256772280893//12638501260125]
11; 10; 4; 3; 2; 1; 1; 5; 1; 1; [-136263414841//12638501260125, -1310829776489//4212833753375, -2307310282476//4212833753375, -3482239761386//4212833753375, 1452451369028//2527700252025, 8542907898142//4212833753375, 2257661390774//2527700252025, 3209239323234//4212833753375, 6567359714837//12638501260125, -44251713004//842566750675, 819750541654//842566750675, 1487794586826//842566750675, 592315010028//64812826975, 25637303292196//12638501260125, -67561725881453//12638501260125, -49690050086072//12638501260125, 141994661815433//12638501260125, -25152935556091//842566750675, -56548709542012//972192404625, -3817954647976//101108010081, -637467691017497//12638501260125, -368438321316457//12638501260125, -42280150565724//842566750675, -69747504163028//2527700252025, 170599010794598//2527700252025, -194367769703438//2527700252025, 286514781704136//4212833753375, -16011066576806//324064134875, 119946587792608//4212833753375, -134169773081111//12638501260125, -2174897211693//842566750675, 1790711974158//324064134875, -31093632041338//2527700252025, 96576111536614//12638501260125, -112709822970191//12638501260125, 6280920994592//2527700252025, -8662559804492//2527700252025, 642766824584//194438480925, -2171858293764//842566750675, 7008205304876//4212833753375, -10168734009209//12638501260125, 1764741163564//12638501260125, 1163608365668//4212833753375, -1207521320299//2527700252025, 5329860261142//12638501260125, -1068155023541//2527700252025, 2826946140644//12638501260125, -706468110537//4212833753375]
11; 10; 4; 3; 10; 1; 1; 11; 1; 1; [7206406//1119625, 418404//1119625, 665304//223925, 4185586//1119625, -16394334//1119625, -15481521//1119625, 6146208//1119625, 123036//223925, -27712407//1119625, -256266//44785, -217551//17225, -6663252//223925, 4971052//223925, -97324386//1119625, 14019006//1119625, -43179918//223925, -155680506//1119625, 717791094//1119625, 528427236//1119625, 6184182//1119625, 38273499//223925, -231625713//1119625, -84358614//44785, 48161982//223925, 177718718//223925, -274353933//223925, 1380010122//1119625, -86107194//86125, 11344638//17225, -391423608//1119625, 130946757//1119625, 8526516//86125, -177222174//1119625, 40802802//223925, -177921489//1119625, 70734//3445, -11183162//223925, 12807822//223925, -11248392//223925, 40631052//1119625, -23700837//1119625, 138654//17225, 900052//1119625, -6157968//1119625, 9229308//1119625, -8218794//1119625, 1291062//223925, -4134789//1119625]
11; 10; 4; 3; 11; 1; 1; 6; 1; 1; [-3669497518//3057695875, -8145224036//3057695875, -8214509516//3057695875, -196627673//47041475, -15258807726//3057695875, 17779300177//3057695875, 914030256//122307835, 21781315736//3057695875, 29622504512//3057695875, 11408157126//611539175, 9031255308//611539175, 2727811812//122307835, 18710130656//611539175, 166368828738//3057695875, 126551642726//3057695875, 154718297361//3057695875, 60467788677//611539175, 220888328406//3057695875, -937635495532//3057695875, -205455472062//611539175, -1141461872936//3057695875, -1771385012212//3057695875, -176095968354//611539175, 103364445378//611539175, -7881177522//122307835, -3510799389//611539175, 153919641414//3057695875, -184324689622//3057695875, 185235108248//3057695875, -4909436721//122307835, 95485910238//3057695875, -81608904796//3057695875, -8397402462//611539175, -35307814038//3057695875, -105620611946//3057695875, -2866606446//611539175, 523926262//611539175, 193408146//122307835, -123607992//47041475, 8605563864//3057695875, -6900458372//3057695875, 4924233188//3057695875, -461507381//611539175, 960348708//3057695875, -379039696//3057695875, -382047168//611539175, 209355182//3057695875, -2554421606//3057695875]
11; 10; 4; 3; 6; 1; 1; 5; 1; 1; [4776067487221//4212833753375, -29877062278097//4212833753375, -20881986460351//4212833753375, -269154168278//324064134875, -25966471470176//4212833753375, -15872324419838//4212833753375, 67758753591397//4212833753375, 28078745136251//4212833753375, -49305973971676//4212833753375, 21424045336124//842566750675, 7178770574259//168513350135, -159735078816//33702670027, 28013963288344//842566750675, 89496013950634//4212833753375, 1038326267093997//4212833753375, 126465541412086//4212833753375, 14227213749084//4212833753375, 763953393959481//4212833753375, -69841945224984//324064134875, -3012647837089867//4212833753375, -21805675887907//324064134875, 317234228685721//4212833753375, -68599272369232//64812826975, -48861441414628//168513350135, 34353099998840//33702670027, -1045545420770876//842566750675, 4758506273930887//4212833753375, -3497917733023774//4212833753375, 2154243635879593//4212833753375, -70478555965036//324064134875, 56769966621288//4212833753375, 460654163750424//4212833753375, -64940677411842//324064134875, 675882430282377//4212833753375, -528446156232597//4212833753375, 29962339978586//842566750675, -1820562136632//33702670027, 1827295783460//33702670027, -36798086016924//842566750675, 122399610658547//4212833753375, -61604485495789//4212833753375, 15620581451528//4212833753375, 14818901452262//4212833753375, -28859764799717//4212833753375, 31499269635524//4212833753375, -30131840819066//4212833753375, 19179553126152//4212833753375, -10622961082782//4212833753375]
11; 10; 4; 3; 11; 1; 1; 5; 1; 2; [9441728793896//4212833753375, 2152546694621//842566750675, 5861750066047//4212833753375, -24092605705732//4212833753375, -44976082466728//4212833753375, -24283758414062//4212833753375, 20130396726411//4212833753375, 12433531583841//842566750675, 18596356646521//842566750675, 1972968827156//168513350135, -7660362028833//842566750675, 8896928679504//842566750675, 67024288559344//842566750675, 14506368932774//4212833753375, -34665711784177//842566750675, -304254775351447//4212833753375, 486070517688102//4212833753375, 1075729898856723//4212833753375, 977297643294832//4212833753375, -112441764084011//4212833753375, -564354201239156//842566750675, -84972047502678//64812826975, -160295667760312//168513350135, 116292113357252//842566750675, 23425911816848//64812826975, -485887711223056//842566750675, 2503117008957977//4212833753375, -410780834777594//842566750675, 105121146828173//324064134875, -53960161919498//324064134875, 249192237699669//4212833753375, 186866360978416//4212833753375, -318956549298588//4212833753375, 44796225531387//842566750675, -111045734439986//842566750675, 292497747850//33702670027, -19707297163072//842566750675, 23049295843036//842566750675, -20412847646964//842566750675, 74854361553157//4212833753375, -8872326873672//842566750675, 17510007811414//4212833753375, 1480687555396//4212833753375, -10873599912031//4212833753375, 16549760922836//4212833753375, -15010921330193//4212833753375, 1823558635072//842566750675, -480981300853//168513350135]
11; 10; 4; 3; 12; 1; 1; 6; 1; 2; [-21738551409//3057695875, -5430752596//611539175, -30215922452//3057695875, -39505275558//3057695875, -12305378236//3057695875, 38383967896//3057695875, 58011137956//3057695875, 67185680452//3057695875, 10894919251//235207375, 39807487854//611539175, 30974082573//611539175, 53641135884//611539175, 11428471108//122307835, 647114499924//3057695875, 90209525272//611539175, 671398368492//3057695875, 741831201738//3057695875, -853641576344//3057695875, -2610450280276//3057695875, -3203219592186//3057695875, -3971195737207//3057695875, -5261685530783//3057695875, -378067952586//611539175, 431707481988//611539175, -28684848872//47041475, 54500416566//122307835, -749920457088//3057695875, 63186989044//611539175, 73750374056//3057695875, -197917665306//3057695875, 256886059808//3057695875, -393064679248//3057695875, 63843206922//3057695875, -309723844296//3057695875, -180005935849//3057695875, -18276001719//611539175, 14260421932//611539175, -9034010364//611539175, 871538316//122307835, -2921060748//3057695875, -1462682983//611539175, 13254887036//3057695875, -958083702//235207375, 10036204148//3057695875, -9536303068//3057695875, 1130765627//3057695875, -4506040196//3057695875, -5201262649//3057695875]
11; 10; 4; 3; 10; 1; 1; 5; 1; 1; [15567640194176//4212833753375, 14696928790676//2527700252025, 105868152679169//12638501260125, 8692898610687//842566750675, -45914221758562//12638501260125, -25961940753533//2527700252025, 29646819305468//4212833753375, -33443851573699//972192404625, -484343106719629//4212833753375, -165764962862137//2527700252025, 37188311982658//2527700252025, -237270211046149//2527700252025, -134840032030258//842566750675, -54822053041421//972192404625, -56198411837128//2527700252025, -4311690390842119//12638501260125, -122739401188043//505540050405, 3284561413968039//4212833753375, 2346522100450351//2527700252025, 117543686422297//972192404625, 19724484583204127//12638501260125, 45386819132794202//12638501260125, 1355110097224851//842566750675, -2339176153470797//2527700252025, 288659701322842//842566750675, 126833232547441//2527700252025, -3582928484836144//12638501260125, 179317731203483//505540050405, -1453202266981684//4212833753375, 603448077805298//2527700252025, -1506762162840274//12638501260125, 280657466663957//2527700252025, -1400478424089//4212833753375, 488939350728161//12638501260125, 2660145606594161//12638501260125, 21416890122814//842566750675, -9774280461388//2527700252025, -24015060897781//2527700252025, 38326100619539//2527700252025, -66416409782348//4212833753375, 10837861758333//842566750675, -37936212738924//4212833753375, 11068416494101//2527700252025, -2638211783308//4212833753375, -68456530943//842566750675, 26082364066483//12638501260125, -3682983376753//4212833753375, 63055415660716//12638501260125]
11; 10; 4; 3; 3; 1; 1; 4; 1; 1; [-1107563//86125, 1239124//258375, 456904//258375, 1958384//258375, 1967906//51675, 3421904//86125, -8483536//258375, -10826852//258375, 759236//86125, -750918//17225, -161397//3445, 72564//1325, -3706908//17225, 680346//6625, -102779914//258375, 18988602//86125, -14620968//86125, -201110//159, -74967314//86125, 83248852//86125, 230087717//258375, 153188024//86125, 78411702//17225, 694722//689, -69613118//17225, 86190597//17225, -395336586//86125, 887278118//258375, -543236722//258375, 78654686//86125, -421474//3975, -43648442//86125, 61949936//86125, -4132146//6625, 52362022//86125, -2387682//17225, 172478//795, -3789342//17225, 3075288//17225, -10304316//86125, 15939928//258375, -4183762//258375, -3483322//258375, 1390076//51675, -2734592//86125, 7110073//258375, -4701914//258375, 1057222//86125]
11; 10; 4; 3; 9; 1; 1; 6; 1; 2; [1419048197//705622125, 3950779124//705622125, 136551817//18092875, 314603971//54278625, 275349548//705622125, -7404846334//705622125, -8805451936//705622125, -2329878352//235207375, -1675779902//235207375, -2562552892//141124425, -1863080109//47041475, -7924594063//141124425, -215318684//9408295, -31634018932//705622125, -21158877288//235207375, -36458523696//235207375, -24857926066//235207375, 23309274744//235207375, 382171950434//705622125, 555952023496//705622125, 522336120461//705622125, 167655231206//705622125, -18311342572//141124425, -8310173212//141124425, 7121539589//47041475, -5110307342//28224885, 8570123428//54278625, -85394227532//705622125, 43783797971//705622125, -22970233634//705622125, 51012364//18092875, 30320003197//705622125, 2619667016//235207375, 40105263628//705622125, -5112939202//705622125, 784794412//141124425, -1124304668//141124425, 1086638918//141124425, -57792476//9408295, 2781941024//705622125, -27084424//13313625, 187935256//705622125, 116099317//235207375, -674524204//705622125, 368011389//235207375, -175433842//705622125, 298461116//235207375, -101119022//705622125]
11; 10; 4; 3; 8; 1; 1; 6; 1; 1; [2485337758//705622125, 4368635668//705622125, 4640537468//705622125, 2518728279//235207375, 5838042014//705622125, -13401460//5644977, -672901248//47041475, -2102945552//235207375, -1399118996//54278625, -2166382122//47041475, -1650446244//47041475, -2674872748//47041475, -794510656//10855725, -31971134486//235207375, -85133490118//705622125, -27925202421//235207375, -62921879719//235207375, -14323694114//705622125, 58138702282//141124425, 7048215944//9408295, 204043659057//235207375, 969081016408//705622125, 36173267838//47041475, -23636913494//47041475, 11447186462//47041475, -2494197561//47041475, -1449621626//18092875, 88782302006//705622125, -7830299228//54278625, 24452358703//235207375, -57191512387//705622125, 8778894082//141124425, 72942672//3618575, 7784015146//235207375, 55611781094//705622125, 729223262//47041475, -259357186//47041475, -5353014//3618575, 240059576//47041475, -1514504968//235207375, 3989256616//705622125, -3106475264//705622125, 560842863//235207375, -803849632//705622125, 54688708//141124425, 58419307//47041475, -26637354//235207375, 1416094514//705622125]
11; 10; 4; 3; 8; 1; 1; 5; 1; 2; [916477702334//972192404625, 742786608976//972192404625, 1152998877962//972192404625, 3092827075558//972192404625, 1407764610568//324064134875, 1435283937252//324064134875, -2788282830334//972192404625, -5212940387696//972192404625, -501503221226//74784031125, -58545565544//4985602075, -209346683016//64812826975, -759140417752//38887696185, -6355393368568//194438480925, -41284150875494//972192404625, -3587081642432//74784031125, -48313122801002//972192404625, -17600932654738//972192404625, -20112600266168//324064134875, -105342282462026//972192404625, 136478342249554//972192404625, 75698486647252//324064134875, 492141295285018//972192404625, 34713084936858//64812826975, -50307127287518//194438480925, 595052043824//12962565395, 16309736834452//194438480925, -143212749900032//972192404625, 145439877752602//972192404625, -124455016012136//972192404625, 82840470362206//972192404625, -47571817475932//972192404625, 8744797423282//972192404625, 13494293599642//972192404625, -7685707008022//972192404625, 42942739540334//972192404625, 1086938321216//194438480925, 117945562376//64812826975, -225262586806//38887696185, 448040433606//64812826975, -6119256551632//972192404625, 4467408070202//972192404625, -2750362809916//972192404625, 1119292606576//972192404625, -49583847502//972192404625, -250583355086//324064134875, 1031703951172//972192404625, -53000556224//74784031125, 1111956313264//972192404625]
11; 10; 4; 3; 5; 1; 1; 11; 1; 1; [-141644//63375, 7288913//3358875, 23617406//3358875, 12523466//3358875, 17535859//3358875, -2923834//3358875, -126824069//3358875, 34982939//3358875, -55262734//1119625, 9418664//671775, -1494667//44785, -43410503//671775, -2334506//26871, 91214299//1119625, -382086043//3358875, -99267162//1119625, -375459571//3358875, -872239424//3358875, 524047189//3358875, 1350726083//1119625, -456787654//3358875, 7051731932//3358875, -703725416//671775, -20157616//44785, 274753509//223925, -14952068//10335, 1441638707//1119625, -1058487828//1119625, 1855898222//3358875, -772027483//3358875, -26490754//1119625, 517496827//3358875, -158982606//1119625, 607401248//3358875, -55584093//1119625, 29858701//671775, -1707559//26871, 41721458//671775, -6620522//134355, 35953367//1119625, -17802888//1119625, 10759627//3358875, 15249397//3358875, -28704527//3358875, 10042004//1119625, -21401308//3358875, 16810483//3358875, -3356929//3358875]
11; 10; 4; 3; 12; 1; 1; 9; 1; 1; [-454136//2860325, 73631496//14301625, 13798352//2860325, 109956762//14301625, 177174968//14301625, 126568282//14301625, -185503832//14301625, -278803848//14301625, -45334067//2860325, -23209812//572065, -91334994//2860325, -76081224//2860325, -275136552//2860325, -37715352//572065, -2467182576//14301625, -126721461//2860325, -2178228642//14301625, -3339689528//14301625, 475997348//14301625, 702001374//1100125, 11404293018//14301625, 3669525487//2860325, 977985228//572065, -639266424//2860325, -1966446464//2860325, 3074886948//2860325, -3144244128//2860325, 12637066152//14301625, -343202854//572065, 4340601774//14301625, -1333771654//14301625, -919126276//14301625, 2402564886//14301625, -1691726496//14301625, 546914261//2860325, -9829518//572065, 125011624//2860325, -144817176//2860325, 127591512//2860325, -93128616//2860325, 270497157//14301625, -21628682//2860325, -11150826//14301625, 72486176//14301625, -98548096//14301625, 101079311//14301625, -61978296//14301625, 12166841//2860325]
11; 10; 4; 3; 4; 1; 1; 7; 1; 1; [-168916//258375, -9248//10335, -291656//258375, -398074//258375, 64808//86125, -152738//258375, -42272//86125, 1427432//258375, 487382//86125, 22824//3445, 92266//17225, 11968//1325, 483368//51675, 1910432//86125, 787864//51675, 3344272//86125, 3208878//86125, -6406848//86125, -8710732//258375, -5253328//86125, -39476252//258375, -13089022//86125, -25120//689, 1066976//17225, -3291368//51675, 919276//17225, -3022464//86125, 1030384//51675, -78184//19875, -138066//86125, 387196//86125, -2714716//258375, 439976//86125, -1085992//86125, -308946//86125, -10096//3445, 10504//3975, -33424//17225, 20224//17225, -40024//86125, 296//51675, 83768//258375, -94798//258375, 27536//86125, -84736//258375, 12036//86125, -57496//258375, -9826//86125]
11; 10; 4; 3; 2; 1; 1; 2; 1; 1; [169030038659453//1075614262451625, 7740846138596//71707617496775, 146433732100768//1075614262451625, 225414495457256//1075614262451625, 304702743775774//1075614262451625, 27846284992267//27579852883375, 917032488844288//1075614262451625, 544631871881036//1075614262451625, 41158087800394//215122852490325, -54017336174538//71707617496775, -12059140029909//71707617496775, -85651152816308//71707617496775, -186900403614788//215122852490325, -738579164058226//358538087483875, -3334970110066//2868304699871, -2793789966807096//358538087483875, -2459239858386032//358538087483875, -7041089413633114//1075614262451625, -8573735168511356//358538087483875, -3290278718511816//358538087483875, 9768406566201859//1075614262451625, 599392650015394//16547911730025, 3069201693075522//71707617496775, -2259945959353234//71707617496775, 1341448920514502//71707617496775, -553922842404081//71707617496775, -123513639069958//358538087483875, 341173427234998//71707617496775, -7388875739185714//1075614262451625, 2122558748723554//358538087483875, -5530585744141382//1075614262451625, 719753858940772//358538087483875, -675678522840188//358538087483875, 232459343704994//358538087483875, 465365954089124//215122852490325, 77190894749758//71707617496775, -38445495408546//71707617496775, 8303828930478//71707617496775, 10664596946296//71707617496775, -99167415547388//358538087483875, 20996929800336//71707617496775, -273164310830314//1075614262451625, 178560622013762//1075614262451625, -107576194274972//1075614262451625, 3762686204612//358538087483875, 4409297222741//1075614262451625, -28837049359438//1075614262451625, 15446628327812//215122852490325]
11; 10; 4; 3; 9; 1; 1; 9; 1; 1; [84367589//14301625, -411064//2860325, 11632516//14301625, -1558503//2860325, -198238668//14301625, -293930426//14301625, -9963864//14301625, 39820372//14301625, -201351351//14301625, 1440288//220025, 2175963//220025, -7865064//220025, 15257012//220025, -1075961664//14301625, 426690508//2860325, -1516788381//14301625, 24480087//2860325, 7511174928//14301625, 8073962636//14301625, -113207826//14301625, -1107191902//14301625, -7164575949//14301625, -377704932//220025, -109072512//220025, 370199516//220025, -449090418//220025, 26452674888//14301625, -3925553864//2860325, 11857995182//14301625, -1011549657//2860325, 426704904//14301625, 3186636068//14301625, -3961528278//14301625, 3791038644//14301625, -3346384467//14301625, 12968262//220025, -19591028//220025, 19597224//220025, -15758712//220025, 678856668//14301625, -68857042//2860325, 83279282//14301625, 3358383//572065, -158821176//14301625, 187049228//14301625, -153621603//14301625, 107058844//14301625, -66532587//14301625]
11; 10; 4; 3; 7; 1; 1; 11; 1; 1; [-426098//223925, -1011466//223925, 1893148//258375, -18250222//3358875, -30433567//1119625, 830891//51675, 53001982//1119625, -14995388//3358875, -35364436//3358875, 9003032//671775, 19578257//223925, -21837967//223925, -5009078//223925, 26035229//134355, 4711052//26871, -324841238//1119625, 62349887//3358875, 798592207//1119625, -73792886//134355, -5403327806//3358875, 971868893//3358875, -597567064//3358875, 730667887//671775, -131968924//671775, -240589501//671775, 406567636//671775, -420111047//671775, 27601577//51675, -96532864//258375, 217763622//1119625, -29704499//1119625, -37503121//671775, 4610949//1119625, -84638072//1119625, 235365263//3358875, -4994827//671775, 16205264//671775, -19524419//671775, 17567189//671775, -994618//51675, 2650844//223925, -5779274//1119625, 37957//1119625, 888461//258375, -2954002//671775, 8134462//3358875, -3056887//1119625, 5935468//3358875]
11; 10; 4; 3; 11; 1; 1; 4; 1; 1; [20456//21125, 20996//21125, 33132//21125, 21797//21125, -24204//21125, -72123//21125, -43588//4225, -274916//21125, -222201//21125, -8262//845, -36423//4225, -54012//4225, -61228//4225, -693636//21125, -68192//1625, -851832//21125, 367503//21125, 2362404//21125, 3669498//21125, 1276224//4225, 5417576//21125, 3585321//21125, 738//169, -210228//4225, 274608//4225, -265338//4225, 982272//21125, -52436//1625, 20088//1625, -26001//21125, -8043//21125, 350334//21125, 4044//845, 399288//21125, 59103//21125, 2343//845, -12452//4225, 10332//4225, -7212//4225, 18852//21125, -6898//21125, -3516//21125, 7739//21125, -6648//21125, 10824//21125, -32//4225, 7948//21125, 1743//21125]
11; 10; 4; 3; 3; 1; 1; 3; 1; 1; [31286//258375, 112204//86125, 706496//258375, 1707952//258375, 562626//86125, 1796848//258375, 355096//86125, 103964//86125, -58444//6625, -242838//17225, -190383//17225, -263916//17225, -434132//17225, -3209562//86125, -6443914//86125, -12824787//86125, -23688144//86125, -14143746//86125, -1894186//19875, 5586894//86125, 20651491//86125, 2564024//6625, 5227782//17225, -2112858//17225, -139946//17225, 1379523//17225, -9462246//86125, 657566//6625, -22240808//258375, 3255418//86125, -2668353//86125, -235954//258375, 1022922//86125, -302382//86125, 2776666//86125, 29988//17225, 44198//17225, -79194//17225, 83232//17225, -352356//86125, 235933//86125, -426908//258375, 64354//258375, 6432//86125, -170704//258375, 63062//86125, -34162//86125, 66346//86125]
11; 10; 4; 3; 6; 1; 1; 2; 1; 1; [-35448094679698//82739558650125, -53963745579427//82739558650125, 108498126827033//82739558650125, 8279956445159//6364581434625, 54196988279446//16547911730025, 48507202838387//27579852883375, -25308771895372//27579852883375, -291867532616522//82739558650125, -36496442721426//27579852883375, -2212566612396//1103194115335, 31363342897761//5515970576675, -188463475432568//16547911730025, -267655819439599//16547911730025, -355392269672897//82739558650125, 349942303251339//27579852883375, -798695777627846//27579852883375, -954713684990162//82739558650125, -1885467178761097//16547911730025, -1170820360592717//27579852883375, 870651850308122//27579852883375, 3814921829913979//27579852883375, 25137904184310478//82739558650125, 131601520563817//1103194115335, -1917113869895117//16547911730025, 501736628442754//5515970576675, -76363740922913//1272916286925, 2378913728797514//82739558650125, -140686563475973//27579852883375, -848957645869144//82739558650125, 418212834225148//27579852883375, -358980466410544//16547911730025, 75468282943544//6364581434625, -666647645354347//82739558650125, 72584114782357//6364581434625, 1005782020499524//82739558650125, 3073070427107//661916469201, -54061656812998//16547911730025, 30190906241323//16547911730025, -3607239316722//5515970576675, -15075799206356//82739558650125, 17371031755062//27579852883375, -21466305470858//27579852883375, 55786585131724//82739558650125, -10048864305292//16547911730025, 22548322853672//82739558650125, -8657540124092//82739558650125, 3341627338882//27579852883375, 27450992506889//82739558650125]
11; 10; 4; 3; 5; 1; 1; 5; 1; 1; [303994594034//324064134875, -513729246866//324064134875, 1346160780122//972192404625, 97292673949//74784031125, -6148171277852//972192404625, -2352509819759//324064134875, -1465881537896//972192404625, -813344892779//324064134875, -2304500386583//972192404625, 4349130745088//194438480925, 1138487401132//64812826975, -2062524284071//194438480925, 2392445947573//194438480925, -16827090086747//972192404625, 74405762204038//972192404625, -46024268885132//972192404625, 63201638982158//972192404625, 248576394459542//972192404625, 36940261812419//324064134875, -30920048775034//972192404625, 358551265432//972192404625, -256484277902387//972192404625, -175934825945467//194438480925, 9425911334071//194438480925, 29781803751813//64812826975, -129137375083832//194438480925, 211501301246763//324064134875, -167046038552267//324064134875, 327704895139789//972192404625, -160896147955526//972192404625, 15513578508252//324064134875, 51264753536696//972192404625, -28639200172879//324064134875, 90218149114316//972192404625, -87447083674681//972192404625, 2556827642882//194438480925, -5351255066476//194438480925, 1976854899627//64812826975, -1701465387476//64812826975, 6040120612823//324064134875, -10224565659641//972192404625, 3677781888224//972192404625, 880365433474//972192404625, -1030200318913//324064134875, 4189281467546//972192404625, -3778551461297//972192404625, 939727600112//324064134875, -1943666986676//972192404625]
11; 10; 4; 3; 10; 1; 1; 2; 1; 1; [400702098050448//358538087483875, -75941178265708//358538087483875, 88941452352//2868304699871, -201137480817836//358538087483875, -1263083159463472//358538087483875, -1280059571457344//358538087483875, 476919510062844//358538087483875, 860707732649152//358538087483875, -971144890670439//358538087483875, 163057112286894//71707617496775, 218780531640966//71707617496775, -469570059814956//71707617496775, 1159927164761936//71707617496775, -4640219018460588//358538087483875, 840319518352876//27579852883375, -107938684960194//5515970576675, 7284977178709896//358538087483875, 45909504766243372//358538087483875, 32272756030997444//358538087483875, -14231011304639424//358538087483875, -15742259787004447//358538087483875, -50717680004781441//358538087483875, -25256239663222326//71707617496775, -7933448310699324//71707617496775, 25649637353337004//71707617496775, -30886015048089144//71707617496775, 139486077147123576//358538087483875, -103139392202492756//358538087483875, 12416495857407048//71707617496775, -25907387449320552//358538087483875, 2180989820253551//358538087483875, 16559707427265152//358538087483875, -21610533386311032//358538087483875, 1504177478889828//27579852883375, -18190105344192243//358538087483875, 904610277306651//71707617496775, -1350469790992016//71707617496775, 1344876962360316//71707617496775, -82903641272412//5515970576675, 3559677655322616//358538087483875, -1793827901064751//358538087483875, 84356689388892//71707617496775, 35452819914016//27579852883375, -64524259782928//27579852883375, 979585470878672//358538087483875, -820671781145742//358538087483875, 553401223716544//358538087483875, -27601573136451//27579852883375]
11; 10; 4; 3; 4; 1; 1; 12; 1; 1; [-33151726//20411625, 7082264//20411625, 38985688//20411625, 23139798//6803875, 87909088//20411625, 69084278//20411625, -5804296//20411625, -304857352//20411625, -268535894//20411625, -12466188//1360775, -16347878//1360775, 150088//272155, -41156056//1360775, -59047328//6803875, -1990336664//20411625, -851796716//6803875, -865298078//6803875, -2237378008//20411625, -575468108//20411625, 659160052//6803875, 64950898//258375, 906526774//20411625, 264801092//1360775, 339449152//1360775, -375110104//816465, 51264928//104675, -2815008184//6803875, 5772928288//20411625, -256622128//1570125, 24038322//523375, 307361776//20411625, -1204962404//20411625, 494900476//6803875, -338285048//6803875, 958968482//20411625, -24414382//1360775, 30306208//1360775, -5563616//272155, 20883896//1360775, -64131384//6803875, 82322468//20411625, -6908584//20411625, -14821694//6803875, 59336776//20411625, -60785984//20411625, 49618138//20411625, -26973664//20411625, 16389842//20411625]
11; 10; 4; 3; 7; 1; 1; 5; 1; 1; [-985662690281//324064134875, -3618378041664//4212833753375, -23007725665698//4212833753375, -14119857260087//4212833753375, 4960098658084//842566750675, 1810189807552//324064134875, 17992999081688//4212833753375, 1999518365716//168513350135, 3040955813786//324064134875, 4227286629544//842566750675, 51845013648//4985602075, 1801167370960//33702670027, 6713719460776//842566750675, 142510518466968//4212833753375, -11500563630652//324064134875, 732852143822943//4212833753375, 30421628190857//4212833753375, -202667954320788//842566750675, -860851681284846//4212833753375, -1334974979014938//4212833753375, -17381269376246//33702670027, -736550433344143//4212833753375, 339847417211464//842566750675, 360710770826532//842566750675, -138837488858876//168513350135, 755262041748846//842566750675, -3199710133528786//4212833753375, 2241412737593572//4212833753375, -1218439403682996//4212833753375, 429292994099441//4212833753375, 17663595370714//842566750675, -473390661651053//4212833753375, 463141067531046//4212833753375, -22853947543152//168513350135, 317454262496431//4212833753375, -2067077683158//64812826975, 34096107564188//842566750675, -6312739843628//168513350135, 23975982808104//842566750675, -74102378388326//4212833753375, 33067587559197//4212833753375, -2243052904446//4212833753375, -15275380645989//4212833753375, 4398322738952//842566750675, -23505270011043//4212833753375, 17119404836281//4212833753375, -556888121684//168513350135, 5475728093716//4212833753375]
11; 10; 4; 3; 8; 1; 1; 4; 1; 1; [-63332//51675, -1541017//258375, -2295562//258375, -3195808//258375, -1395344//86125, -563494//258375, 495602//19875, 7934//195, 14541301//258375, 618818//10335, 804512//17225, 51151//3445, 1057776//17225, 6153592//51675, 72767717//258375, 73354987//258375, 22467976//86125, 12459922//258375, -181285366//258375, -334638956//258375, -74915488//51675, -385236341//258375, -10074712//10335, 2893586//51675, 1020475//2067, -36755872//51675, 12195277//17225, -140971864//258375, 97703546//258375, -43871816//258375, 10753921//258375, 4937542//258375, -13093796//86125, 1758932//51675, -39143623//258375, 145517//10335, -1525616//51675, 339068//10335, -37362//1325, 347617//17225, -2884004//258375, 1130206//258375, 22318//19875, -931024//258375, 338194//86125, -104491//19875, 97208//51675, -21107//6625]
11; 10; 4; 3; 11; 1; 1; 3; 1; 1; [50017//44785, 1155252//1119625, 253736//1119625, -1398107//1119625, -2939178//1119625, -1746493//1119625, -5800264//1119625, -80700//8957, -1661513//223925, -1014426//223925, -687471//223925, -2286756//223925, -219188//223925, -5284494//223925, 24262338//1119625, 73484319//1119625, 9422799//86125, 151976538//1119625, 91058368//1119625, 13007328//86125, 31375122//223925, 4803913//223925, -24207726//223925, -22848966//223925, 45526834//223925, -49952463//223925, 42427806//223925, -149343126//1119625, 87785992//1119625, -24056739//1119625, -1158741//1119625, 32457544//1119625, -26900988//1119625, 7706502//223925, -4467751//223925, 1747656//223925, -2248734//223925, 2096106//223925, -1600272//223925, 993084//223925, -2241366//1119625, 298852//1119625, 1091161//1119625, -1373496//1119625, 122068//86125, -1072343//1119625, 188658//223925, -78571//223925]
11; 10; 4; 3; 5; 1; 1; 2; 1; 1; [-772673368218494//1075614262451625, -307504110830446//215122852490325, -4672845517890512//1075614262451625, -5151402061914409//1075614262451625, -788920516304602//358538087483875, -199989573459127//1075614262451625, 9875423337239419//1075614262451625, 12365725740870821//1075614262451625, 6545470984622074//1075614262451625, 3467212193630512//215122852490325, 2895538427899658//215122852490325, 7342845463999066//215122852490325, 2753068816938423//71707617496775, 2672662564872628//82739558650125, 4323798206301349//215122852490325, 35808452531709809//358538087483875, 22430001871743103//358538087483875, 40933542031778446//1075614262451625, -86224176832400798//1075614262451625, -484442574348177194//1075614262451625, -590483082409496026//1075614262451625, -490948505894460944//1075614262451625, -24785706559220431//71707617496775, 20737312838457901//71707617496775, -42371451953869729//215122852490325, 23464593762629249//215122852490325, -34325833984743728//1075614262451625, -3269173963708984//215122852490325, 49712024867450461//1075614262451625, -16328384450749226//358538087483875, 47885321182394363//1075614262451625, -37430118087637684//1075614262451625, -749687533117959//358538087483875, -11522901988238491//358538087483875, -7619002675368379//358538087483875, -2292719089376962//215122852490325, 1391669060669512//215122852490325, -194843253453752//71707617496775, 6183742944217//71707617496775, 1665483700579627//1075614262451625, -91209824435077//43024570498065, 775156856206572//358538087483875, -566912761641286//358538087483875, 6941986561027//6364581434625, -628717170991549//1075614262451625, -102036159603774//358538087483875, -331569160796018//1075614262451625, -721560304885417//1075614262451625]
11; 10; 4; 3; 8; 1; 1; 3; 1; 1; [-432004//258375, -942221//258375, -196834//51675, -520427//258375, -469966//258375, -4813//51675, 643887//86125, 410539//86125, 2696117//258375, 146786//51675, 163437//17225, 237151//17225, 2240093//51675, 6905268//86125, 28101331//258375, 5694211//51675, -8488358//258375, -7970419//258375, -5012464//51675, -20185757//86125, -276473//1625, -38135507//258375, 5954996//51675, -3657768//17225, 3935171//17225, -3272749//17225, 11814344//86125, -5903174//86125, 502908//17225, 1979956//258375, -7264882//258375, 470299//17225, -3358816//86125, 3406199//258375, -1649517//86125, 177988//17225, -489986//51675, 123254//17225, -74851//17225, 171334//86125, -5762//258375, -56//65, 352061//258375, -120319//86125, 4007//3975, -1487//1625, 54494//258375, -52931//258375]
11; 10; 4; 3; 7; 1; 1; 2; 1; 1; [2964356838597898//1075614262451625, 6661154155481927//1075614262451625, 163578792463381//82739558650125, 992273350901994//358538087483875, 640451718448467//71707617496775, 1839445427141168//1075614262451625, -15228467309086016//1075614262451625, -13573643379857878//1075614262451625, -15076864244993339//1075614262451625, -9028725451569413//215122852490325, -7330860770661013//215122852490325, -3754847890635136//215122852490325, -2793928318402983//71707617496775, -121771939795919588//1075614262451625, -69501791456600129//358538087483875, 2132297482168042//1075614262451625, -2478882653764744//82739558650125, -9983071204669402//215122852490325, 316301711075050432//1075614262451625, 183783698080714617//358538087483875, 538913643311823098//1075614262451625, 950982485328687934//1075614262451625, 5727225939361063//5515970576675, -20046789890014021//71707617496775, -47284115891241056//215122852490325, 99598214826296996//215122852490325, -561011309941722899//1075614262451625, 469560777569289574//1075614262451625, -113569183304305868//358538087483875, 192349410215436629//1075614262451625, -14555505720875879//215122852490325, -581721865736419//1075614262451625, 86565964928661538//1075614262451625, -17402613311664927//358538087483875, 37814362555808819//358538087483875, -463519393667062//215122852490325, 3778197140075053//215122852490325, -4979525715670444//215122852490325, 1562286232499168//71707617496775, -18158804785934159//1075614262451625, 3732168924872828//358538087483875, -5266726333602709//1075614262451625, 221108615567858//358538087483875, 411898739080883//215122852490325, -234073425425893//82739558650125, 3838345845226648//1075614262451625, -2278651252161806//1075614262451625, 203898824150399//82739558650125]
11; 10; 4; 3; 4; 1; 1; 6; 1; 1; [9623366//174919875, -32065372//174919875, -5875819//2332265, -107611516//58306625, -27435324//4485125, -397693358//58306625, -895950199//174919875, -1951774807//174919875, -1242543439//174919875, -26969344//2332265, -198315673//11661325, -33052222//6996795, -230699723//11661325, -203794052//13455375, 1837637072//174919875, 646072842//11661325, 6962172643//174919875, 27058136876//174919875, 9113845804//174919875, 5371097359//174919875, 17985003362//174919875, -6599307097//58306625, 94694134//466453, 4049384386//34983975, -30115390//107643, 11145743656//34983975, -49118622763//174919875, 35488270426//174919875, -4027851199//34983975, 2751728793//58306625, 2181145478//174919875, -5518230053//174919875, 7905563002//174919875, -2116101213//58306625, 4578916307//174919875, -72385382//6996795, 495628804//34983975, -95453002//6996795, 124022363//11661325, -1197381323//174919875, 191555612//58306625, -18277076//34983975, -188796196//174919875, 350729878//174919875, -110918381//58306625, 286055527//174919875, -1110396//1100125, 28530729//58306625]
11; 10; 4; 3; 12; 1; 1; 7; 1; 1; [0, 0, 0, 0, 0, 0, 0, 0, 0, 0, 0, 0, 0, 0, 0, 0, 0, 0, 0, 0, 0, 0, 0, 0, 0, 0, 0, 0, 0, 0, 0, 0, 0, 0, 0, 0, 0, 0, 0, 0, 0, 0, 0, 0, 0, 0, 0, 0]
11; 10; 4; 3; 4; 1; 1; 5; 1; 2; [-191943960307//505540050405, -6452098283762//972192404625, -1834294534331//972192404625, -31879692561227//4212833753375, -91839355628049//4212833753375, -197409815222537//12638501260125, 54280268418863//12638501260125, -60539051269258//12638501260125, 431717139662392//12638501260125, 216338204322379//2527700252025, 150030933808576//2527700252025, -32348531083852//2527700252025, 78338544226702//842566750675, 203974812652111//2527700252025, 2716922954157956//12638501260125, 1088843525527753//12638501260125, 5303607126151316//12638501260125, 2378155456851339//4212833753375, -2849187326771458//12638501260125, -2228129351880001//4212833753375, -1319336979374309//4212833753375, -24535899017389982//12638501260125, -6420784642182061//2527700252025, -56567882292364//2527700252025, 1273490579365091//842566750675, -5245493427576334//2527700252025, 5068994824093376//2527700252025, -19651691724009577//12638501260125, 4248097450753033//4212833753375, -5857647217012967//12638501260125, 1396451277230996//12638501260125, 1926193745877326//12638501260125, -1257253420125198//4212833753375, 1143895611857018//4212833753375, -4097766221597551//12638501260125, 116725886989631//2527700252025, -220604903404151//2527700252025, 237986675300737//2527700252025, -201242909487331//2527700252025, 140936684564084//2527700252025, -387490951915547//12638501260125, 132077071393339//12638501260125, 49270157358118//12638501260125, -10154827736318//972192404625, 12528253883402//972192404625, -154416195934454//12638501260125, 8198642865128//972192404625, -6683773605412//972192404625]
11; 10; 4; 3; 9; 1; 1; 7; 1; 1; [3551552//1119625, 1553428//1119625, 203912//86125, 3717656//1119625, -2880638//1119625, -10674002//1119625, -187808//44785, 2054588//1119625, -2560853//223925, -2304882//223925, -1232571//223925, -6784404//223925, 1627404//223925, -75691362//1119625, 10468142//1119625, -120114336//1119625, -115419216//1119625, 15354926//86125, 402202982//1119625, 45718572//223925, 214482157//1119625, 49238437//223925, -97162062//223925, -476274//1325, 167445086//223925, -185535741//223925, 794742474//1119625, -565992754//1119625, 315549922//1119625, -9294366//86125, -17268371//1119625, 121789646//1119625, -23557488//223925, 127036266//1119625, -15381367//223925, 6370302//223925, -8326554//223925, 7823694//223925, -6006984//223925, 18807084//1119625, -8681234//1119625, 973402//1119625, 3457382//1119625, -5379056//1119625, 458792//86125, -873167//223925, 3235886//1119625, -4211//3445]
11; 10; 4; 3; 2; 1; 1; 6; 1; 2; [488788081//174919875, 57789484//13455375, 275505324//58306625, 269247766//58306625, 109913062//58306625, -633647126//174919875, -771112208//58306625, -2838561976//174919875, -3887289311//174919875, -383232654//11661325, -274877546//11661325, -504935124//11661325, -1701970328//34983975, -5866177362//58306625, -15362597722//174919875, -5164941524//58306625, -992980126//58306625, 8339700958//58306625, 60981091466//174919875, 34529771008//58306625, 118306281211//174919875, 152714734831//174919875, 6670922066//11661325, -5307401106//11661325, 10278564598//34983975, -1727469071//11661325, 1503879274//58306625, 6774064034//174919875, -4710582242//58306625, 4707866312//58306625, -3605644951//58306625, 11030485298//174919875, 60682064//58306625, 2269148406//58306625, 7536474383//174919875, 189633534//11661325, -6085154//660075, 37815014//11661325, 679992//897025, -180620816//58306625, 635226109//174919875, -201752762//58306625, 146922752//58306625, -82954176//58306625, 168843548//174919875, 27909629//58306625, 39939278//174919875, 218010023//174919875]
11; 10; 4; 3; 3; 1; 1; 11; 1; 1; [-2377159//258375, -231684//86125, -987952//258375, -536687//86125, 4756178//258375, 6820868//258375, -1893232//258375, 462164//51675, 7004509//258375, 58602//3445, 802227//17225, 59284//17225, 192268//3975, 6377978//86125, 4167914//86125, 8503119//86125, 15930607//86125, -225240638//258375, -241407638//258375, -8354116//86125, -23905922//51675, -78629189//258375, 8373126//3445, -29524198//17225, 16637354//17225, -5833767//17225, -7352626//86125, 2139954//6625, -100325504//258375, 31524041//86125, -79247434//258375, 31015186//258375, -6381208//86125, -64474//3445, 6086723//258375, 39262//689, -446062//17225, 3762//1325, 192472//17225, -1464236//86125, 1482137//86125, -273908//19875, 808861//86125, -1416004//258375, 102736//258375, 261121//258375, -134554//51675, 558863//258375]
11; 10; 4; 3; 12; 1; 1; 12; 1; 1; [-29767784//88450375, -81943656//88450375, -48981448//88450375, -230629522//88450375, 86043988//88450375, 438742522//88450375, -474113712//88450375, -385076104//88450375, 462123787//88450375, 192420//54431, 59867856//17690075, 49547352//17690075, 135933184//17690075, 713499684//88450375, -1173788484//88450375, 1577462868//88450375, 10920669762//88450375, -5433068608//88450375, -14937019912//88450375, 5860044282//88450375, -41133299//1119625, -1360339847//88450375, -218002428//3538015, -158134044//17690075, 859600812//17690075, -1087784226//17690075, 5117889372//88450375, -3919661292//88450375, 2473263004//88450375, -586034034//88450375, -144040649//88450375, -190708216//88450375, -466723134//88450375, 585603132//88450375, -650828881//88450375, 5714016//3538015, -46891236//17690075, 48492468//17690075, -39722784//17690075, 135795792//88450375, -72543357//88450375, 21930604//88450375, 22374446//88450375, -34655924//88450375, 1632608//6803875, -24626289//88450375, 18559052//88450375, -13486021//88450375]
11; 10; 4; 3; 6; 1; 1; 6; 1; 2; [317432684//757986125, -511823596//757986125, -49514684//151597225, -1395861439//757986125, 273641142//757986125, -637898133//757986125, -4000123408//757986125, 1541549296//757986125, 1234012946//757986125, 414265698//151597225, 649789854//151597225, -1154865012//151597225, 2888573016//151597225, -10419800034//757986125, 9122463346//757986125, 3835557039//151597225, 68514412479//757986125, -20856902202//757986125, 5945316228//757986125, 61990952988//757986125, -38416630366//757986125, -33305823766//757986125, -52345247262//151597225, -24852307746//151597225, 64813133378//151597225, -75251572599//151597225, 333171249978//757986125, -242772805082//757986125, 28781939192//151597225, -53773784823//757986125, -5238422421//757986125, 39244600884//757986125, -48670038756//757986125, 46922588862//757986125, -39008518988//757986125, 2363649582//151597225, -62789958//2860325, 3236131542//151597225, -2547776616//151597225, 8251136208//757986125, -4026839827//757986125, 161472332//151597225, 1306023617//757986125, -2204741736//757986125, 2309331384//757986125, -1868083301//757986125, 1289666122//757986125, -744416528//757986125]
11; 10; 4; 3; 9; 1; 1; 12; 1; 1; [75551044//88450375, 7494392//3538015, 25525972//6803875, 553842642//88450375, 694701896//88450375, 53497913//88450375, -23120672//17690075, -677233668//88450375, -1308518141//88450375, -357483096//17690075, -289885653//17690075, -456640824//17690075, -21849148//707603, -5627866884//88450375, -1500061216//17690075, -15071285286//88450375, -18131335842//88450375, -15262553996//88450375, 12030520522//88450375, 4200035652//17690075, 457338327//1119625, 46221841441//88450375, 3367586844//17690075, -3080836068//17690075, 2262792096//17690075, -21625596//272155, 2677204308//88450375, -78218236//17690075, -2314692988//88450375, 1467840414//88450375, -2915155618//88450375, 176464762//6803875, -36104424//17690075, 2188246584//88450375, 1988227403//88450375, 118371696//17690075, -78950952//17690075, 39689604//17690075, -2053824//3538015, -4099764//6803875, 17840731//17690075, -117136468//88450375, 73361154//88450375, -75576448//88450375, 45251296//88450375, 1157966//17690075, 27370344//88450375, 51405683//88450375]
11; 10; 4; 3; 2; 1; 1; 9; 1; 1; [3070823//42904875, -3687812//8580975, -18710828//42904875, -39690424//42904875, 10377122//14301625, 26493673//8580975, 4311304//2860325, 24226952//8580975, 15570413//3300375, 8356242//2860325, 10865164//2860325, 730156//572065, 21974768//2860325, 88010794//14301625, 17094778//1716195, 128863006//14301625, 432600568//14301625, -692442702//14301625, -957794944//8580975, -34225758//572065, -608957084//8580975, -24053533//3300375, 14269202//2860325, -193422326//2860325, 156388802//1716195, -247138517//2860325, 965860982//14301625, -27931162//660075, 882997514//42904875, -1903702//1100125, -137470081//14301625, 12042184//1716195, -43263638//2860325, 19918154//2860325, -310013237//42904875, 11019128//2860325, -35121262//8580975, 1966858//572065, -6792688//2860325, 18695832//14301625, -3533252//8580975, -548902//3300375, 21920582//42904875, -8753256//14301625, 3546152//8580975, -1213296//2860325, 1377746//8580975, -4126637//42904875]
11; 10; 4; 3; 4; 1; 1; 4; 1; 1; [-646024//258375, 116184//86125, 41424//86125, 6494//2067, 2536036//258375, 72258//6625, 5888//3445, -224184//86125, 226528//51675, -172812//17225, -161666//17225, 198216//17225, -2487848//51675, 2045748//86125, -6524044//86125, 3006676//86125, -2087066//17225, -86195716//258375, -21764904//86125, 746732//17225, 13703874//86125, 23999944//51675, 1513916//1325, 2593524//17225, -45077732//51675, 19273714//17225, -89972996//86125, 68365268//86125, -42650492//86125, 3782154//17225, -9900818//258375, -9475432//86125, 2617012//17225, -12337188//86125, 7353548//51675, -496668//17225, 826916//17225, -856876//17225, 705936//17225, -2402936//86125, 1272918//86125, -371612//86125, -139882//51675, 1509712//258375, -619352//86125, 105728//17225, -367148//86125, 11708//3975]
11; 10; 4; 3; 11; 1; 1; 11; 1; 1; [-389624//223925, -4803316//1119625, -982632//223925, -221811//44785, 2024614//1119625, -9578436//1119625, -3526384//1119625, 20678756//1119625, 4080302//223925, 6603138//223925, 4056813//223925, 5682948//223925, 13905644//223925, 11722506//223925, 7161442//86125, 7730181//44785, 17503743//223925, -281491774//1119625, 46721286//1119625, -244892286//1119625, -665668346//1119625, -162077722//223925, -25653474//17225, 106135698//223925, 47357178//223925, -126123831//223925, 148718814//223925, -653864942//1119625, 97975044//223925, -56034687//223925, 101374153//1119625, 9079038//1119625, -86983698//1119625, 5454174//86125, -26524496//223925, -285978//223925, -4589998//223925, 6535602//223925, -6365064//223925, 77676//3445, -16296697//1119625, 1642848//223925, -312483//223925, -2646872//1119625, 4323768//1119625, -4743638//1119625, 3223562//1119625, -662336//223925]
11; 10; 4; 3; 3; 1; 1; 5; 1; 1; [112581990512//194438480925, 422881037432//194438480925, 935076890946//324064134875, 19922860678//194438480925, 2826157539068//972192404625, 4107687891076//972192404625, -354930735294//64812826975, -7906356952696//972192404625, -178450462778//38887696185, -1059101641348//64812826975, -970271009186//64812826975, -1667600714032//194438480925, -1365910616752//64812826975, -144415233446//7777539237, -5690164989932//64812826975, -75444492751198//972192404625, 6045125835974//194438480925, -45074688730508//972192404625, 57143305202014//972192404625, 11368559274302//38887696185, 103338271952482//324064134875, 74211009151298//194438480925, 38350871026802//64812826975, -33109349159638//194438480925, -21299267636612//194438480925, 48356601289034//194438480925, -55064078039084//194438480925, 627589149310//2592513079, -58433552720988//324064134875, 20098644442138//194438480925, -13170370951978//324064134875, -3091360149518//972192404625, 8498250563734//194438480925, -23669787759782//972192404625, 10369179978058//194438480925, -110333923436//194438480925, 602739749836//64812826975, -2446551529798//194438480925, 59775627154//4985602075, -1816560416728//194438480925, 380364690926//64812826975, -215505586768//74784031125, 92161167304//194438480925, 316117724202//324064134875, -1570777541878//972192404625, 127493369966//64812826975, -1106823489652//972192404625, 83145801504//64812826975]
11; 10; 4; 3; 10; 1; 1; 6; 1; 2; [199501792//54278625, 429448756//235207375, 34431979//235207375, 3525569843//705622125, 868850858//235207375, -6516967694//705622125, -351358844//141124425, 24306996//9408295, -6885869621//235207375, -181186196//5644977, 10205112//47041475, -469156693//28224885, -1196535688//28224885, -92524805666//705622125, 13412776402//705622125, -677510244//235207375, -29200813576//235207375, 57985515286//705622125, 22249084468//54278625, 4873545628//141124425, 1212793532//5644977, 778931512783//705622125, 9353145692//28224885, -71495545034//141124425, 4775536613//9408295, -11620773199//28224885, 3546668854//13313625, -32535309558//235207375, 24329237659//705622125, 19238744846//705622125, -43701376807//705622125, 63780884117//705622125, -2811577568//47041475, 1494907274//28224885, 18176757499//705622125, 664365271//28224885, -969751842//47041475, 419161004//28224885, -16279096//1881659, 2248887772//705622125, 24425017//54278625, -1777545886//705622125, 735532867//235207375, -693010624//235207375, 623310619//235207375, -66032909//47041475, 7835206//9408295, 47566223//54278625]
11; 10; 4; 3; 6; 1; 1; 9; 1; 1; [3339731//3300375, -95662//253875, -3210329//1100125, -1439393//220025, -8019172//1100125, -3496888//1100125, 15781037//3300375, 40841854//3300375, 33706484//3300375, 263646//220025, 172846//44005, 13451167//660075, 10845468//220025, 14564569//3300375, 19608642//1100125, 38449529//1100125, 84433784//660075, 551951006//3300375, 390163309//3300375, -660736747//3300375, -664263453//1100125, -183675863//253875, -90021159//220025, 1120367//132015, 149856017//660075, -208402466//660075, 340196859//1100125, -20524363//84625, 525188446//3300375, -15638076//220025, 74451893//3300375, 96558607//3300375, -55958927//1100125, 54933713//3300375, -76395619//1100125, 4422827//660075, -583812//44005, 9574273//660075, -2709703//220025, 9576199//1100125, -5345014//1100125, 5699906//3300375, 389002//660075, -4973807//3300375, 2318579//1100125, -2191082//1100125, 2772928//3300375, -1582969//1100125]
11; 10; 4; 3; 10; 1; 1; 9; 1; 1; [19167514//2860325, -30944636//14301625, -4140724//14301625, -82951094//14301625, -70792492//2860325, -22918344//1100125, 228576956//14301625, 177702228//14301625, -214126353//14301625, 55003194//2860325, 10920681//572065, -19814172//572065, 62479444//572065, -209562564//2860325, 2790659216//14301625, -1709292366//14301625, 3256588914//14301625, 2516749084//2860325, 7002501732//14301625, -6249717036//14301625, -4751767833//14301625, -14518597167//14301625, -7676756406//2860325, -248948724//572065, 1236402288//572065, -1565835786//572065, 7260115488//2860325, -27438581332//14301625, 16989756052//14301625, -7481688978//14301625, 18847811//220025, 3840831936//14301625, -5542991328//14301625, 5022686496//14301625, -4857051321//14301625, 207219111//2860325, -67431876//572065, 69320412//572065, -56808204//572065, 192234468//2860325, -504491237//14301625, 141836152//14301625, 98673802//14301625, -41050336//2860325, 249451476//14301625, -217075598//14301625, 147783516//14301625, -99725241//14301625]
11; 10; 4; 3; 4; 1; 1; 3; 1; 1; [1038//1119625, 998024//1119625, -785392//3358875, 278546//223925, -88724//1119625, -5570036//3358875, 94064//44785, -17074168//3358875, -25518//3445, -236148//223925, -756778//223925, 12248//3445, -1805176//223925, 3808292//1119625, 34005796//1119625, 58565144//1119625, -14122754//223925, 892908//86125, 190282076//3358875, -6550188//223925, 172074268//3358875, -34391394//223925, -4473068//223925, 35551652//223925, -27992996//134355, 43915394//223925, -168915524//1119625, 107960228//1119625, -139626524//3358875, 626274//223925, 1563544//86125, -84667972//3358875, 6016412//223925, -23055652//1119625, 1885526//223925, -1987472//223925, 481148//51675, -346732//44785, 1189216//223925, -246648//86125, 1016668//1119625, 1637956//3358875, -10566//8957, 1467432//1119625, -3697072//3358875, 181468//223925, -1497316//3358875, 13934//223925]
11; 10; 4; 3; 8; 1; 1; 11; 1; 1; [122764//258375, 162117//86125, 61372//51675, 187379//258375, -595474//86125, 64138//258375, 4326317//258375, -992416//86125, -1459144//86125, 1178288//51675, 39228//17225, -32692//1325, -2614357//51675, 14885206//258375, -6947801//258375, -384088//3975, 10946696//258375, 23834274//86125, -1952278//258375, -147960217//258375, 68106808//258375, 68273354//86125, -32688322//51675, 19243444//51675, -7687298//51675, -723587//51675, 9005661//86125, -11679986//86125, 6332252//51675, -24753782//258375, 19165076//258375, -7480619//258375, -1905162//86125, 6009644//258375, 1553012//86125, -541033//51675, 8102//3975, 167948//51675, -99141//17225, 521991//86125, -1299938//258375, 173746//51675, -471877//258375, 210686//258375, 70621//258375, -104482//86125, 91738//86125, -16864//258375]
11; 10; 4; 3; 11; 1; 1; 5; 1; 1; [5229700846237//4212833753375, 8721110924529//4212833753375, 8388487247826//4212833753375, -6183383939562//4212833753375, -1921748376026//324064134875, -3724960570174//842566750675, 5997412725022//4212833753375, 11213957076158//4212833753375, 38450621185777//4212833753375, 743593599594//842566750675, -15363372723252//842566750675, -6829245737774//842566750675, 22539651047249//842566750675, -4543316923222//4212833753375, -211785389826359//4212833753375, -28065277348487//324064134875, 89830505111562//4212833753375, 596778346757848//4212833753375, 194665398930176//842566750675, 753572706396658//4212833753375, -162546495232218//4212833753375, -2448565130516887//4212833753375, -478511388172386//842566750675, 129739002026978//842566750675, 96937106033756//842566750675, -209396712389881//842566750675, 1174461425925494//4212833753375, -1025437654743212//4212833753375, 708156827761462//4212833753375, -409649111353304//4212833753375, 179191716895289//4212833753375, 14731126622249//842566750675, -95159253378396//4212833753375, 154494151519476//4212833753375, -260025454469751//4212833753375, 828283713646//842566750675, -7947122127398//842566750675, 10501124720934//842566750675, -763421263443//64812826975, 2949526562308//324064134875, -24416957055247//4212833753375, 10983731739792//4212833753375, -1492588622644//4212833753375, -3875275285766//4212833753375, 312670303313//168513350135, -6483672622641//4212833753375, 5674322797906//4212833753375, -6004388348541//4212833753375]
11; 10; 4; 3; 5; 1; 1; 6; 1; 2; [-789368066//757986125, -1687805152//757986125, -345327444//151597225, -476405834//151597225, -1474798404//757986125, 52398653//11661325, 6521530368//757986125, 1065753836//151597225, 130811042//11661325, 2471543748//151597225, 1785047097//151597225, 3137259456//151597225, 11751100//466453, 36536729976//757986125, 30124162732//757986125, 5554057947//151597225, 8795873226//151597225, -23386898736//757986125, -37883394194//151597225, -251633975208//757986125, -49790443124//151597225, -64347918658//151597225, -47500913712//151597225, 32740483032//151597225, -17439295124//151597225, 1111150122//30319445, 15429095688//757986125, -33337038704//757986125, 1652872422//30319445, -6667009266//151597225, 24605821692//757986125, -4721289242//151597225, -5497331484//757986125, -2146629276//151597225, -750639202//30319445, -1057973868//151597225, 8468516//2860325, -7104//897025, -50223024//30319445, 1803863748//757986125, -1690542679//757986125, 274267194//151597225, -6655334//6063889, 401799792//757986125, -3706304//11661325, -350438394//757986125, 826612//30319445, -103921166//151597225]
11; 10; 4; 3; 12; 1; 1; 6; 1; 1; [69201837//3057695875, 8665992//47041475, 410229236//3057695875, 3297482//24461567, -2085821726//3057695875, -3017325147//3057695875, -2850376492//3057695875, -8702797632//3057695875, -3261840811//3057695875, -94948344//122307835, -440816472//611539175, 19402128//24461567, -2197945944//611539175, 4945772358//3057695875, -691040574//611539175, -34542584046//3057695875, -1874777022//611539175, 94238477126//3057695875, 101055364512//3057695875, 72806249442//3057695875, 86263433637//3057695875, -6969139609//3057695875, 2061203292//24461567, 6532059798//611539175, -7797445854//122307835, 50118928011//611539175, -234246818826//3057695875, 35749916334//611539175, -113174758598//3057695875, 10050256428//611539175, -1099672142//3057695875, -17411088684//3057695875, 36873178386//3057695875, -29807614314//3057695875, 26897203543//3057695875, -257098509//122307835, 2148921542//611539175, -445973202//122307835, 1838721204//611539175, -6265265976//3057695875, 10262844//9408295, -1012160258//3057695875, -117149668//611539175, 1451232088//3057695875, -1476390504//3057695875, 1430567146//3057695875, -913464114//3057695875, 567108463//3057695875]
11; 10; 4; 3; 3; 1; 1; 2; 1; 1; [-118497411687977//82739558650125, -2709101423416//16547911730025, -14473193344256//27579852883375, -14517406453529//27579852883375, 109059455653306//27579852883375, 278203225467649//82739558650125, 60553604973772//27579852883375, -146295320641988//82739558650125, 103137840836878//16547911730025, 1774189833276//1103194115335, -12676502542893//5515970576675, 5853014129056//424305428975, -217856153341484//16547911730025, 715043313367754//27579852883375, -272481293868626//16547911730025, 705210856153701//27579852883375, 407396785141909//27579852883375, -4665168833046226//27579852883375, -9162991915275064//82739558650125, -1806911893306652//27579852883375, -1953326159215807//82739558650125, 1228597928148898//16547911730025, 190282245673548//1103194115335, 1581612231730202//5515970576675, -2739933849229102//5515970576675, 2877205579272087//5515970576675, -11947998865793158//27579852883375, 4924487845402366//16547911730025, -4405966831366532//27579852883375, 1386507929066987//27579852883375, 471097407417107//27579852883375, -5633996143500532//82739558650125, 1930895203854144//27579852883375, -1806741722471122//27579852883375, 831051006013052//16547911730025, -4340864084795//220638823067, 10112315104486//424305428975, -118984325252958//5515970576675, 88463329318588//5515970576675, -266718323670428//27579852883375, 2707261248572//661916469201, -915852517692//27579852883375, -63277145174753//27579852883375, 85008851123492//27579852883375, -266737368145372//82739558650125, 66293303931519//27579852883375, -133161366367886//82739558650125, 2766269728036//3309582346005]
11; 10; 4; 3; 12; 1; 1; 5; 1; 2; [-4469491239199//842566750675, -2933929525088//842566750675, -2548542283822//4212833753375, -2703676406393//4212833753375, 9694284887988//4212833753375, 23704194500971//4212833753375, 15258312809176//4212833753375, 24964470638988//4212833753375, 17521803350157//842566750675, 22614185898056//842566750675, 5154886936824//842566750675, 16881907349648//842566750675, -192731414152//64812826975, 106323902744352//842566750675, 3014208618964//64812826975, 16990549741869//324064134875, -138565849820297//4212833753375, -1283251716067508//4212833753375, -1543262004160736//4212833753375, -797530148593146//4212833753375, -758567543337138//4212833753375, -449551754493384//842566750675, -84670081703944//842566750675, 479558935958484//842566750675, -613280824452012//842566750675, 571927574110734//842566750675, -86163942290438//168513350135, 272904372995268//842566750675, -602521745189924//4212833753375, 54806531536279//4212833753375, 212984751445026//4212833753375, -480830128621833//4212833753375, 375507458523222//4212833753375, -365838481716504//4212833753375, 23620422286932//842566750675, -26299246113486//842566750675, 27234210343836//842566750675, -1724045617436//64812826975, 15244568907336//842566750675, -615445279322//64812826975, 477184003253//168513350135, 7393851358486//4212833753375, -16926469556851//4212833753375, 17997709585576//4212833753375, -18000174158033//4212833753375, 11333390562857//4212833753375, -7600667609844//4212833753375, 145742428791//842566750675]
11; 10; 4; 3; 5; 1; 1; 9; 1; 1; [509294//572065, 203951779//42904875, 146151688//14301625, 177353661//14301625, 25720523//3300375, -59231058//14301625, -282975204//14301625, -325603944//14301625, -820994321//42904875, -56160063//2860325, -14516857//343239, -26176510//343239, -25952603//343239, -493656544//8580975, -4260866299//42904875, -659350933//3300375, -3681262571//14301625, -5126930059//42904875, 4701412558//14301625, 43242506402//42904875, 57750402752//42904875, 15706408357//14301625, 1579196351//8580975, -257612899//1716195, 161984507//1716195, -90745084//1716195, 25924277//2860325, 345711923//42904875, -1425610427//42904875, 622286381//42904875, -1185788627//42904875, 435618189//14301625, 1587741161//42904875, 914297492//14301625, 2175100718//42904875, 45820054//8580975, -1781764//572065, 1867061//1716195, 16646//132015, -648757//660075, 47087243//42904875, -54324767//42904875, 26168351//42904875, -26430527//42904875, 21887062//42904875, 36120841//42904875, 14923732//14301625, 47061598//42904875]
11; 10; 4; 3; 7; 1; 1; 6; 1; 2; [675593494//3057695875, -1312689104//1834617525, -4548301096//9173087625, -2560025389//1834617525, -1983941072//1834617525, 11010979507//9173087625, 1102579136//1834617525, 13025316248//9173087625, 24909237404//9173087625, 2756261904//611539175, 572914292//122307835, 410750464//611539175, 25120431632//1834617525, 12591032576//3057695875, 28356152576//1834617525, 1012048717//3057695875, 29327529063//611539175, 26319416432//1834617525, -612584282182//9173087625, -6683423366//122307835, -778962846713//9173087625, -1069634343724//9173087625, -110135030656//611539175, -6274277504//122307835, 323011980592//1834617525, -130413921896//611539175, 593670101568//3057695875, -263686061536//1834617525, 801691869898//9173087625, -21385361741//611539175, 2473584556//1834617525, 161238700994//9173087625, -19210079094//611539175, 74191670792//3057695875, -251436565652//9173087625, 3765995296//611539175, -683202352//73384701, 5702832416//611539175, -4582621184//611539175, 15235182608//3057695875, -185217053//73384701, 5711646118//9173087625, 1196922377//1834617525, -2193919664//1834617525, 11567444684//9173087625, -2147415689//1834617525, 6590137616//9173087625, -4975936532//9173087625]
11; 10; 4; 3; 9; 1; 1; 5; 1; 2; [16996504373//64812826975, -147496703078//324064134875, -3660443022302//972192404625, -2747507662613//324064134875, -10356398740286//972192404625, -9214153686797//972192404625, -1176476627812//324064134875, 1211740968977//972192404625, 692935200814//324064134875, -78807572176//38887696185, -241181988624//64812826975, 3619053854407//194438480925, 8416952738611//194438480925, 6509333328073//194438480925, 50981745722264//972192404625, 95608043121572//972192404625, 15775059469948//74784031125, 282819077761556//972192404625, 223950261306857//972192404625, -51591059241614//972192404625, -102514205631499//324064134875, -178662347552964//324064134875, -17139037492261//38887696185, 27315801752843//194438480925, 12040691017087//194438480925, -2457566966083//14956806225, 2544708802707//12962565395, -55363579230991//324064134875, 127576460524061//972192404625, -63592368342778//972192404625, 42195035838008//972192404625, 3932258135162//324064134875, -7222379369729//324064134875, 11893894431814//972192404625, -16268894553162//324064134875, -16815043429//38887696185, -1170028192898//194438480925, 557068074491//64812826975, -541301375112//64812826975, 431918894157//64812826975, -4154511289738//972192404625, 165348859462//74784031125, -83489751926//324064134875, -369171062077//972192404625, 428331797742//324064134875, -1203396153932//972192404625, 708209976794//972192404625, -86829086567//74784031125]
11; 10; 4; 3; 8; 1; 1; 5; 1; 1; [-1530056175097//972192404625, -187523173431//64812826975, -188415548714//74784031125, 2166890300238//324064134875, 14339772896794//972192404625, 900224831449//74784031125, 536715019979//972192404625, -2737305332436//324064134875, -4875309840062//324064134875, -208089893666//194438480925, 384448289477//12962565395, -1244222094613//194438480925, -17549066108294//194438480925, -48545755421218//972192404625, 6404664023467//194438480925, 115743647064977//972192404625, -115043906693959//972192404625, -369138210287699//972192404625, -154969459297864//324064134875, -81839185020433//324064134875, 412914285183908//972192404625, 35272334012924//24928010375, 215738111570464//194438480925, -12947174355392//38887696185, -2717225584601//14956806225, 85790425152191//194438480925, -166451013253813//324064134875, 29237098033266//64812826975, -311395485863824//972192404625, 59823851085181//324064134875, -88634406090532//972192404625, -2210820948877//74784031125, 41260478861098//972192404625, -49374236468836//972192404625, 42060357000946//324064134875, -13927672514//194438480925, 42571260834//2592513079, -4407931786522//194438480925, 1412280160448//64812826975, -427886596791//24928010375, 429412906136//38887696185, -5063960593004//972192404625, 833579231788//972192404625, 1391638647883//972192404625, -3303009085151//972192404625, 940979792306//324064134875, -2159621814746//972192404625, 2893362780418//972192404625]
11; 10; 4; 3; 9; 1; 1; 6; 1; 1; [-1360845503//366923505, -3183018749//611539175, -52371831959//9173087625, 43069535083//9173087625, 99648646889//9173087625, 2747608781//235207375, 20413162946//3057695875, -36445842284//3057695875, -9441561388//1834617525, 26711764757//1834617525, 3077597643//122307835, 4028182138//141124425, -128691489154//1834617525, 47531907848//1834617525, 2752181327//34615425, 1482512596469//9173087625, -352711585006//3057695875, -1040163274383//3057695875, -154120500061//235207375, -345316145971//705622125, 4078926633557//9173087625, 1468599022183//1834617525, 1765355900942//1834617525, 69021262798//366923505, -1497118608446//1834617525, 623867476162//611539175, -575699169484//611539175, 87415513121//122307835, -1315230438006//3057695875, 1721472052126//9173087625, -261632014672//9173087625, -1133316885617//9173087625, 1058843799986//9173087625, -1063189345304//9173087625, 265596975334//1834617525, -959456104//34615425, 1247023261//28224885, -27537695903//611539175, 67314929269//1834617525, -45335458343//1834617525, 1831773869//141124425, -31010557418//9173087625, -8327466698//3057695875, 16473261526//3057695875, -21096102349//3057695875, 15484671522//3057695875, -10796179768//3057695875, 5350054829//1834617525]
11; 10; 4; 3; 7; 1; 1; 9; 1; 1; [-48369612//14301625, -34457114//3300375, -213854//114413, -2715157//572065, -750571879//42904875, 128896388//42904875, 66699726//2860325, 21423033//14301625, 719585//26403, 1254022//12675, 442282379//8580975, -6183389//2860325, 865354877//8580975, 2765313777//14301625, 12619024742//42904875, -664980428//8580975, 1584566546//8580975, 276657271//1100125, -2441394886//3300375, -1434000392//1716195, -6771974999//42904875, -14170278812//8580975, -22152200546//8580975, 1620027533//2860325, 6182190233//8580975, -22355369//16925, 61177426808//42904875, -50608865009//42904875, 2361459884//2860325, -3836828929//8580975, 6897865547//42904875, 1036339366//42904875, -1754337211//8580975, 8154643708//42904875, -2155513972//8580975, 109252316//8580975, -443465914//8580975, 551633002//8580975, -505493342//8580975, 1910754623//42904875, -1155737969//42904875, 101444608//8580975, -4440836//8580975, -82273071//14301625, 26487547//3300375, -79269487//8580975, 94994221//14301625, -50168933//8580975]
11; 10; 4; 3; 11; 1; 1; 2; 1; 1; [-126394189134583//358538087483875, 132363779397052//358538087483875, 13421949999104//71707617496775, 288046926060996//358538087483875, -165222401102784//358538087483875, -135646059728779//358538087483875, 50281557463348//27579852883375, 314147331984//71707617496775, -40476676253148//14341523499355, -151602196416462//71707617496775, -213083250530478//71707617496775, 139446931893804//71707617496775, -675773429618672//71707617496775, 690612107454108//358538087483875, -3529493648821852//358538087483875, 212132255532306//71707617496775, -11307484145260416//358538087483875, 11030597794822704//358538087483875, 9243882235582114//358538087483875, -5617418775715674//358538087483875, 7757682097713//220638823067, 610930544641704//71707617496775, 8031581984380758//71707617496775, 446037499716444//5515970576675, -12705106016575676//71707617496775, 14200486646323008//71707617496775, -61603302762838536//358538087483875, 43877193826036484//358538087483875, -5029523972384552//71707617496775, 8808488517875712//358538087483875, 2222330839065642//358538087483875, -7379398952888258//358538087483875, 9544063463523558//358538087483875, -1694312567262468//71707617496775, 1394372284177224//71707617496775, -478345073195043//71707617496775, 635715488433568//71707617496775, -602826283916364//71707617496775, 465171821540172//71707617496775, -1473808317060696//358538087483875, 686566458377524//358538087483875, -19583891264252//71707617496775, -273242962426728//358538087483875, 431833669340172//358538087483875, -424033989857708//358538087483875, 348061911853013//358538087483875, -45423880505136//71707617496775, 25433458518456//71707617496775]
11; 10; 4; 3; 2; 1; 1; 7; 1; 1; [-4216279//3358875, -4551556//3358875, -1392952//1119625, -7233812//3358875, 78496//258375, 20861494//3358875, 11840228//3358875, -913936//3358875, 22646266//3358875, 1881222//223925, 1467612//223925, 3299924//223925, 4995944//671775, 39704668//1119625, 98116//3358875, 11821182//1119625, 63293384//1119625, -237932548//3358875, -821308744//3358875, -179585286//1119625, -520732544//3358875, -738121766//3358875, 19674042//223925, 25576012//223925, -3581012//17225, 49939728//223925, -207882656//1119625, 436828108//3358875, -79348504//1119625, 2226824//86125, 20037841//3358875, -125323252//3358875, 2043914//86125, -38871764//1119625, 34928222//3358875, -1822897//223925, 6793184//671775, -2071884//223925, 1560452//223925, -364432//86125, 6244643//3358875, -101604//1119625, -2999384//3358875, 4370176//3358875, -5199472//3358875, 3112441//3358875, -213904//258375, 529742//3358875]
11; 10; 4; 3; 12; 1; 1; 4; 1; 1; [398704//1119625, 1944576//1119625, 436192//223925, 2400397//1119625, 9526614//1119625, 805221//223925, -11774532//1119625, -5025164//1119625, -6310411//1119625, -281016//17225, -2660877//223925, -3370008//223925, -7357732//223925, -39172074//1119625, -88966986//1119625, -1927098//223925, -5371617//1119625, -258151794//1119625, 3085152//223925, 404523762//1119625, 340592429//1119625, 614684111//1119625, 129350232//223925, -38303322//223925, -22482378//223925, 52763553//223925, -304603602//1119625, 261187182//1119625, -38376682//223925, 110872329//1119625, -54417192//1119625, -14388//3445, 50573286//1119625, -26102598//1119625, 5125951//86125, -59907//223925, 1964002//223925, -2692962//223925, 2577372//223925, -10113132//1119625, 6381597//1119625, -123926//44785, 524509//1119625, 840648//1119625, -352836//223925, 2190636//1119625, -94766//86125, 9247//6625]
11; 10; 4; 3; 8; 1; 1; 2; 1; 1; [5194398629657//82739558650125, 131187483775619//82739558650125, -7074090134887//27579852883375, -43076472056372//82739558650125, 242963705414086//82739558650125, 10569585383194//16547911730025, -275422894250156//82739558650125, -6599571271294//2121527144875, 41768163018538//16547911730025, -35766795431544//5515970576675, -65908927133102//5515970576675, 50698583010104//16547911730025, -1384254499287//5515970576675, -1260793262368927//82739558650125, -4245184426346749//82739558650125, 573564753698142//27579852883375, 2391632140712627//82739558650125, -6252500499145051//82739558650125, 44597484535721//1272916286925, 3692394458758622//27579852883375, 297763805952482//6364581434625, 1641024616411166//16547911730025, 821642329427571//5515970576675, 455882551455629//16547911730025, -2075665024005506//16547911730025, 2607600362704019//16547911730025, -12081181332086426//82739558650125, 8887912699750343//82739558650125, -5514911811685972//82739558650125, 860313288641127//27579852883375, -459960936558028//82739558650125, -42405799026574//3309582346005, 2254330510798783//82739558650125, -1559442858101197//82739558650125, 4684117645716//220638823067, -70420954049123//16547911730025, 112286630280866//16547911730025, -114855414294979//16547911730025, 2405514679354//424305428975, -317111343874696//82739558650125, 161642437586233//82739558650125, -43891844294222//82739558650125, -31107180864919//82739558650125, 66903567594572//82739558650125, -15667120596704//16547911730025, 79421365977718//82739558650125, -46639404598442//82739558650125, 7110991776607//16547911730025]
11; 10; 4; 3; 9; 1; 1; 4; 1; 1; [12235857//1119625, 1356032//1119625, 4762996//1119625, 924839//1119625, -29267848//1119625, -42539676//1119625, 2769016//1119625, 7068988//1119625, -41473513//1119625, -1106748//223925, 373119//223925, -17774544//223925, 1565428//17225, -15335484//86125, 190088968//1119625, -327837576//1119625, 44414361//1119625, 1235567188//1119625, 1312109676//1119625, 98937864//1119625, 171278807//1119625, -514749787//1119625, -648950928//223925, -191685516//223925, 641489096//223925, -777259956//223925, 3514531284//1119625, -2611697156//1119625, 1567843952//1119625, -668250987//1119625, 65159174//1119625, 435981108//1119625, -522274548//1119625, 518597616//1119625, -424847321//1119625, 22515198//223925, -33917144//223925, 2606268//17225, -27229944//223925, 90083244//1119625, -45716941//1119625, 10847432//1119625, 866861//86125, -20959816//1119625, 25088988//1119625, -20322988//1119625, 14490136//1119625, -8452481//1119625]
11; 10; 4; 3; 6; 1; 1; 7; 1; 1; [186838//258375, 288368//258375, -117748//51675, 61519//258375, -682//4875, 60513//86125, 1441274//258375, 55921//17225, 1953326//258375, 2472//17225, -25781//3445, 1076884//51675, 342454//51675, -8992853//258375, -6913198//258375, 2472653//51675, -11212039//258375, 7599611//258375, -16732249//258375, -16776698//86125, -9479719//51675, -5483137//19875, 156189//1325, 1941647//10335, -16957366//51675, 17919229//51675, -75003244//258375, 51010351//258375, -5439911//51675, 8133403//258375, 1499086//86125, -295573//6625, 10221863//258375, -176112//3445, 4827787//258375, -671431//51675, 54406//3445, -739829//51675, 184017//17225, -1677554//258375, 234882//86125, -252//17225, -402302//258375, 186236//86125, -550997//258375, 379583//258375, -62818//51675, 24189//86125]
11; 10; 4; 3; 10; 1; 1; 7; 1; 1; [1851687//1119625, 764672//1119625, 747984//1119625, -717529//1119625, -3984538//1119625, -665768//86125, -5154148//1119625, -4185364//1119625, -9051098//1119625, -1020888//223925, -298461//223925, -240888//17225, 874204//223925, -32615322//1119625, 9938278//1119625, 4186716//1119625, 83442069//1119625, 193331578//1119625, 1710146//6625, 157724448//1119625, 121333054//1119625, 5639698//1119625, -22917768//223925, -49617546//223925, 81835046//223925, -84683991//223925, 347165694//1119625, -236389826//1119625, 125727378//1119625, -2503581//86125, -13832731//1119625, 65479862//1119625, -52274916//1119625, 57376002//1119625, -37070116//1119625, 3279813//223925, -23006//1325, 3476334//223925, -2559684//223925, 7600404//1119625, -3121711//1119625, -91242//1119625, 155399//86125, -2478796//1119625, 2776952//1119625, -1833401//1119625, 1360442//1119625, -592276//1119625]
11; 10; 4; 3; 12; 1; 1; 3; 1; 1; [2161072//1119625, 39028//86125, 363756//223925, 462834//1119625, -661898//1119625, 598118//223925, -6041216//1119625, -9673912//1119625, -2381138//1119625, -2045142//223925, -9546//223925, -6908484//223925, 2568024//223925, -67143282//1119625, -32450974//1119625, -9192954//223925, 55048566//1119625, 97996358//1119625, -1514954//223925, 17764962//86125, 244053307//1119625, 428937838//1119625, -14303622//223925, -134952306//223925, 194831506//223925, -191770071//223925, 58389378//86125, -38442994//86125, 49088034//223925, -50946372//1119625, -65290781//1119625, 5090054//44785, -125751582//1119625, 125612166//1119625, -60109696//1119625, 8080962//223925, -8958654//223925, 7707174//223925, -5477304//223925, 15490224//1119625, -5649797//1119625, -10254//8957, 5032308//1119625, -6098936//1119625, 1132132//223925, -4060882//1119625, 2814986//1119625, -770356//1119625]
11; 10; 4; 3; 2; 1; 1; 12; 1; 1; [-15453533//53070225, -168756156//88450375, -365988144//88450375, -611333849//88450375, -1950996572//265351125, -804959383//265351125, 1309617388//265351125, 1240585328//88450375, 1815887819//88450375, 397483686//17690075, 355524162//17690075, 33160084//1360775, 2125972048//53070225, 1134181864//17690075, 11336929736//88450375, 16702358589//88450375, 19919790229//88450375, 36633912212//265351125, -22221164162//265351125, -29140150386//88450375, -545631507//1119625, -41245079659//88450375, -3942203814//17690075, 1132310552//17690075, 773371112//17690075, -1660094334//17690075, 1957092076//17690075, -7769242272//88450375, 6694303622//88450375, -2510207803//88450375, 5497340116//265351125, -372185006//265351125, -2354869058//88450375, -642941224//88450375, -3083885717//88450375, 5054209//17690075, -1119124//314025, 85359408//17690075, -80312996//17690075, 12735256//3538015, -189587152//88450375, 108170302//88450375, 2707357//88450375, -72727004//265351125, 150141724//265351125, -248398999//265351125, 10620036//88450375, -67388857//88450375]
11; 10; 4; 3; 9; 1; 1; 3; 1; 1; [-604453//1119625, -771872//1119625, -531188//1119625, -331508//1119625, 379592//223925, 6566334//1119625, 370824//86125, 3426268//1119625, 2376177//1119625, 189468//44785, 132897//44785, 1491792//223925, 1073932//223925, 17248188//1119625, 1460792//1119625, -13555002//1119625, -17649252//1119625, -21305444//223925, -224482944//1119625, -142492092//1119625, -105739108//1119625, -154340877//1119625, -1251408//44785, 3125004//44785, -17871208//223925, 15835812//223925, -56450916//1119625, 33490196//1119625, -13665436//1119625, -2131596//1119625, 919742//223925, -1727064//86125, 5073024//1119625, -13631784//1119625, -1446591//1119625, -158766//44785, 153624//44785, -600252//223925, 388248//223925, -920796//1119625, 172291//1119625, 294884//1119625, -538736//1119625, 91256//223925, -645732//1119625, 188874//1119625, -257144//1119625, -81351//1119625]
11; 10; 4; 3; 4; 1; 1; 11; 1; 1; [-304//975, 2784//1625, 2624//1625, 12406//4875, 11532//1625, 59252//4875, -12904//1625, -20008//1625, -6472//4875, -5568//325, -5706//325, 48//25, -18888//325, -1476//325, -203604//1625, 32436//1625, -44442//1625, -284892//1625, -1119932//4875, 502404//1625, 577348//1625, 3235592//4875, 301632//325, 69324//325, -271636//325, 334962//325, -61476//65, 1143708//1625, -702932//1625, 303994//1625, -27666//1625, -522596//4875, 19164//125, -195996//1625, 675196//4875, -9342//325, 3356//75, -14724//325, 11928//325, -7992//325, 20478//1625, -5372//1625, -13658//4875, 9144//1625, -32096//4875, 9352//1625, -5836//1625, 13516//4875]
11; 10; 4; 3; 6; 1; 1; 12; 1; 1; [-396661//816465, -33246392//20411625, -29643894//6803875, -57847938//6803875, -43181894//4082325, -15642698//1360775, -108457919//20411625, -28473403//20411625, 48779482//20411625, 1531422//1360775, 1144102//1360775, 52166507//4082325, 188944567//4082325, 124417559//1360775, 1065649194//6803875, 4430053567//20411625, 5536385014//20411625, 49113596//163293, 245754469//816465, 732922143//6803875, 2477094358//20411625, -1693997557//20411625, -130288903//1360775, 68582107//1360775, -55268533//4082325, -10339621//1360775, 105184772//4082325, -6633583//385125, 631821041//20411625, -83992//29625, 91110103//4082325, 42457618//4082325, 29482229//6803875, 166231904//20411625, -48351827//6803875, -1688632//1360775, -86822//1360775, 3353263//4082325, -1422714//1360775, 4531738//4082325, -1044713//1570125, 14142356//20411625, -138443//20411625, 92017//314025, 1413836//4082325, -1057363//20411625, 5131234//20411625, -3917791//20411625]
11; 10; 4; 3; 10; 1; 1; 12; 1; 1; [141959072//88450375, 229713316//88450375, 436687136//88450375, 936895334//88450375, 1054725644//88450375, 150578472//17690075, 558339316//88450375, 254297288//88450375, -108664877//6803875, -452987442//17690075, -361752012//17690075, -23295516//707603, -687484184//17690075, -7121551152//88450375, -9910076536//88450375, -21602127546//88450375, -36555854514//88450375, -26212454564//88450375, -891109656//17690075, 13097422044//88450375, 494582773//1119625, 5008704637//6803875, 4677145578//17690075, -4225068192//17690075, 614850696//3538015, -1881163854//17690075, 3485224644//88450375, -26996296//6803875, -3325870148//88450375, 118228746//6803875, -4247839822//88450375, 87203628//3538015, -930732468//88450375, 2494765176//88450375, 2829647063//88450375, 161458437//17690075, -106419068//17690075, 10493928//3538015, -12322356//17690075, -78608256//88450375, 126042562//88450375, -12509816//6803875, 90302738//88450375, -107026252//88450375, 8551968//17690075, -4234018//88450375, 27607076//88450375, 72525083//88450375]
11; 10; 4; 3; 5; 1; 1; 7; 1; 1; [2676413//1119625, -2340641//1119625, -223052//671775, -6662322//1119625, -920759//134355, 3857574//1119625, -18780896//3358875, 7969924//3358875, 25819774//3358875, -13055104//671775, 4934842//223925, 428068//51675, 23996176//671775, -7740799//3358875, 89532201//1119625, -2722587//44785, 894473191//3358875, 49613231//223925, -181522087//3358875, 242917697//1119625, -309082308//1119625, -959743459//3358875, 34982131//671775, -172249183//223925, 232051713//223925, -662194159//671775, 2571943303//3358875, -41650274//86125, 152687659//671775, -26406149//1119625, -49824707//671775, 34847368//258375, -147168054//1119625, 115774161//1119625, -102366834//1119625, 29397829//671775, -2407687//51675, 26291336//671775, -18200236//671775, 49838803//3358875, -15898031//3358875, -1356907//671775, 6428036//1119625, -4234573//671775, 19293254//3358875, -13646872//3358875, 7676338//3358875, -4261477//3358875]
11; 10; 4; 3; 4; 1; 1; 5; 1; 1; [3091237472863//972192404625, 3875559287138//972192404625, 960538205179//194438480925, 460630814494//64812826975, -4611143151526//972192404625, -427623187002//324064134875, -6995409135569//972192404625, -10660411710662//972192404625, 85338533311//38887696185, -441500088442//14956806225, -491899937533//12962565395, -5892229672517//194438480925, -7656071758562//194438480925, -80917811231288//972192404625, -16224143422936//324064134875, -26131907268661//194438480925, -8078646471274//64812826975, 15131471353382//74784031125, 47915133603932//324064134875, 642055770395239//972192404625, 158099768465854//324064134875, 565249699753//38887696185, 112084810491584//194438480925, -12959070010792//38887696185, 23765871971683//194438480925, 3802827061483//194438480925, -102176200760954//972192404625, 40722164006292//324064134875, -24193248722479//194438480925, 16320277596004//194438480925, -44899818078602//972192404625, 2343075238376//74784031125, 27164924282272//972192404625, 10239437690446//972192404625, 693312198317//38887696185, 1764976475066//194438480925, -10798578514//7777539237, -667678357298//194438480925, 354749309644//64812826975, -5559676484344//972192404625, 1484342044542//324064134875, -125926046356//38887696185, 298258255874//194438480925, -277543312702//972192404625, -186257371162//972192404625, 1235118143177//972192404625, -122099976198//324064134875, 27271370731//38887696185]
11; 10; 4; 3; 3; 1; 1; 6; 1; 2; [73405564//151597225, -1337647191//757986125, 303821668//174919875, 1169003688//757986125, 17270108081//2273958375, 48391508422//2273958375, 17372607217//757986125, 80485827004//2273958375, 65827074449//2273958375, 7061084387//454791675, 9145514572//454791675, 2157287927//454791675, 6009976772//454791675, 463052774//151597225, 12600468121//757986125, -319404155864//2273958375, -400345936589//2273958375, -375045792062//757986125, -1588702677017//2273958375, -466364463937//757986125, -668407300058//757986125, -570164318359//2273958375, -53989197148//454791675, -137571947978//454791675, 74242196434//151597225, -5843959877//11661325, 186795905113//454791675, -48367212352//174919875, 316512208348//2273958375, -110380213537//2273958375, -115417989478//2273958375, 70817939854//2273958375, -74593854831//757986125, 16083646091//757986125, -3217510043//58306625, 8968531723//454791675, -10492973182//454791675, 9339681113//454791675, -6828919532//454791675, 161725804//18191667, -8113572466//2273958375, -727322587//2273958375, 1672645306//757986125, -2706671066//757986125, 5443579234//2273958375, -6458848603//2273958375, 541091206//757986125, -685470559//757986125]
11; 10; 4; 3; 7; 1; 1; 7; 1; 1; [-19686077//3358875, -164546//63375, 2318356//3358875, 3366364//671775, 11045248//3358875, 889767//1119625, 147624//21125, 8887816//671775, -9161499//1119625, -7021801//671775, 2052592//223925, 10030578//223925, -10615912//223925, 442598812//3358875, 90131396//1119625, 9868023//1119625, -196020986//671775, -993360358//3358875, 126195778//1119625, 200746444//3358875, -36699308//134355, 71905454//258375, 672083524//671775, 6925267//12675, -69001162//51675, 1029730804//671775, -1503926033//1119625, 62157818//63375, -1912381873//3358875, 139994446//671775, 11803302//1119625, -526467473//3358875, 238400819//1119625, -140770112//671775, 549451931//3358875, -33096019//671775, 45714719//671775, -44061449//671775, 650662//12675, -110592934//3358875, 53709044//3358875, -3198251//1119625, -742762//134355, 29294011//3358875, -31124048//3358875, 494669//63375, -23391//4225, 10339756//3358875]
11; 10; 4; 3; 2; 1; 1; 6; 1; 1; [-878580269//2273958375, -1873951088//2273958375, -1019726236//2273958375, 674327612//757986125, 8606578556//2273958375, 17701522084//2273958375, 4699708336//454791675, 21522912484//2273958375, 18560227//2691075, 784422804//151597225, 744888249//151597225, 72427552//11661325, 3817552612//454791675, 12692269088//757986125, 14439220508//2273958375, -26715137673//757986125, -69814414652//757986125, -32189864552//174919875, -599697269344//2273958375, -7674852604//30319445, -344673862474//2273958375, -24622552271//454791675, 1221365424//151597225, 586595264//151597225, -1411565884//151597225, 1750450134//151597225, -6924651376//757986125, 17070520424//2273958375, -13294807142//2273958375, -1877176936//757986125, -1437359536//174919875, -29796489232//2273958375, -1508435744//151597225, -6305007604//757986125, -612663937//454791675, -52232864//151597225, 328052//660075, -71934936//151597225, 58438816//151597225, -13469132//58306625, 285386074//2273958375, -122490002//2273958375, -87489916//757986125, -210375808//2273958375, -667940332//2273958375, -72538384//454791675, -384371852//2273958375, -11459521//454791675]
11; 10; 4; 3; 3; 1; 1; 9; 1; 1; [-52937//4875, 3248//1625, -3608//4875, 21329//4875, 51622//1625, 182627//4875, -53548//4875, -75436//4875, 107651//4875, -6744//325, -7931//325, 3736//65, -47052//325, 194014//1625, -439658//1625, 377866//1625, -238463//1625, -1880102//1625, -4710392//4875, 543616//1625, 1716361//4875, 5812169//4875, 1127216//325, 263854//325, -611878//195, 1257913//325, -5752858//1625, 4300806//1625, -7862446//4875, 1133411//1625, -137981//1625, -1987556//4875, 874228//1625, -807254//1625, 2244637//4875, -35131//325, 163798//975, -11042//65, 44732//325, -149508//1625, 76911//1625, -59386//4875, -51667//4875, 2588//125, -120836//4875, 101749//4875, -69682//4875, 45217//4875]
11; 10; 4; 3; 5; 1; 1; 12; 1; 1; [-461572184//265351125, -55128726//88450375, 60212209//20411625, 3438930631//265351125, 1396885787//88450375, 1188761718//88450375, -354838463//265351125, -7255481138//265351125, -3659911421//88450375, -175719763//4082325, -1621557716//53070225, -487413254//17690075, -772580621//10614045, -6035840236//265351125, -9903538114//88450375, -63308457122//265351125, -41509664552//88450375, -115246413931//265351125, -47748640789//265351125, 124054207318//265351125, 318999676108//265351125, 355239203453//265351125, 46406918921//53070225, -6775615921//53070225, -17792850632//53070225, 1884409741//3538015, -1844816512//3358875, 39177704143//88450375, -83028288416//265351125, 12112595334//88450375, -5604693636//88450375, -10493344742//265351125, 23880313909//265351125, -153890109//6803875, 33823720994//265351125, -143076772//17690075, 1145186231//53070225, -446998346//17690075, 79085446//3538015, -1450784021//88450375, 2541147559//265351125, -81191//19875, -170493428//265351125, 588211652//265351125, -954784342//265351125, 972749614//265351125, -397172201//265351125, 242626018//88450375]
11; 10; 4; 3; 2; 1; 1; 5; 1; 2; [-2890850873671//972192404625, 2050239853963//324064134875, 157488559994//38887696185, -893822903958//324064134875, 1948581349912//324064134875, 1532444520823//194438480925, -5633401417733//324064134875, -597604456248//64812826975, 19948831130197//972192404625, -5501803733314//194438480925, -135652738126//2592513079, 485449569857//38887696185, -2659101735254//194438480925, 61513430802796//972192404625, -221257151967869//972192404625, 1524680839426//38887696185, 78840064210819//972192404625, -263703832060451//972192404625, 6138134522906//64812826975, 266228448747283//324064134875, 24958180989983//194438480925, -157763151991787//972192404625, 273200153582276//194438480925, 2533316309866//7777539237, -49405423814813//38887696185, 305090720952916//194438480925, -464353757956669//324064134875, 345630000601436//324064134875, -25503002603912//38887696185, 93662433652629//324064134875, -24899828985628//972192404625, -27799080492433//194438480925, 241961977976792//972192404625, -39236492045134//194438480925, 152870727984359//972192404625, -8506922000221//194438480925, 528668406544//7777539237, -2675276917732//38887696185, 278087808756//4985602075, -12072447479809//324064134875, 18544605116248//972192404625, -193996211452//38887696185, -4049728872058//972192404625, 2770497234599//324064134875, -374135622673//38887696185, 8786977583362//972192404625, -1127999685512//194438480925, 3117071921479//972192404625]
11; 10; 4; 3; 6; 1; 1; 6; 1; 1; [-23965913//14301625, -47753268//14301625, -518276//114413, -70959127//14301625, -16629694//14301625, 25478338//2860325, 51593808//2860325, 344624872//14301625, 83714701//2860325, 84501702//2860325, 72464082//2860325, 104959524//2860325, 132866088//2860325, 1333340538//14301625, 1601618118//14301625, 11778951//114413, 808252647//14301625, -2201891186//14301625, -55107550//114413, -1880176644//2860325, -9695416297//14301625, -1611872477//2860325, -522521178//2860325, 499044282//2860325, -28936162//220025, 245661243//2860325, -493002546//14301625, 11014938//1100125, 11613124//572065, -313944339//14301625, 256060622//14301625, -120230566//2860325, -9290868//572065, -539907726//14301625, -67769869//2860325, -19466502//2860325, 13471558//2860325, -7135134//2860325, 2331912//2860325, 6753744//14301625, -12847716//14301625, 54424//44005, -13803019//14301625, 8656052//14301625, -2411572//2860325, -1120983//2860325, -8071586//14301625, -1722037//2860325]
11; 10; 4; 3; 11; 1; 1; 6; 1; 2; [-9219800791//3057695875, -14662231648//3057695875, -14515421504//3057695875, -22957211791//3057695875, -2872431738//611539175, 19851126784//3057695875, 34837888284//3057695875, 16196830092//3057695875, 12668799034//611539175, 20745125712//611539175, 3135624033//122307835, 25971482664//611539175, 32494816244//611539175, 309161624886//3057695875, 227480568958//3057695875, 220772700519//3057695875, 535247929371//3057695875, -24460915386//611539175, -1344295074334//3057695875, -1738185700944//3057695875, -1930884242607//3057695875, -590085299666//611539175, -342476103048//611539175, 47107346382//122307835, -124612388386//611539175, 39310765629//611539175, 9016287846//235207375, -242466707906//3057695875, 300169433372//3057695875, -230773431267//3057695875, 7167380208//122307835, -168595472122//3057695875, -36862212732//3057695875, -82930770126//3057695875, -32854967344//611539175, -7585572627//611539175, 638676594//122307835, 33468366//611539175, -1834501284//611539175, 13126141788//3057695875, -12210507211//3057695875, 9900183212//3057695875, -445176019//235207375, 581133768//611539175, -1689742192//3057695875, -2483078157//3057695875, 47368194//3057695875, -171636584//122307835]
11; 10; 4; 3; 7; 1; 1; 12; 1; 1; [94736521//53070225, -357999157//53070225, -2883973903//265351125, -117519066//6803875, -7429342382//265351125, -2419666272//88450375, 450503372//265351125, 2578900371//88450375, 3692984062//88450375, 1067888854//17690075, 3619636282//53070225, 12222729//272155, 5175232181//53070225, 4958266097//53070225, 8220307961//17690075, 146012623768//265351125, 61246002058//88450375, 201265900442//265351125, 56991974296//265351125, -14404559804//20411625, -296451060233//265351125, -105553573037//88450375, -21645319211//17690075, -5843388743//53070225, 9243867812//10614045, -60135955339//53070225, 3803571411//3538015, -14175955466//17690075, 143830128314//265351125, -54978780908//265351125, 17112761816//265351125, 9428351111//88450375, -48705185131//265351125, 9117305092//88450375, -15825888821//88450375, 1493659918//53070225, -65846578//1360775, 539387942//10614045, -744893257//17690075, 1540204114//53070225, -3040942//200265, 1391025274//265351125, 804314462//265351125, -1459622719//265351125, 1932809303//265351125, -1821290281//265351125, 953536976//265351125, -977411243//265351125]
11; 10; 4; 3; 6; 1; 1; 5; 1; 2; [-3846597801483//4212833753375, -1925540460081//4212833753375, -3578934083082//4212833753375, -3550888126584//842566750675, 6738172791692//4212833753375, -867420849129//324064134875, 1235933632988//842566750675, 1735752470186//168513350135, 12193392013909//4212833753375, 20390257850264//842566750675, 15391501982769//842566750675, -6825778709618//842566750675, 19374844376509//842566750675, 93508373976423//4212833753375, -18814072049659//4212833753375, 120130930787537//4212833753375, 19811234786113//842566750675, -45481751302399//324064134875, 117823279038437//4212833753375, -234388959624874//842566750675, -308542134556273//842566750675, -535123437580854//4212833753375, -631092329450341//842566750675, 121607331354609//842566750675, 199252315315422//842566750675, -345701294721936//842566750675, 1824667648733629//4212833753375, -1515652296702317//4212833753375, 1046159634822361//4212833753375, -111425138360519//842566750675, 146674745223944//4212833753375, 91265800082101//4212833753375, -2182289639375//33702670027, 36893712203487//842566750675, -248950155405842//4212833753375, 4091581597326//842566750675, -13692338875244//842566750675, 16608856126853//842566750675, -15034119272514//842566750675, 56056599031289//4212833753375, -33837994436832//4212833753375, 14437082209786//4212833753375, -25206724667//842566750675, -8536359784176//4212833753375, 11346174709841//4212833753375, -2382025070383//842566750675, 1451925077128//842566750675, -6002191524172//4212833753375]
11; 10; 4; 3; 4; 1; 1; 2; 1; 1; [-33774596700304//82739558650125, -1813992329648//6364581434625, -1936201311656//5515970576675, -9161202595166//82739558650125, 46653047257664//82739558650125, 37376720224496//27579852883375, -83651632886624//82739558650125, 27630573919192//16547911730025, 51987837025398//27579852883375, 9526415476848//5515970576675, 17065967835206//5515970576675, 258196240656//424305428975, 15482665620856//3309582346005, 136404080914248//27579852883375, 346241319423824//82739558650125, 3123065566402//220638823067, -237930692580038//27579852883375, -223177303039568//6364581434625, -1488550595857976//27579852883375, -2053898159804//2121527144875, -748073895134884//16547911730025, -1044721194504558//27579852883375, 473727484550968//5515970576675, -473427633078264//5515970576675, 1146079612546064//16547911730025, -50463707329232//1103194115335, 652666078541624//27579852883375, -462235766829208//82739558650125, -27416302474068//5515970576675, 296087078453666//27579852883375, -87437933058814//6364581434625, 218410883137352//27579852883375, -202481485345396//27579852883375, 11254128010224//5515970576675, -86668731654794//27579852883375, 19226413112472//5515970576675, -3191243358976//1272916286925, 8014228103512//5515970576675, -606825497184//1103194115335, -1982262865096//27579852883375, 35636659755262//82739558650125, -2952286243116//5515970576675, 41584131599038//82739558650125, -34614140025112//82739558650125, 5395374338232//27579852883375, -9105878066458//82739558650125, -458750344544//16547911730025, 438442310886//27579852883375]
11; 10; 4; 3; 10; 1; 1; 6; 1; 1; [28004787172//3057695875, -27868372861//9173087625, -35544204544//9173087625, 36993976737//3057695875, 5134334416//9173087625, -199408172369//9173087625, 8165119514//1834617525, 4168186547//705622125, -530334898058//9173087625, -54890726027//1834617525, 4420968707//122307835, -111325383977//1834617525, -70377842792//1834617525, -184880701472//705622125, 723190996577//3057695875, 14944059049//9173087625, -2562831416401//9173087625, 3780987924299//9173087625, 1550966246103//3057695875, -18635743807//47041475, 1863036539508//3057695875, 17060928211138//9173087625, -1429399853702//1834617525, -95771204632//73384701, 4143509690873//1834617525, -1452116074114//611539175, 5996324614984//3057695875, -12325963921967//9173087625, 2232501738019//3057695875, -725258002251//3057695875, -865279247138//9173087625, 2842343753042//9173087625, -641380844596//1834617525, 979403418024//3057695875, -1178802397556//9173087625, 164147264362//1834617525, -39734365309//366923505, 59924666729//611539175, -133757047673//1834617525, 401474751137//9173087625, -56267999409//3057695875, 2027757292//9173087625, 94118378422//9173087625, -43773531291//3057695875, 44795431294//3057695875, -21114047428//1834617525, 70946961247//9173087625, -17561785976//9173087625]
11; 10; 4; 3; 11; 1; 1; 9; 1; 1; [0, 0, 0, 0, 0, 0, 0, 0, 0, 0, 0, 0, 0, 0, 0, 0, 0, 0, 0, 0, 0, 0, 0, 0, 0, 0, 0, 0, 0, 0, 0, 0, 0, 0, 0, 0, 0, 0, 0, 0, 0, 0, 0, 0, 0, 0, 0, 0]
11; 10; 4; 3; 10; 1; 1; 5; 1; 2; [663518349646//194438480925, 4895978529382//972192404625, 4864913222857//972192404625, 5728594270717//972192404625, 1381722569808//324064134875, 1609149955327//972192404625, 117886125103//324064134875, -14983204396094//972192404625, -14261521668072//324064134875, -6851917211834//194438480925, -436350681768//64812826975, -10318024852699//194438480925, -11522370401162//194438480925, -20791268380814//194438480925, -31071677120274//324064134875, -148491990761737//972192404625, -44833818427999//324064134875, 233373870827936//972192404625, 310956907194608//972192404625, 128362434230411//972192404625, 778604780139079//972192404625, 560590092316652//324064134875, 162011075387116//194438480925, -125079012698854//194438480925, 26137506119637//64812826975, -37162269222412//194438480925, 3996025946524//194438480925, 22654252613418//324064134875, -121044267242611//972192404625, 110292581620159//972192404625, -84242753159657//972192404625, 25928965898648//324064134875, -2104749691354//74784031125, 44224191235712//972192404625, 27693254261356//324064134875, 4402076900479//194438480925, -2385463249376//194438480925, 733583533724//194438480925, 115539151224//64812826975, -188500729052//38887696185, 1762842652033//324064134875, -4876511844686//972192404625, 1115058656103//324064134875, -611642822274//324064134875, 357628287938//324064134875, 57471191571//324064134875, 109328829512//972192404625, 2170752652018//972192404625]
11; 10; 4; 3; 8; 1; 1; 6; 1; 2; [1656591164//705622125, 2242067008//705622125, 2671023584//705622125, 2502674696//705622125, 517857252//235207375, 181753682//141124425, -4752297512//705622125, -8463565832//705622125, -3799892008//235207375, -1190492544//47041475, -66242482//3618575, -1545501328//47041475, -1075815256//28224885, -18019950668//235207375, -53616535828//705622125, -1642310386//18092875, -2988435072//235207375, 18954159028//235207375, 21361396768//141124425, 91699161624//235207375, 365258324162//705622125, 164115087368//235207375, 21071634736//47041475, -15941525996//47041475, 29057088236//141124425, -871428098//9408295, 466858116//235207375, 29482443116//705622125, -49335766592//705622125, 15120644404//235207375, -11283846836//235207375, 5740093144//141124425, 188148752//235207375, 6390118012//235207375, 8529976124//235207375, 42405758//3618575, -287901844//47041475, 75657988//47041475, 11723944//9408295, -50415128//18092875, 2089173766//705622125, -1896636272//705622125, 1303196372//705622125, -232491456//235207375, 72589384//141124425, 291781346//705622125, 75708436//705622125, 18338988//18092875]
11; 10; 4; 3; 12; 1; 1; 11; 1; 1; [-578624//223925, 82588//86125, -696092//1119625, 140059//17225, 4542822//1119625, 15918013//1119625, -22211032//1119625, 3400704//223925, -9139922//1119625, -2707218//223925, -1742946//223925, 1785204//223925, -11262488//223925, 962838//44785, -131923414//1119625, 245536167//1119625, -89084823//223925, -109760142//1119625, -377916568//1119625, 525852672//1119625, 17498088//223925, 203988742//1119625, 328036182//223925, -10375866//223925, -176217206//223925, 249621537//223925, -243809022//223925, 73655606//86125, -614682664//1119625, 57398163//223925, -66970896//1119625, -109648384//1119625, 187962096//1119625, -6785082//44785, 154314296//1119625, -5164092//223925, 10412466//223925, -11423154//223925, 9764928//223925, -6898224//223925, 19301998//1119625, -510508//86125, -86929//44785, 6364284//1119625, -8226064//1119625, 7644001//1119625, -1060014//223925, 3439316//1119625]
11; 10; 4; 3; 2; 1; 1; 4; 1; 1; [-2679//689, -4140696//1119625, -5439632//1119625, -5613364//1119625, 187242//44785, 54790276//3358875, 54096932//3358875, 56979332//3358875, 102335539//3358875, 6430668//223925, 1023681//44785, 2182192//44785, 3710956//134355, 5293138//44785, 63145426//1119625, 144418062//1119625, 65455784//1119625, -81717078//223925, -2332068406//3358875, -699459414//1119625, -2134880927//3358875, -1824508079//3358875, 60106068//223925, 15892586//44785, -2214846//3445, 30865947//44785, -25651022//44785, 451982298//1119625, -239561214//1119625, 83002282//1119625, 2714092//223925, -378366538//3358875, 75560678//1119625, -128000642//1119625, 128228273//3358875, -5643283//223925, 4199362//134355, -1279422//44785, 963148//44785, -583828//44785, 6457018//1119625, -15578//86125, -3210538//1119625, 872848//223925, -15884008//3358875, 9233194//3358875, -9028846//3358875, 2012333//3358875]
11; 10; 4; 3; 8; 1; 1; 9; 1; 1; [226712//1100125, -801166//253875, 16211//50775, 2828129//3300375, -577784//132015, -7438463//3300375, 8412493//1100125, 1332626//3300375, -3121098//1100125, 5485884//220025, 4079706//220025, -7494907//660075, 15507172//660075, 74264759//3300375, 321441218//3300375, -13850952//220025, 51612266//3300375, 28802586//220025, -477998567//3300375, -932588309//3300375, 154269//1625, -521853551//3300375, -194397371//220025, -14602507//660075, 119912941//220025, -489161428//660075, 783300369//1100125, -139446727//253875, 231734588//660075, -184726754//1100125, 22398343//660075, 173549299//3300375, -122077729//1100125, 349506607//3300375, -299870393//3300375, 11142418//660075, -6874736//220025, 22108007//660075, -6210069//220025, 21649929//1100125, -35454581//3300375, 774968//220025, 1482476//1100125, -838811//220025, 14971499//3300375, -14574722//3300375, 10417172//3300375, -6500783//3300375]
11; 10; 4; 3; 9; 1; 1; 11; 1; 1; [6310571//1119625, 526904//223925, 3812044//1119625, 4988169//1119625, -9628442//1119625, -18206197//1119625, -436//86125, -5869424//1119625, -22809503//1119625, -742104//44785, -5532414//223925, -5443488//223925, -4535696//223925, -91385046//1119625, -5515898//223925, -115384029//1119625, -119298909//1119625, 523579742//1119625, 689520352//1119625, 231706068//1119625, 32783948//86125, 386073643//1119625, -53400372//44785, 96420186//223925, 20823022//223925, -85520031//223925, 525438282//1119625, -97389806//223925, 359878988//1119625, -229000467//1119625, 121354861//1119625, 25873756//1119625, -38762556//1119625, 90638442//1119625, -52674361//1119625, -37251//8957, -2924366//223925, 4577658//223925, -4654404//223925, 18819552//1119625, -2538403//223925, 6471788//1119625, -1844907//1119625, -954404//1119625, 272512//86125, -3078191//1119625, 245074//86125, -1675201//1119625]
11; 10; 4; 3; 5; 1; 1; 6; 1; 1; [34504637//174919875, 172406488//58306625, 39603637//6996795, 15842539//3300375, 124441918//174919875, -26878541//6996795, -525019891//58306625, -2989230409//174919875, -3317378471//174919875, -113592214//11661325, -49746219//11661325, -326576518//34983975, -1059243551//34983975, -4981386082//174919875, -16718240434//174919875, -64796393//466453, -8638549462//174919875, 11475234414//58306625, 14456441888//34983975, 79700853773//174919875, 25768092703//58306625, 20376797527//58306625, 2474554476//11661325, 149738408//34983975, -1517096996//11661325, 472592963//2691075, -29927746391//174919875, 7466278856//58306625, -636917033//6996795, 2228939848//58306625, 361829966//174919875, 164189933//34983975, 7703320634//174919875, -246213701//58306625, 6271640053//174919875, -139936088//34983975, 260449162//34983975, -280054252//34983975, 78412797//11661325, -827080861//174919875, 439595138//174919875, -457484//466453, -20724467//58306625, 64260002//58306625, -26550053//34983975, 1525486//1100125, -62551958//174919875, 43063571//58306625]
11; 10; 4; 3; 6; 1; 1; 4; 1; 1; [-29788//258375, -159917//86125, -3370//689, -1882103//258375, -1402898//258375, -73453//86125, 68302//6625, 303854//19875, 4292216//258375, 1172558//51675, 483183//17225, 1120829//17225, 1701068//17225, 24651598//258375, 42184601//258375, 11862334//51675, 20830921//86125, 65459008//258375, 43034594//258375, -59882188//258375, -91645417//258375, -64764676//258375, -11124472//51675, 3288484//51675, 2179627//51675, -4448291//51675, 9210713//86125, -21223642//258375, 297358//3975, -6779491//258375, 2204498//86125, 826294//86125, -1855528//86125, -513106//258375, -6325238//258375, 10112//51675, -173014//51675, 238898//51675, -73778//17225, 5651//1625, -523862//258375, 21102//17225, 10379//258375, -38836//258375, 192982//258375, -212554//258375, 4178//19875, -3732//6625]
11; 10; 4; 3; 5; 1; 1; 5; 1; 2; [6912451150109//4212833753375, -10537796384589//4212833753375, -141613456798//168513350135, 8610985628928//4212833753375, -3368061415952//4212833753375, -13172544340947//4212833753375, 41703046785858//4212833753375, 18498898224698//4212833753375, -5141037255759//324064134875, 178598474568//168513350135, 15638873383512//842566750675, -231042657382//33702670027, -82343677073//842566750675, -154501459195244//4212833753375, 26696099371973//324064134875, -38563140202553//842566750675, -224067277474008//4212833753375, 521866805212482//4212833753375, -58144335036548//4212833753375, -1639262005891048//4212833753375, -13734056810128//4212833753375, 1747818090239237//4212833753375, -72377864276964//168513350135, -163371081551588//842566750675, 87427928785894//168513350135, -510473321734178//842566750675, 2257713206675668//4212833753375, -1638503274259678//4212833753375, 193416959402712//842566750675, -400942717674904//4212833753375, -1818493256079//4212833753375, 259558836886831//4212833753375, -422583429959754//4212833753375, 329470089223986//4212833753375, -175685278529569//4212833753375, 3175412244916//168513350135, -22495813959872//842566750675, 4389681793632//168513350135, -17331956811777//842566750675, 56140156945268//4212833753375, -27311266315778//4212833753375, 1078471129358//842566750675, 8144556570916//4212833753375, -14325768992654//4212833753375, 15566699268231//4212833753375, -14449442821789//4212833753375, 8990129757456//4212833753375, -3395707786999//4212833753375]
11; 10; 4; 3; 12; 1; 1; 5; 1; 1; [-4638189293577//4212833753375, -16278042912111//4212833753375, -1242237335018//324064134875, -235206879749//842566750675, -392872446592//842566750675, -20915268686427//4212833753375, -13343376156028//4212833753375, 5724386534538//842566750675, 71750344980046//4212833753375, 6787400939524//842566750675, 882499417554//168513350135, 30990651315602//842566750675, 36587193870183//842566750675, 187232225397417//4212833753375, 478112266906711//4212833753375, 486531405782314//4212833753375, 1264880840324//842566750675, -90687835428121//842566750675, -164993127883853//4212833753375, -20837295529822//4212833753375, -237962125393218//842566750675, -2995780863360001//4212833753375, -374251673194571//842566750675, 31303805402547//168513350135, 2419751357502//842566750675, -90527429213622//842566750675, 643847319669731//4212833753375, -590578649572987//4212833753375, 500996493005077//4212833753375, -61492204105108//842566750675, 25509640186718//842566750675, -33810987134989//4212833753375, -50405887617401//4212833753375, 5983295350701//842566750675, -223108830197223//4212833753375, -2493923768454//842566750675, -111956653296//33702670027, 5359385731363//842566750675, -5726821091838//842566750675, 24546877586611//4212833753375, -16645967970357//4212833753375, 9873518715712//4212833753375, -637691621388//842566750675, -291125509416//842566750675, 3194597262931//4212833753375, -4014819615811//4212833753375, 516574879116//842566750675, -5224044719293//4212833753375]
11; 10; 4; 3; 7; 1; 1; 6; 1; 1; [-54086703//58306625, -272999696//151597225, -255174376//151597225, -1019805832//757986125, 1605302126//757986125, -2452384609//757986125, 185899676//757986125, 7626465084//757986125, 5852108838//757986125, 1886847552//151597225, 1304006817//151597225, 1336575528//151597225, 4351808452//151597225, 14747654934//757986125, 5964261542//151597225, 7414190682//151597225, -7646778948//757986125, -9288960362//58306625, 4901988964//757986125, -7129575552//58306625, -200970001299//757986125, -231273478158//757986125, -93881145288//151597225, 20658658662//151597225, 26097922798//151597225, -47823784683//151597225, 257584850382//757986125, -43004014426//151597225, 30428234854//151597225, -83069464974//757986125, 21721919312//757986125, 10604375152//757986125, -34361934108//757986125, 26637257538//757986125, -42469078524//757986125, 455100093//151597225, -35316414//2860325, 2331526542//151597225, -2136027492//151597225, 8062833612//757986125, -982089098//151597225, 438543922//151597225, -132970354//757986125, -1182870808//757986125, 1573019212//757986125, -1624657613//757986125, 1057555698//757986125, -1002781524//757986125]
11; 10; 4; 3; 10; 1; 1; 4; 1; 1; [1426168//223925, 268516//1119625, 8080516//1119625, 8517446//1119625, -12029712//1119625, -19365154//1119625, 132596//223925, -4333908//223925, -4593812//86125, -160542//8957, -3561159//223925, -15958044//223925, 8542148//223925, -38965104//223925, -74534596//1119625, -596319276//1119625, -289516146//1119625, 648303012//1119625, 751401364//1119625, 54959298//223925, 117718806//223925, -409628984//1119625, -20820246//8957, -94529664//223925, 432112316//223925, -544239552//223925, 20045316//8957, -1904345008//1119625, 1145456612//1119625, -532978218//1119625, 68468346//1119625, 281783992//1119625, -70668474//223925, 77878332//223925, -23721784//86125, 584253//8957, -23470736//223925, 24002544//223925, -19624788//223925, 13208772//223925, -34756103//1119625, 9087752//1119625, 6607202//1119625, -14512044//1119625, 17526292//1119625, -2879837//223925, 2192976//223925, -6337732//1119625]
