11; 7; 5; 5; 5; 1; 1; 4; 1; 1; [-1421//975, 2504//195, 76844//4875, 25216//4875, -1828//325, 57358//4875, 110746//4875, -41199//1625, -408274//4875, -65396//975, -6999//325, -82798//975, -12392//65, 53363//975, -116384//325, -2692084//4875, -466452//1625, 555553//975, 2928467//4875, -535676//4875, 2670877//4875, 4280503//1625, 2778379//975, -220547//975, -1314718//975, 77386//39, -77089//39, 509391//325, -1736889//1625, 2500832//4875, -94079//975, -530789//4875, 1240477//4875, -1245394//4875, 1739927//4875, -36124//975, 26644//325, -29949//325, 5183//65, -55709//975, 10559//325, -61832//4875, -11593//4875, 10268//975, -59279//4875, 56657//4875, -13648//1625, 12559//1625]
11; 7; 5; 5; 5; 1; 1; 2; 1; 2; [-10435946//3316625, 1101067//3316625, -2787464//663325, -36179428//3316625, -17492582//3316625, -4524118//663325, -12716124//663325, -12822156//3316625, 1471//26533, -23766234//663325, -6538554//663325, 9688281//663325, -35568834//663325, 375178486//3316625, -67243677//3316625, -1412083//663325, 816032648//3316625, 412711062//3316625, -16811458//132665, 159970534//663325, -118981454//3316625, -40435514//51025, 227523906//663325, 328206646//663325, -587243459//663325, 47807767//51025, -2591367042//3316625, 1800046604//3316625, -39308768//132665, 350474794//3316625, 155052411//3316625, -77972314//663325, 94142382//663325, -391635262//3316625, 32729108//663325, -23100226//663325, 28340974//663325, -25845856//663325, 19313994//663325, -58560792//3316625, 25320839//3316625, -191876//663325, -12718006//3316625, 19486336//3316625, -3812968//663325, 3096292//663325, -9729162//3316625, 499587//663325]
11; 7; 5; 5; 12; 1; 1; 2; 1; 1; [3103862884//3372965375, -7516143987//3372965375, 394359593//259458875, 4175318392//3372965375, -591958074//674593075, 15132929372//3372965375, -3683049814//3372965375, 5915612862//3372965375, -3157617318//674593075, -9394662194//674593075, 13418669454//674593075, -7882305888//674593075, -1289773907//51891775, -74190695894//3372965375, 185749254517//3372965375, -221454812034//3372965375, 8886816886//259458875, 10946270507//674593075, -292158958432//3372965375, 269243626124//3372965375, -530152022672//3372965375, 45705148493//134918615, 232606350346//674593075, -379490289086//674593075, 390716597502//674593075, -321630335141//674593075, 1083005272118//3372965375, -43417928148//259458875, 152455817303//3372965375, 112847294724//3372965375, -1927334378//26983723, 261336612539//3372965375, -226730388678//3372965375, 11340150388//259458875, -9382894919//674593075, 17965043084//674593075, -16017321694//674593075, 904188746//51891775, -6994386279//674593075, 14121264268//3372965375, 781128676//3372965375, -9288012642//3372965375, 12337781094//3372965375, -2323909161//674593075, 8799306799//3372965375, -425204106//259458875, 2265980954//3372965375, 110856322//674593075]
11; 7; 5; 5; 9; 1; 1; 2; 1; 1; [-7315541//155675325, 20418976//59875125, -18191426//51891775, 211309192//778376625, 1158562//6227013, -52061236//778376625, 537120158//778376625, 104735337//259458875, 96019414//155675325, 336133224//51891775, -168696119//51891775, 158516749//155675325, 594059696//155675325, -21107408//31135065, -10722292238//778376625, 1066868836//51891775, -17024200487//778376625, 1152408209//155675325, -23939040124//778376625, -36542853838//778376625, 24477508819//778376625, -11557381934//155675325, -7561316876//51891775, 1416028486//11975025, -12319205471//155675325, 6394601131//155675325, -1665402893//155675325, -7475267354//778376625, 3045250484//155675325, -5598234627//259458875, 2806159214//155675325, -10849208197//778376625, 1290668252//259458875, -292068711//259458875, -615832192//155675325, -670070857//155675325, 391567142//155675325, -153135704//155675325, -4953532//51891775, 110195849//155675325, -728205844//778376625, 137851474//155675325, -177532692//259458875, 66010661//155675325, -169886597//778376625, -4350433//259458875, 82511902//778376625, -9683164//51891775]
11; 7; 5; 5; 7; 1; 1; 4; 1; 1; [10897//4875, -54062//4875, -70294//4875, -169//15, -1302//325, -93323//4875, -14623//1625, 49541//1625, 121944//1625, 40052//975, 739//25, 39186//325, 187859//975, -93139//1625, 1445312//4875, 741753//1625, 321056//975, -216643//975, -751747//4875, -1234621//4875, -1963401//1625, -16177262//4875, -2477353//975, -8623//325, 1482568//975, -673847//325, 9755054//4875, -7567429//4875, 4999567//4875, -455794//975, 24213//325, 760814//4875, -1395863//4875, 1127336//4875, -1885736//4875, 1157//25, -85246//975, 30669//325, -25868//325, 271384//4875, -149144//4875, 52432//4875, 96//25, -10858//975, 63194//4875, -58463//4875, 37406//4875, -13087//1625]
11; 7; 5; 5; 3; 1; 1; 12; 1; 1; [12325577//9949875, 3242372//3316625, 3865122//3316625, 411552//663325, 11490412//9949875, -7735747//3316625, 13362852//3316625, 1863722//1989975, -9961373//9949875, -385966//51025, -1445394//663325, -5746242//663325, -20023183//1989975, -297406927//9949875, -526756//21125, -132196292//3316625, -71512543//1989975, 341653973//9949875, 974999861//9949875, -1034308286//9949875, 26538358//397995, -47798882//9949875, 59842707//663325, -493056367//1989975, 577124354//1989975, -515038648//1989975, 1868650634//9949875, -1125007963//9949875, 431515787//9949875, 322469//397995, -279157711//9949875, 438096173//9949875, -831029//19625, 4920827//153075, -186082246//9949875, 25432429//1989975, -8299396//663325, 19685221//1989975, -4281074//663325, 31361074//9949875, -6755323//9949875, -9636248//9949875, 1091303//663325, -17403016//9949875, 5218171//3316625, -11135273//9949875, 1231112//1989975, -609582//3316625]
11; 7; 5; 5; 7; 1; 1; 2; 1; 2; [-1312168898//10118896125, 1708069742//10118896125, 2260009417//3372965375, 401134173//3372965375, -541107844//778376625, -14303005256//10118896125, -15109014503//10118896125, -2444175737//3372965375, 6573284996//10118896125, 227119314//134918615, 907719983//404755845, -8380376674//2023779225, -154790275//80951169, 35026152181//3372965375, 51399885218//10118896125, -70492662616//10118896125, 780857182//3372965375, 121628047237//10118896125, 182011475847//3372965375, 732896642548//10118896125, 63224226271//10118896125, -268116615157//3372965375, -461894614//10378355, 3217024347//134918615, -4842935693//674593075, -1696209116//404755845, 34449604393//3372965375, -110098291376//10118896125, 95245642252//10118896125, -70944559787//10118896125, 46745326516//10118896125, 2968290036//3372965375, 31200881744//10118896125, 4949126141//3372965375, -51851248493//10118896125, -240541751//404755845, -1202043//134918615, 241096393//674593075, -200425168//404755845, 4884987404//10118896125, -3697230806//10118896125, 778610984//3372965375, -381395379//3372965375, 299899921//10118896125, 287037431//3372965375, -33664906//10118896125, 739136758//10118896125, -1252153973//10118896125]
11; 7; 5; 5; 11; 1; 1; 7; 1; 1; [-19980197//3316625, -488558//3316625, -8989622//3316625, -20315062//3316625, 9108526//3316625, -32551202//3316625, 4622062//255125, 88842509//3316625, -47095727//3316625, 6363984//132665, 20562606//663325, 1956407//663325, 24922629//663325, 580603692//3316625, 978348//3316625, 390322402//3316625, -364951398//3316625, -594208336//3316625, 905847042//3316625, -3168281016//3316625, -2229162929//3316625, 176343992//3316625, -30786942//26533, 611075316//663325, -397104533//663325, 196893039//663325, -176006654//3316625, -288173696//3316625, 534316606//3316625, -564605064//3316625, 432134632//3316625, -276397019//3316625, 29530392//3316625, -156390417//3316625, -15823194//3316625, -4370991//132665, 12364394//663325, -4390262//663325, -1065969//663325, 20776616//3316625, -24928286//3316625, 23080906//3316625, -102586//19625, 758644//255125, -3699639//3316625, -2532418//3316625, 449978//3316625, -3212389//3316625]
11; 7; 5; 5; 12; 1; 1; 10; 1; 1; [-113//4225, -8394//21125, 8128//4225, -1159//845, 1044//1625, 3418//4225, -4412//1625, 34512//21125, -18201//4225, 5282//4225, 2763//845, -17152//845, 10004//325, -12281//4225, 153514//21125, -43097//845, -1421//845, 312173//21125, -62009//4225, 227832//1625, 120311//1625, -248947//4225, -323443//4225, -192131//845, 303068//845, -1539838//4225, 251579//845, -4219103//21125, 429979//4225, -23701//845, -444281//21125, 38557//845, -954017//21125, 1009909//21125, -28997//845, 61483//4225, -2852//169, 969//65, -45807//4225, 26963//4225, -53323//21125, -1042//4225, 1478//845, -48456//21125, 9147//4225, -32882//21125, 23664//21125, -2284//4225]
11; 7; 5; 5; 5; 1; 1; 3; 1; 1; [-7845788//6088875, 3493457//6088875, -106674//156125, 1451258//2029625, 3168982//6088875, 8215303//6088875, 19325406//2029625, 65444797//6088875, 15242664//2029625, 5805728//405925, 4163194//405925, 3592384//405925, 616004//81185, 197334628//6088875, -31776607//6088875, 101309981//6088875, -471977384//6088875, -426767077//6088875, -154581536//2029625, -2235420038//6088875, -549367704//2029625, -555866609//2029625, -1922814//31225, 158661112//1217775, -174449578//1217775, 6035293//48711, -525007556//6088875, 301143394//6088875, -104397292//6088875, -15382934//2029625, 26089133//2029625, -47261493//2029625, 9289186//6088875, -157725341//6088875, -8273657//2029625, -7831819//1217775, 7390298//1217775, -5654152//1217775, 237714//81185, -8023846//6088875, 329453//2029625, 1145816//2029625, -5633302//6088875, 1644343//2029625, -4695409//6088875, 24799//156125, -74314//156125, -1034686//6088875]
11; 7; 5; 5; 9; 1; 1; 10; 1; 1; [-7697//21125, 73//325, -105134//21125, -13804//4225, -31276//4225, -16002//4225, 25466//4225, 45473//21125, 262313//21125, -12938//845, -109986//4225, 2157//325, -13214//4225, 2265022//21125, 213267//4225, 3650529//21125, 8838//4225, -22603//4225, 404902//4225, -738642//4225, 4394657//21125, -415213//21125, -10922//845, 2004604//4225, -2751769//4225, 2645086//4225, -10223799//21125, 1333494//4225, -3004908//21125, 109786//4225, 215754//4225, -345309//4225, 344296//4225, -1361029//21125, 1044421//21125, -23159//845, 9572//325, -105226//4225, 73434//4225, -201039//21125, 13752//4225, 27022//21125, -14492//4225, 17287//4225, -15199//4225, 10848//4225, -30604//21125, 13881//21125]
11; 7; 5; 5; 8; 1; 1; 7; 1; 1; [9363288//663325, -7107749//9949875, 168462022//9949875, 192835748//9949875, -1332950//79599, 299696179//9949875, -392079463//9949875, -618190727//9949875, 456139//765375, -124861712//663325, -808480//26533, -1662688//51025, -488022856//1989975, -252012101//663325, 189776173//3316625, -6682303042//9949875, 879800162//9949875, 32326427//51025, -4608333679//9949875, 8587429881//3316625, 10148212742//9949875, 10433887448//9949875, 3469028363//663325, -89939605//26533, 3281783618//1989975, -218543987//663325, -1064314066//1989975, 8997766387//9949875, -3245743807//3316625, 7895160476//9949875, -78689924//153075, 2708381243//9949875, 87604303//3316625, 6149452//3316625, 536493058//3316625, 69370897//663325, -5710//157, -6977661//663325, 23497557//663325, -6671036//153075, 390638017//9949875, -98701722//3316625, 176345791//9949875, -13833988//1989975, -2662327//9949875, 63525064//9949875, -49554614//9949875, 65456654//9949875]
11; 7; 5; 5; 12; 1; 1; 8; 1; 1; [-38807//3316625, -3351306//3316625, -983129//3316625, -4886711//3316625, -2072974//3316625, 3949857//3316625, -11246268//3316625, 11745957//3316625, 21823924//3316625, 55176//26533, 6302067//663325, 2495223//663325, 939607//132665, -5149993//3316625, 85833016//3316625, 30943629//3316625, 201073976//3316625, -64589376//3316625, -211138507//3316625, 167617678//3316625, -946195027//3316625, -530683369//3316625, 3274521//132665, -129537163//663325, 170430943//663325, -2465711//10205, 616507681//3316625, -384263267//3316625, 180814282//3316625, -13955022//3316625, -75161958//3316625, 103871669//3316625, -107544921//3316625, 50733324//3316625, -86808837//3316625, 1450103//132665, -7602242//663325, 6328147//663325, -867822//132665, 11701691//3316625, -3528082//3316625, -137196//255125, 4769828//3316625, -5371663//3316625, 4512459//3316625, -251402//255125, 91658//255125, -1242117//3316625]
11; 7; 5; 5; 7; 1; 1; 3; 1; 1; [601122//2029625, 5730343//2029625, 5959823//1217775, 14308168//6088875, 23684888//6088875, -53897//93675, -1864491//2029625, -10019564//2029625, -30901154//2029625, -30006754//1217775, -5203157//405925, -278711//93675, -60143831//1217775, -185776421//6088875, -755790469//6088875, -170291837//1217775, -453669163//6088875, 96909429//2029625, 1596173//6245, 831639371//2029625, 1309879387//6088875, 269463644//468375, 600735431//1217775, 401441959//1217775, -906720353//1217775, 1019227714//1217775, -1484219536//2029625, 3153312653//6088875, -374449288//1217775, 667837561//6088875, 124570096//6088875, -96718483//1217775, 815598449//6088875, -591939769//6088875, 652699856//6088875, -33935521//1217775, 1167944//31225, -43411247//1217775, 11201932//405925, -35726676//2029625, 3834151//468375, -340162//243555, -18938189//6088875, 10150852//2029625, -5946011//1217775, 2123293//468375, -5373908//2029625, 12079121//6088875]
11; 7; 5; 5; 11; 1; 1; 12; 1; 1; [1549801//663325, 2229441//663325, 37724536//3316625, 34583569//3316625, 1663342//663325, -27796637//3316625, -82055541//3316625, -30654343//3316625, -15427993//3316625, -1960662//51025, -4262424//132665, -48453592//663325, -44072631//663325, -44959188//663325, -169003//4225, -754244421//3316625, -612594539//3316625, -59895754//663325, 126096004//255125, 4328847531//3316625, 2698726438//3316625, 2018532208//3316625, 243125244//663325, -87087612//132665, 457647558//663325, -386525661//663325, 52692922//132665, -145600658//663325, 194777402//3316625, 74359303//3316625, -57596963//663325, 394986561//3316625, -6822264//255125, 25417903//255125, -31503066//3316625, 20909886//663325, -763374//26533, 14208052//663325, -8699829//663325, 3683224//663325, -146703//663325, -10592908//3316625, 13611623//3316625, -2811194//663325, 12303391//3316625, -3387057//3316625, 5786514//3316625, 1016869//3316625]
11; 7; 5; 5; 9; 1; 1; 8; 1; 1; [-1792429//3316625, -6626634//3316625, -13236094//3316625, -23219//3925, -18012732//3316625, 2526573//3316625, 24059797//3316625, 44199624//3316625, 4923189//255125, 9170014//663325, 975147//132665, 7324198//663325, 13496911//663325, 140104199//3316625, 286437594//3316625, 448803614//3316625, 68349391//663325, -58758708//3316625, -802642773//3316625, -1519085847//3316625, -1692032059//3316625, -1524503722//3316625, -6009377//51025, 2005751//26533, -23199802//663325, 4209476//663325, 49753902//3316625, -57582793//3316625, 92853697//3316625, -676149//51025, 37582141//3316625, -57529709//3316625, -62842301//3316625, -72651277//3316625, -78153046//3316625, -1511579//663325, 98772//132665, 210387//663325, -555546//663325, 3453582//3316625, -2725843//3316625, 2561652//3316625, -199752//663325, 474031//3316625, -660449//3316625, -1636136//3316625, -76304//255125, -1736426//3316625]
11; 7; 5; 5; 8; 1; 1; 12; 1; 1; [-1695607//663325, -12647369//1989975, -129721003//9949875, -27395423//3316625, -7205552//3316625, 75144016//9949875, 340212304//9949875, 9777929//397995, 5702247//255125, 4576246//79599, 39447058//663325, 5250316//51025, 35123047//397995, 171600562//1989975, 631747//4225, 901890376//3316625, 1319556734//9949875, 15235799//255125, -1916456682//3316625, -5025937368//3316625, -734276338//663325, -3738492476//3316625, -55407266//79599, 1302200144//1989975, -326441012//663325, 24958610//79599, -90421457//663325, 1688654//79599, 244655383//3316625, -290034886//3316625, 73833406//765375, -1012395283//9949875, -183546032//9949875, -150866029//1989975, -148249828//3316625, -2031005//79599, 68488//3925, -18231224//1989975, 369009//132665, 86583//51025, -7345996//1989975, 45565964//9949875, -36699593//9949875, 27781423//9949875, -20714753//9949875, -6835952//9949875, -1722296//1989975, -14204009//9949875]
11; 7; 5; 5; 3; 1; 1; 6; 1; 1; [704323//1989975, -153193//3316625, 1377304//1989975, 6203128//3316625, 14840716//9949875, -16365352//9949875, -971231//765375, -55619146//9949875, -35026931//3316625, -12308948//1989975, 73988//132665, -4090159//397995, -33783497//1989975, -8334432//663325, 50446993//3316625, -4838252//1989975, -81242718//3316625, 216720574//9949875, 893172542//9949875, 484045283//9949875, 2755843036//9949875, 4267381973//9949875, 11044//75, -4308084//26533, 18408357//132665, -65852744//663325, 109460738//1989975, -63262006//3316625, -1995508//397995, 56896686//3316625, -16428851//765375, 81422227//3316625, -130596296//9949875, 217753358//9949875, 153297899//9949875, 4531496//663325, -2081756//397995, 1299694//397995, -1002591//663325, 320374//1989975, 2137334//3316625, -1942844//1989975, 3188976//3316625, -2574966//3316625, 6039911//9949875, -767047//3316625, 3050308//9949875, 1420093//3316625]
11; 7; 5; 5; 3; 1; 1; 5; 1; 2; [-14506//51025, 1184//765375, -418403//765375, 612359//765375, 911494//765375, -984//10205, 1089793//255125, 16322//51025, -2827//11775, 980972//153075, -164524//51025, 60784//51025, 213853//153075, 349334//153075, -1348874//765375, 10579793//765375, -37621964//765375, -8393438//255125, -4599506//153075, -36521513//255125, 7857362//153075, -1399928//30615, -16585528//153075, 21908098//153075, -6902006//51025, 15961723//153075, -2009432//30615, 23303138//765375, -2659511//765375, -3641434//255125, 4483376//255125, -1059662//51025, 7131908//765375, -253964//30615, 529342//153075, -980257//153075, 817042//153075, -562222//153075, 7803//3925, -94322//153075, -76334//255125, 599324//765375, -717287//765375, 584548//765375, -92224//153075, 165808//765375, -13886//153075, -7591//153075]
11; 7; 5; 5; 2; 1; 1; 5; 1; 1; [2184293//9949875, 4166144//9949875, -22226056//9949875, -1972432//1989975, 7878027//3316625, -1715039//663325, -25325766//3316625, -6932768//3316625, -20115691//1989975, -2983571//153075, -9168983//1989975, 11696154//663325, -17995703//663325, -118700111//3316625, -50749903//3316625, 838020416//9949875, 57164378//1989975, 72764579//9949875, 130055412//663325, 348393506//3316625, -276414131//9949875, 854929076//1989975, 1332222637//1989975, -19300266//663325, -693431333//1989975, 993458081//1989975, -1631400528//3316625, 98899497//255125, -2480515942//9949875, 251397727//1989975, -257102938//9949875, -10937899//397995, 233230393//3316625, -54284881//765375, 154987823//1989975, -20108932//1989975, 41343553//1989975, -45578932//1989975, 39104449//1989975, -10690363//765375, 6018436//765375, -27291707//9949875, -259057//397995, 25632787//9949875, -1989631//663325, 29684704//9949875, -7269046//3316625, 3361978//1989975]
11; 7; 5; 5; 11; 1; 1; 6; 1; 1; [-844978//663325, -29108383//3316625, -23340261//3316625, -16794839//3316625, 4313856//3316625, 23865358//3316625, -451834//3316625, 64485958//3316625, 18154219//663325, 60714//3925, 34867968//663325, 37622137//663325, 26162884//663325, 15655529//663325, 49308171//255125, 558967966//3316625, 576610674//3316625, -984052811//3316625, -1860007883//3316625, -1169104656//3316625, -3261119283//3316625, -452725636//663325, -1188387//4225, -227043407//663325, 426932867//663325, -454952516//663325, 77094876//132665, -1310825121//3316625, 763787268//3316625, -218462878//3316625, -134643328//3316625, 182520986//3316625, -370090843//3316625, 136545911//3316625, -4802568//51025, 16562129//663325, -20640208//663325, 19045243//663325, -14305779//663325, 678096//51025, -18798336//3316625, 1715188//3316625, 10014272//3316625, -14744448//3316625, 12137946//3316625, -11933893//3316625, 337492//255125, -16986//10205]
11; 7; 5; 5; 6; 1; 1; 5; 1; 1; [748892//663325, 14538669//3316625, -715681//663325, 1042638//663325, 756042//255125, -7630124//3316625, 2643808//3316625, -1059882//51025, -42576557//3316625, 875516//132665, -24074757//663325, -9871727//663325, -2234529//663325, -28419413//663325, -396157419//3316625, 29876978//663325, -1392411//132665, 545284199//3316625, 353570089//3316625, -98825438//3316625, 1778968//2041, 1035513047//3316625, -4880809//132665, 305336363//663325, -410527547//663325, 389873981//663325, -303223722//663325, 72345821//255125, -1365894//10205, 13199399//663325, 192798352//3316625, -256049243//3316625, 274679481//3316625, -19524203//663325, 201437571//3316625, -3470251//132665, 18404502//663325, -15447123//663325, 821508//51025, -1170348//132665, 8999603//3316625, 823006//663325, -168839//51025, 13306632//3316625, -11126503//3316625, 8285826//3316625, -496966//663325, 2887626//3316625]
11; 7; 5; 5; 11; 1; 1; 5; 1; 2; [49837//4225, 247733//21125, 230606//21125, 350664//21125, -74746//21125, 244022//21125, -472567//21125, -1586937//21125, -449067//21125, -78384//845, -499971//4225, -339468//4225, -46047//325, -1365721//4225, -5473623//21125, -8243986//21125, -708314//21125, 14099716//21125, 724303//21125, 36269997//21125, 54051772//21125, 28554737//21125, 2104611//845, -4201841//4225, -348678//4225, 2861299//4225, -4578//5, 17723421//21125, -14210103//21125, 8693388//21125, -3410987//21125, 573624//21125, 3245141//21125, -83444//21125, 3871181//21125, 11449//845, 92266//4225, -12469//325, 169746//4225, -142992//4225, 483036//21125, -270698//21125, 81293//21125, 51703//21125, -101886//21125, 149891//21125, -58954//21125, 100976//21125]
11; 7; 5; 5; 10; 1; 1; 5; 1; 1; [-10006//2535, -219542//63375, -96692//63375, -64816//63375, -96158//12675, -570083//63375, 121544//21125, 364994//12675, 128228//4875, 24958//4225, 92866//4225, 2558//39, 17996//845, 83724//845, 7542352//63375, 1489974//21125, -7724014//63375, -10616//325, 12113528//63375, -6598672//63375, -14779217//12675, -87497819//63375, -1033692//4225, 2106576//4225, -1378844//2535, 396633//845, -828052//2535, 4055332//21125, -3986284//63375, -1414852//63375, 58684//975, -4243741//63375, 4069354//63375, -52922//507, -658989//21125, -103848//4225, 22454//975, -44452//2535, 1862//169, -74//15, 42061//63375, 139166//63375, -214712//63375, 41576//12675, -159091//63375, 107299//63375, -8078//4225, -60002//63375]
11; 7; 5; 5; 3; 1; 1; 4; 1; 1; [127402//63375, 68116//21125, 299//375, -255103//63375, -234798//21125, -495203//63375, -12234//21125, 137017//21125, 78389//12675, -37718//4225, -6258//845, 68546//12675, 206333//4225, -369999//21125, -2845858//63375, -4154681//63375, 1409368//63375, 6636583//21125, 22898513//63375, 14121052//63375, -7765237//21125, -2428334//4225, -1466753//4225, -8979//169, 3481996//12675, -1467087//4225, 20519114//63375, -15755069//63375, 3169084//21125, -4289186//63375, 33363//1625, 3013334//63375, -2328259//63375, 635744//21125, -32236//507, 38628//4225, -38054//2535, 196099//12675, -4116//325, 545044//63375, -96988//21125, 26324//21125, 18158//21125, -34886//21125, 157154//63375, -107824//63375, 1698//1625, -16154//12675]
11; 7; 5; 5; 8; 1; 1; 6; 1; 1; [10879108//3316625, 4603072//1989975, 80570026//9949875, 596247//663325, -9277886//1989975, -29603783//9949875, -32514211//1989975, -9478488//3316625, -2654347//765375, -42398446//1989975, -6202533//663325, -8446777//153075, 14178089//1989975, -127122458//3316625, -39514894//1989975, -673584512//3316625, 36762529//397995, 22968847//153075, 3509831828//9949875, 1624605431//1989975, 732084013//3316625, 917962717//3316625, -3403408//12675, -472129988//663325, 2264558059//1989975, -773463297//663325, 3154994811//3316625, -1280355628//1989975, 3255371282//9949875, -176264677//1989975, -9196169//153075, 1616441759//9949875, -252796262//1989975, 1513289612//9949875, -885504097//9949875, 30491232//663325, -8223602//153075, 94798186//1989975, -23110483//663325, 5239017//255125, -16449194//1989975, -6899878//9949875, 11121371//1989975, -4776229//663325, 72147809//9949875, -9296062//1989975, 35702582//9949875, -13472447//9949875]
11; 7; 5; 5; 3; 1; 1; 2; 1; 2; [-10128622//9949875, 3463769//1989975, 362061//132665, 20238199//9949875, 6363772//9949875, 2142074//1989975, 15196641//3316625, -9260876//9949875, -158764537//9949875, -14117878//663325, -5145869//663325, -12306059//663325, -38337556//663325, 75437842//9949875, -170157913//1989975, -83826732//663325, -31590536//255125, -404475787//9949875, 476588//663325, -690215813//9949875, -47737323//3316625, 1405005249//3316625, 463840782//663325, 110348848//1989975, -964610047//1989975, 1263869302//1989975, -5988321379//9949875, 914917034//1989975, -593252341//1989975, 1294386428//9949875, -66264022//3316625, -35587308//663325, 813181426//9949875, -865833212//9949875, 890781581//9949875, -30937831//1989975, 53931932//1989975, -56794498//1989975, 1209912//51025, -162544259//9949875, 17435557//1989975, -5677304//1989975, -14274457//9949875, 11274993//3316625, -317108//79599, 11489672//3316625, -8551564//3316625, 6201757//3316625]
11; 7; 5; 5; 8; 1; 1; 5; 1; 2; [337657//63375, 277538//63375, 79174//21125, 185112//21125, 21564//21125, 253476//21125, -123376//21125, -2766883//63375, -179356//12675, -187218//4225, -40999//845, -72147//4225, -1031378//12675, -3504659//21125, -2681446//21125, -3838009//21125, -596066//63375, 19473893//63375, -12316393//63375, 39721048//63375, 84491248//63375, 241013//325, 6993347//4225, -6077//13, -4040591//12675, 2986634//4225, -51138401//63375, 43646021//63375, -10684077//21125, 18081682//63375, -1962667//21125, -1699289//63375, 7309919//63375, -3139996//63375, 1716209//12675, -8947//4225, 67388//2535, -150743//4225, 143061//4225, -1674421//63375, 80837//4875, -169202//21125, 74587//63375, 201644//63375, -310399//63375, 26288//4875, -179936//63375, 42127//12675]
11; 7; 5; 5; 2; 1; 1; 2; 1; 1; [6801354//3316625, 7188801//3316625, 463474//9949875, 5730099//3316625, 26566204//9949875, -153591//132665, -35602447//9949875, -96930229//9949875, -4662731//255125, -9505594//663325, -7560938//1989975, -29307643//1989975, -33386066//1989975, -548236922//9949875, -620460733//9949875, 345361946//9949875, 173983146//3316625, -102611703//3316625, 95990909//1989975, 1194560349//3316625, 4335158554//9949875, 99676111//255125, 217273371//663325, -210086108//1989975, -90126058//1989975, 243252274//1989975, -1461882206//9949875, 417114357//3316625, -921780422//9949875, 578866334//9949875, -79521404//3316625, 690938//663325, 7910684//255125, 585382//9949875, 120861014//3316625, 687127//1989975, 2942856//663325, -12674137//1989975, 12358166//1989975, -49514021//9949875, 10475522//3316625, -15481982//9949875, 1245568//3316625, 4339103//9949875, -121163//153075, 23398//19625, -3673648//9949875, 8432422//9949875]
11; 7; 5; 5; 4; 1; 1; 7; 1; 1; [17008117//3316625, -19626038//9949875, -2910547//1989975, 4234686//3316625, 428472//3316625, 9208453//1989975, -56890232//3316625, -140234501//9949875, 233924464//9949875, -309210//26533, -964349//51025, -5269067//1989975, 58601551//1989975, -489742962//3316625, 370944398//9949875, 80487//10205, 1818666847//9949875, 72011584//9949875, -132681076//397995, 5705559406//9949875, 3666338366//9949875, -1892331848//3316625, -38310056//132665, -400674162//663325, 665042541//663325, -687896498//663325, 2816047744//3316625, -5775478786//9949875, 616162069//1989975, -815723309//9949875, -179985901//3316625, 74901408//663325, -1190036572//9949875, 477553541//3316625, -1170063992//9949875, 408819//10205, -94787384//1989975, 84915572//1989975, -20843697//663325, 61839424//3316625, -76640591//9949875, -362522//1989975, 48845266//9949875, -4949366//765375, 11778898//1989975, -43210537//9949875, 33886048//9949875, -19517302//9949875]
11; 7; 5; 5; 11; 1; 1; 4; 1; 1; [470607//21125, 584912//21125, 1130602//21125, 1366961//21125, 407708//21125, -2335179//21125, -835156//4225, -2027794//21125, 923459//21125, -65614//845, -1717548//4225, -1986341//4225, -73501//4225, -13697627//21125, -6552712//21125, -1139764//1625, -22093506//21125, -11922733//21125, 74688469//21125, 37582172//4225, 167835389//21125, -6949569//21125, -972281//169, -2394953//4225, 17225029//4225, -22636916//4225, 105830449//21125, -82004021//21125, 50666029//21125, -24653158//21125, 2402011//21125, 13044172//21125, -1314271//4225, 22885197//21125, -12720307//21125, 112111//845, -965852//4225, 1008181//4225, -838614//4225, 2862629//21125, -1551531//21125, 459104//21125, 225402//21125, -622504//21125, 769962//21125, -92348//4225, 595152//21125, -270282//21125]
11; 7; 5; 5; 6; 1; 1; 2; 1; 1; [-5382166//3316625, 15434749//3316625, 25978499//3316625, 16245389//3316625, -601398//663325, 25914656//3316625, 53452909//3316625, -10817909//3316625, -89130914//3316625, -13161594//663325, 7828122//663325, -1656734//132665, -52762727//663325, 231241216//3316625, -323671599//3316625, -700720399//3316625, -624044024//3316625, 151381303//663325, 704125574//3316625, -440901419//3316625, 601653354//3316625, 3820458124//3316625, 1052340696//663325, -12624128//663325, -23752992//26533, 827008873//663325, -4009547222//3316625, 241880666//255125, -2072390067//3316625, 963263178//3316625, -30782546//663325, -283299793//3316625, 525707068//3316625, -545512083//3316625, 649424822//3316625, -17737666//663325, 34681518//663325, -7546764//132665, 32066787//663325, -112619092//3316625, 62725463//3316625, -22338512//3316625, -7012247//3316625, 4448489//663325, -25545833//3316625, 23289893//3316625, -17080978//3316625, 13887922//3316625]
11; 7; 5; 5; 11; 1; 1; 2; 1; 2; [3939831802//3372965375, -5972193547//3372965375, 6097503149//3372965375, -2933225796//3372965375, -2086315358//3372965375, 2328187124//674593075, -30177828756//3372965375, -3927700039//3372965375, -114111944//3372965375, -10092837002//674593075, 8383123923//674593075, -8874021202//674593075, 413660154//134918615, -4697623769//259458875, 139549943837//3372965375, -181836568259//3372965375, 301815057816//3372965375, -67272671537//3372965375, -19472307527//674593075, 1050137663116//3372965375, -216847486756//3372965375, 674882528084//3372965375, 8556138661//51891775, -401344598777//674593075, 491083742428//674593075, -89455672921//134918615, 1668002715914//3372965375, -1008564397259//3372965375, 32850801346//259458875, 167188538//3372965375, -237120352056//3372965375, 13103500417//134918615, -276278159717//3372965375, 245907473842//3372965375, -135516232758//3372965375, 21349409522//674593075, -21470541738//674593075, 17334045627//674593075, -2308489269//134918615, 29533753744//3372965375, -7335510579//3372965375, -7011711652//3372965375, 14081780653//3372965375, -15220585876//3372965375, 2577650321//674593075, -8261623107//3372965375, 382066954//259458875, -1239825893//3372965375]
11; 7; 5; 5; 5; 1; 1; 5; 1; 1; [36837//255125, -269927//58875, -139403//765375, -1222628//255125, -3857234//765375, 3872656//765375, -109222//58875, 5176588//765375, 4988921//765375, 492118//153075, 1981914//51025, 22559//153075, 312191//11775, 29182399//765375, 29974547//255125, -16545647//765375, 153866389//765375, 1162633//58875, -52155267//255125, -2380058//58875, -9504892//19625, -28389147//255125, -33552947//153075, -91294673//153075, 146303579//153075, -149257697//153075, 611329072//765375, -406813627//765375, 214059074//765375, -17303891//255125, -14167286//255125, 28972594//255125, -106508177//765375, 74181071//765375, -68814313//765375, 5904572//153075, -6880022//153075, 156579//3925, -1485096//51025, 1012994//58875, -5180152//765375, -122112//255125, 3671987//765375, -4685578//765375, 4317392//765375, -3462167//765375, 1856806//765375, -362576//255125]
11; 7; 5; 5; 2; 1; 1; 10; 1; 1; [-32013//21125, -83474//21125, -490748//63375, -95949//21125, -36389//12675, -3316//12675, 295868//21125, 114888//21125, -1906//4875, 177088//12675, 78888//4225, 558959//12675, 120061//2535, 1675613//21125, 2943764//21125, 11667023//63375, 5377847//63375, 106066//975, -317546//2535, -11186363//21125, -13663424//63375, -13867472//63375, -2837207//12675, 3032959//12675, -2507941//12675, 356084//2535, -4557263//63375, 1936396//63375, 1180109//63375, -516658//21125, 483701//12675, -446903//12675, -11309//4875, -1432747//63375, -298901//63375, -125338//12675, 94201//12675, -18943//4225, 1686//845, -893//63375, -57209//63375, 7898//4875, -6628//4875, 15553//12675, -10721//12675, -5567//63375, -423//1625, -18586//63375]
11; 7; 5; 5; 3; 1; 1; 3; 1; 1; [9585053//15831075, -27085739//26385125, -146614199//79155375, -17889098//26385125, 2067692//79155375, -28574452//15831075, -146336018//79155375, -140334214//79155375, -105020264//79155375, 4650846//5277025, -19384492//5277025, 12625877//5277025, 219378619//15831075, -323328947//15831075, 673574679//26385125, 4455170339//79155375, 1939576084//79155375, 68463658//79155375, -142505707//15831075, -468758452//79155375, 15746113//26385125, -1746539881//79155375, -1102674679//5277025, 247582499//15831075, 121267117//1217775, -2316230896//15831075, 764121159//5277025, -9129120619//79155375, 6273269882//79155375, -2965754608//79155375, 235487238//26385125, 153408377//15831075, -1536214501//79155375, 1636571837//79155375, -487460361//26385125, 43557247//15831075, -95849044//15831075, 107416009//15831075, -30965678//5277025, 339883//81185, -188849299//79155375, 74501722//79155375, 4808369//26385125, -19557657//26385125, 2932763//3166215, -68662921//79155375, 17221144//26385125, -11109441//26385125]
11; 7; 5; 5; 4; 1; 1; 12; 1; 1; [6537744//3316625, 52547978//9949875, -109588//3316625, -27108//51025, -9703236//3316625, -6187834//765375, 308762//58875, -15496099//1989975, -133064332//9949875, 10365542//1989975, -5345507//132665, -4335527//397995, 39892304//1989975, -408034847//9949875, -6989914//63375, -75290362//3316625, -53994253//1989975, 953779166//3316625, 1160806289//3316625, -336694916//3316625, 850731//2041, -730068338//9949875, -936416263//1989975, 220885181//397995, -198296017//397995, 730092694//1989975, -728508582//3316625, 836781481//9949875, 1567849//765375, -37961903//663325, 883494629//9949875, -562687439//9949875, 514203281//9949875, -33852412//1989975, 45510662//3316625, -47865967//1989975, 7595492//397995, -1660491//132665, 4136407//663325, -4591742//3316625, -6091848//3316625, 31613132//9949875, -6842099//1989975, 31032539//9949875, -16884229//9949875, 10038581//9949875, -1528//663325, -670113//3316625]
11; 7; 5; 5; 10; 1; 1; 2; 1; 1; [-243541574//155675325, 20939612//51891775, 448359229//259458875, 127709787//51891775, 1607733356//778376625, 501222388//259458875, 1380057346//778376625, 2845110787//778376625, -458876131//259458875, -1626395294//155675325, -107554904//10378355, 674701904//155675325, -286852939//31135065, 1938926993//51891775, -3135014148//51891775, -16772128899//259458875, -13050657091//155675325, -10899313582//259458875, 8439525927//259458875, 842460466//19958375, -34878441727//778376625, 66524766286//259458875, 79409370181//155675325, 718402367//10378355, -20383076332//51891775, 5224125892//10378355, -72821500303//155675325, 18415481003//51891775, -58526166302//259458875, 15079589357//155675325, -9362143588//778376625, -11147701364//259458875, 17987296009//259458875, -54170568886//778376625, 1317810106//19958375, -675374087//51891775, 671877836//31135065, -3477939599//155675325, 190969318//10378355, -1943819243//155675325, 68446013//10378355, -516529882//259458875, -194722738//155675325, 2117974687//778376625, -805782584//259458875, 2159452982//778376625, -521815872//259458875, 353092398//259458875]
11; 7; 5; 5; 6; 1; 1; 10; 1; 1; [-113734//12675, -966439//63375, -12258//325, -999689//12675, -3311639//63375, 920627//63375, 1670086//63375, 373079//4225, 33459//125, 3094531//12675, 75139//12675, 1996963//12675, 5636996//12675, 6886981//12675, 28545419//63375, 16329439//12675, 26573932//12675, -15604651//63375, -60833139//21125, -62775052//21125, -61343492//12675, -526012753//63375, -53465999//12675, 10330783//4225, -3899089//4225, -1415339//12675, 3156858//4225, -57273083//63375, 11643493//12675, -283742//507, 8366299//21125, -19904306//63375, -7394333//63375, -580682//4225, -2437013//4875, -855301//12675, 140396//12675, 305557//12675, -165827//4225, 21002//507, -54157//1625, 101418//4225, -43722//4225, 5373//1625, -17486//63375, -160591//21125, 20414//12675, -255868//21125]
11; 7; 5; 5; 7; 1; 1; 5; 1; 1; [436386//3316625, 804914//3316625, 2480762//3316625, -5142236//3316625, -494464//3316625, 3109349//3316625, -9401311//3316625, 10154199//3316625, 2438996//663325, -262742//26533, 890937//663325, 319632//132665, 2089102//663325, -3929606//3316625, -45301794//3316625, -34032252//3316625, 132681076//3316625, -86987321//3316625, 130822996//3316625, 330218041//3316625, -642151784//3316625, -4631236//663325, 26715782//132665, -142507748//663325, 23948696//132665, -82860008//663325, 226770767//3316625, -75493992//3316625, -31622986//3316625, 90316428//3316625, -103221023//3316625, 94461903//3316625, -50001482//3316625, 9463773//3316625, -3346388//663325, 1183801//132665, -4443752//663325, 692//169, -90534//51025, 276427//3316625, 2996223//3316625, -4394616//3316625, 4396728//3316625, -3471083//3316625, 2328543//3316625, -815462//3316625, -315752//3316625, 58952//663325]
11; 7; 5; 5; 8; 1; 1; 2; 1; 2; [-669682147//778376625, 692657311//778376625, -1919533522//778376625, 173214908//778376625, 227167376//259458875, -1156017041//259458875, 1504834262//259458875, -149497441//59875125, 834559341//259458875, 1227090418//51891775, -145268387//10378355, 285163529//31135065, 3463732973//155675325, 2815541084//259458875, -16782111611//778376625, 65131344277//778376625, -10914511916//259458875, 5471524184//259458875, 5132832788//778376625, -204508901696//778376625, 159538715608//778376625, -264334539178//778376625, -28128882022//51891775, 6082864864//10378355, -15466770901//31135065, 18101092006//51891775, -149824274794//778376625, 16682142754//259458875, 6604646452//259458875, -18112629068//259458875, 1644838904//19958375, -4375495727//59875125, 33015668402//778376625, -6053516137//259458875, -1367271814//778376625, -1271615003//51891775, 115504208//6227013, -356656574//31135065, 265464699//51891775, -305626994//778376625, -1884812318//778376625, 942574702//259458875, -2780733364//778376625, 738848752//259458875, -1447263391//778376625, 42828659//59875125, -33774496//778376625, -138353073//259458875]
11; 7; 5; 5; 8; 1; 1; 4; 1; 1; [-90908//4875, -84944//1625, -424384//4875, -393101//4875, -26628//1625, 139556//1625, 245441//1625, 680426//4875, 591119//4875, 65944//325, 141358//325, 612484//975, 412876//975, 2507998//4875, 4568812//4875, 8517244//4875, 647527//375, -540942//1625, -23043218//4875, -42562543//4875, -45219526//4875, -26625724//4875, -117166//325, 1026694//975, -1158176//975, 1075966//975, -1254732//1625, 835962//1625, -548018//4875, 113161//1625, 40574//375, -1851644//4875, -386218//1625, -2645308//4875, -826832//4875, -51982//975, 17172//325, -40034//975, 8938//325, -1624//125, 17761//4875, 26132//4875, -8979//1625, 34952//4875, -16728//1625, -15229//4875, -50188//4875, -6339//1625]
11; 7; 5; 5; 11; 1; 1; 3; 1; 1; [67594767//26385125, -4538227//2029625, -1209714//26385125, -44553497//26385125, -109821918//26385125, 146906101//26385125, -195417839//26385125, -25390761//26385125, 223927791//26385125, -47312206//5277025, 16844952//1055405, -1642533//5277025, 111051654//5277025, -1109932982//26385125, 1470792461//26385125, -1283904001//26385125, 4293893632//26385125, 1901152018//26385125, -5693995256//26385125, 5037251859//26385125, -4895854364//26385125, -5349889521//26385125, -81447436//5277025, -759053128//1055405, 5307245067//5277025, -5138905481//5277025, 20158719999//26385125, -12985188782//26385125, 6281939972//26385125, -1006665414//26385125, -1931954431//26385125, 3234423287//26385125, -3436345018//26385125, 2825437513//26385125, -2334360633//26385125, 221870096//5277025, -48263042//1055405, 205428998//5277025, -11094708//405925, 401961669//26385125, -137680422//26385125, -42649728//26385125, 141894651//26385125, -165670866//26385125, 146554017//26385125, -108243438//26385125, 63762518//26385125, -2562181//2029625]
11; 7; 5; 5; 2; 1; 1; 8; 1; 1; [4475629//1989975, 3039//51025, -30864907//9949875, -16979062//3316625, -30479344//9949875, 12813154//9949875, 70282213//9949875, 35751277//9949875, -68274013//9949875, 891381//663325, 33522296//1989975, 8987627//1989975, 34007387//1989975, -32340993//663325, 14777407//397995, 734931062//9949875, 331661297//3316625, 881859409//9949875, -4886561//255125, -849670131//3316625, -762769494//3316625, -182343749//3316625, -506729167//1989975, -425216944//1989975, 295237304//663325, -976699783//1989975, 836255138//1989975, -15200098//51025, 1720494961//9949875, -186843994//3316625, -101010908//9949875, 179431156//3316625, -60853018//765375, 39563708//765375, -162745002//3316625, 11222704//663325, -14623082//663325, 13750556//663325, -31597832//1989975, 19766333//1989975, -3020138//663325, 6171586//9949875, 19664513//9949875, -28518818//9949875, 187589//63375, -8731013//3316625, 14105179//9949875, -8760646//9949875]
11; 7; 5; 5; 6; 1; 1; 8; 1; 1; [7783458//3316625, 1113973//9949875, -9720892//9949875, -27246211//1989975, -104673017//3316625, -16782613//663325, 1939709//397995, 245112022//9949875, 487278238//9949875, 861464//10205, 99588332//1989975, -12130631//397995, -13414756//1989975, -96471558//3316625, 1617806042//9949875, 2459547017//9949875, 1342747009//1989975, 8020064801//9949875, -250782406//1989975, -863810644//663325, -14774047727//9949875, -1153426046//765375, -37779010//26533, 44150239//663325, 58793438//79599, -704749127//663325, 10346986058//9949875, -8137399844//9949875, 1822045962//3316625, -156242558//663325, 307007136//3316625, 47270479//663325, -394141567//1989975, 802681469//9949875, -1914507314//9949875, 8515766//397995, -87635737//1989975, 19357789//397995, -83185514//1989975, 294509963//9949875, -55110213//3316625, 20604057//3316625, 158806//79599, -47361737//9949875, 13166437//1989975, -4814441//663325, 33224294//9949875, -40799384//9949875]
11; 7; 5; 5; 10; 1; 1; 10; 1; 1; [51847//21125, 69449//21125, 79857//21125, 29072//21125, 55836//21125, -13373//21125, -397198//21125, -565907//21125, -640899//21125, -2806//169, -62193//4225, -203001//4225, 1061//845, -2010682//21125, -2590689//21125, -1696632//21125, 1794928//21125, 5142974//21125, 5667918//21125, 12865868//21125, 18983392//21125, 16765539//21125, 126214//845, -1512448//4225, 1713169//4225, -301676//845, 5354439//21125, -3278582//21125, 1138769//21125, 17948//1625, -683753//21125, 1437704//21125, -520246//21125, 1702491//21125, 234357//21125, 15287//845, -73532//4225, 57166//4225, -7347//845, 86199//21125, -17297//21125, -2432//1625, 52064//21125, -48078//21125, 48154//21125, -18521//21125, 31956//21125, 9697//21125]
11; 7; 5; 5; 10; 1; 1; 8; 1; 1; [4298603//3316625, -1071828//663325, 2108851//3316625, -831143//255125, -12009706//3316625, 14007627//3316625, -4616854//3316625, 35370949//3316625, 46139471//3316625, 342626//663325, 17614551//663325, 1633641//663325, 7195854//663325, 8613347//3316625, 56774126//663325, 38294869//3316625, 561895934//3316625, 130726016//3316625, -406753147//3316625, 152865314//3316625, -1464139634//3316625, -263549616//3316625, 100611281//663325, -27684133//51025, 441175401//663325, -401097811//663325, 1499281326//3316625, -179482273//663325, 391954512//3316625, 13631172//3316625, -204287892//3316625, 279564614//3316625, -283692733//3316625, 163083598//3316625, -160958638//3316625, 19171234//663325, -19258246//663325, 15560209//663325, -10349169//663325, 26537136//3316625, -1286384//663325, -6129808//3316625, 12890042//3316625, -13495757//3316625, 11291094//3316625, -8085833//3316625, 3368998//3316625, -1854028//3316625]
11; 7; 5; 5; 5; 1; 1; 2; 1; 1; [-2407393//9949875, -2158097//9949875, 4904963//3316625, 11309049//3316625, 85234702//9949875, 48846376//3316625, 182152622//9949875, 182180467//9949875, 4507476//255125, 60784274//1989975, 26893989//663325, 4673522//153075, 20921191//663325, 101398296//3316625, 183358867//9949875, -58012203//3316625, -127170824//3316625, -119104009//765375, -3112564618//9949875, -4308074492//9949875, -2321882827//9949875, 1564357046//9949875, 12283244//1989975, -56301036//663325, 236196556//1989975, -73416999//663325, 293585288//3316625, -181536418//3316625, 84791281//3316625, -19818542//3316625, -12627737//765375, 13440061//9949875, -354801196//9949875, 25773529//9949875, -18356752//9949875, 3300322//663325, -268018//51025, 8903944//1989975, -2031891//663325, 33802//19625, -5362934//9949875, -768704//3316625, 1955113//3316625, -8648111//9949875, 3882701//9949875, -2832372//3316625, 874514//9949875, 52436//3316625]
11; 7; 5; 5; 8; 1; 1; 3; 1; 1; [-3849148//2029625, 8530229//2029625, -2010393//2029625, 38884912//6088875, 12643994//1217775, -1067337//405925, 119102246//6088875, 5636996//1217775, -6185266//6088875, 46423328//1217775, -10809117//405925, -1500619//1217775, -842788//405925, -3637407//2029625, -258874559//2029625, 160484989//6088875, -2142945427//6088875, -251972024//1217775, -38983793//1217775, -3913371716//6088875, 457078822//1217775, -965258914//6088875, -841860637//1217775, 451397853//405925, -1387419479//1217775, 377995497//405925, -3825321338//6088875, 656306563//2029625, -547146958//6088875, -37926697//468375, 162636878//1217775, -196831801//1217775, 668006837//6088875, -20035409//243555, 302345248//6088875, -21279371//405925, 18902762//405925, -41480591//1217775, 8165283//405925, -49209388//6088875, -1218847//2029625, 32851892//6088875, -15132947//2029625, 8052263//1217775, -6423263//1217775, 5632324//2029625, -1505966//1217775, 42301//468375]
11; 7; 5; 5; 7; 1; 1; 2; 1; 1; [10443284//3316625, -343123//51025, -6948998//663325, -15873358//3316625, 11223692//3316625, -6251347//663325, -64842623//3316625, 41249076//3316625, 170279719//3316625, 4758232//132665, -5896701//663325, 29861997//663325, 95410021//663325, -348778309//3316625, 100468827//663325, 234147241//663325, 970323843//3316625, -1006885047//3316625, -217908989//663325, 842482983//3316625, -701246791//3316625, -5817246924//3316625, -59017663//26533, 99475379//663325, 720611387//663325, -1049694544//663325, 5194275878//3316625, -12714651//10205, 556371227//663325, -1322293901//3316625, 261899109//3316625, 12728151//132665, -649296431//3316625, 706923627//3316625, -887441132//3316625, 4028942//132665, -43505404//663325, 48582013//663325, -41903496//663325, 149439958//3316625, -17007636//663325, 6482466//663325, 6958669//3316625, -27589066//3316625, 6505647//663325, -30091211//3316625, 22643552//3316625, -19269792//3316625]
11; 7; 5; 5; 5; 1; 1; 10; 1; 1; [14386//63375, -42857//63375, 1423//63375, 1013//845, 26178//21125, 111023//21125, 210053//63375, 117927//21125, 380537//63375, -644//975, 42909//4225, 5106//4225, -24904//12675, -1000361//63375, 606847//63375, 132014//21125, -714163//12675, -2377489//63375, -11592289//63375, -7889513//63375, -5539376//63375, -7610527//63375, 3423913//12675, -920903//12675, -704312//12675, 1513381//12675, -2828471//21125, 7318771//63375, -1726148//21125, 186709//4225, -1192852//63375, -19048//1625, 573841//63375, -1414768//63375, 725389//63375, -6313//12675, 57298//12675, -75523//12675, 23793//4225, -91981//21125, 174176//63375, -80414//63375, 1588//12675, 29638//63375, -60152//63375, 44446//63375, -15486//21125, 7178//21125]
11; 7; 5; 5; 4; 1; 1; 6; 1; 1; [316714//1989975, 25900553//3316625, 1418381//255125, 43208926//9949875, 33316988//9949875, 15341736//3316625, 66945764//9949875, -1293951//51025, -392891159//9949875, -10359818//663325, -4133139//132665, -100740073//1989975, -153549917//1989975, -9895874//663325, -2109062299//9949875, -1638524464//9949875, -1261275881//9949875, 706750709//3316625, 1973249302//9949875, -39636178//3316625, 125066861//132665, 14361757624//9949875, 4392976//4225, 4287482//26533, -127391171//153075, 697289316//663325, -5996698//6123, 7296392788//9949875, -4656595727//9949875, 1996328887//9949875, -86960389//9949875, -849810004//9949875, 467108156//3316625, -65188619//663325, 1776755612//9949875, -18397967//663325, 18023468//397995, -92925812//1989975, 25360099//663325, -51657374//1989975, 44813741//3316625, -40172312//9949875, -26501158//9949875, 59529991//9949875, -63491864//9949875, 56636713//9949875, -2181028//663325, 35736677//9949875]
11; 7; 5; 5; 5; 1; 1; 8; 1; 1; [-5491438//9949875, 1578592//3316625, 1334548//9949875, 19280156//9949875, 9499238//3316625, 3438369//3316625, 656056//663325, -51409097//9949875, -17939066//3316625, -454824//132665, -6716841//663325, -1208594//397995, -8502943//663325, 2124268//9949875, -435514006//9949875, -378085153//9949875, -960073301//9949875, -837900094//9949875, 69230906//3316625, 4113352//663325, 607775019//3316625, 72546056//765375, -7012526//132665, 26624044//153075, -16798468//79599, 378549241//1989975, -1410577466//9949875, 831437612//9949875, -376713914//9949875, -13256981//3316625, 165672833//9949875, -274802206//9949875, 11124038//397995, -133624139//9949875, 182380514//9949875, -3661661//397995, 18252998//1989975, -978608//132665, 3230203//663325, -24645136//9949875, 427834//765375, 5772056//9949875, -12706658//9949875, 12205498//9949875, -10816066//9949875, 119579//153075, -916558//3316625, 2290394//9949875]
11; 7; 5; 5; 7; 1; 1; 10; 1; 1; [63307//63375, -37433//21125, 123754//21125, 599386//63375, -4286//4225, -809993//63375, -69593//12675, -509077//63375, -124471//4875, 4418//507, 130821//4225, -6068//975, -333509//12675, -4709272//63375, 1230583//21125, -3896249//21125, -8752376//63375, 241412//975, 8366026//21125, 3062203//12675, 5127274//21125, 13324768//63375, -1858946//2535, -3184822//12675, 9831946//12675, -11776429//12675, 52669529//63375, -38920708//63375, 22893794//63375, -10137778//63375, 9209//975, 6949079//63375, -1457906//12675, 8378311//63375, -1798782//21125, 69842//2535, -39566//975, 169998//4225, -135927//4225, 102823//4875, -670438//63375, 144304//63375, 169972//63375, -64394//12675, 382849//63375, -58531//12675, 226706//63375, -106771//63375]
11; 7; 5; 5; 12; 1; 1; 7; 1; 1; [-460648//132665, 4540441//3316625, 6316178//3316625, -1232953//3316625, -299798//132665, 12316//51025, 50268879//3316625, 20922429//3316625, -49710172//3316625, 4488018//663325, 10847118//663325, -3041741//663325, -22513668//663325, 68054158//663325, -75992411//3316625, -197949163//3316625, -467271692//3316625, 32180002//663325, 88898038//663325, -114807963//255125, -78995263//255125, 1141876882//3316625, 284515368//663325, 203769548//663325, -2643469//3925, 499441847//663325, -430653137//663325, 1546846502//3316625, -896612384//3316625, 307872854//3316625, 13414447//663325, -3903391//51025, 276891478//3316625, -364648697//3316625, 292256136//3316625, -16785308//663325, 22365182//663325, -21213414//663325, 16373478//663325, -10326763//663325, 24248862//3316625, -3689004//3316625, -9643441//3316625, 2996818//663325, -118503//26533, 11142338//3316625, -9253362//3316625, 5365076//3316625]
11; 7; 5; 5; 9; 1; 1; 7; 1; 1; [484837//3316625, 2067786//3316625, 2373146//3316625, 1310838//663325, 3986016//3316625, 1095928//663325, 483381//132665, -1383581//3316625, 21134596//3316625, 4615138//663325, -1372704//663325, 9104734//663325, 332281//51025, -42370882//3316625, 18779214//3316625, -14922481//3316625, -40129962//663325, 98015334//3316625, 3644594//663325, -8775733//132665, 356447671//3316625, -18226827//255125, -39631442//663325, 75351236//663325, -80892406//663325, 69000098//663325, -1433639//19625, 133953512//3316625, -45438128//3316625, -4880098//663325, 51623647//3316625, -11129117//663325, 1633772//132665, -21411487//3316625, 11758027//3316625, -3674243//663325, 3394544//663325, -196848//51025, 1586517//663325, -3543811//3316625, 277832//3316625, 1661262//3316625, -105682//132665, 2532742//3316625, -388391//663325, 8805//26533, -343312//3316625, -54318//3316625]
11; 7; 5; 5; 4; 1; 1; 5; 1; 2; [-617934//255125, -2410426//765375, -147271//153075, -730211//765375, -2396612//765375, -1260556//765375, 33508//11775, 1824289//153075, 4473441//255125, 661484//51025, 742806//51025, 4350388//153075, 103977//51025, 15917349//255125, 87484786//765375, 2613332//51025, -29471669//765375, -36138568//765375, -65717309//765375, -27659548//153075, -73991038//153075, -523782643//765375, -13938481//51025, 12971001//51025, -29219032//153075, 6071232//51025, -12816888//255125, 7368043//765375, 4129348//153075, -29443517//765375, 26337616//765375, -25387742//765375, 1706389//153075, -4848206//153075, -21972529//765375, -505224//51025, 342724//51025, -536413//153075, 3906//3925, 185352//255125, -1080322//765375, 266788//153075, -1155352//765375, 59947//58875, -521582//765375, 288//3925, -57448//153075, -196318//255125]
11; 7; 5; 5; 7; 1; 1; 8; 1; 1; [146470//79599, 18871161//3316625, 73816201//9949875, 80840426//9949875, 72738722//9949875, 268508//663325, -91970473//9949875, -236586667//9949875, -10033093//255125, -79301572//1989975, -14436694//663325, -3631276//153075, -92634968//1989975, -45344912//397995, -1982124653//9949875, -644478942//3316625, -1195180816//9949875, 33038651//765375, 795410636//1989975, 7257714473//9949875, 10289371502//9949875, 11017918627//9949875, 979167428//1989975, -465727862//1989975, 69442942//1989975, 165980047//1989975, -57501803//397995, 445261872//3316625, -419000311//3316625, 737361202//9949875, -30603557//765375, 59642273//1989975, 135817528//3316625, 288659621//9949875, 699610291//9949875, 9603557//1989975, 7786//3925, -3724794//663325, 4342176//663325, -182737//30615, 41160391//9949875, -27077438//9949875, 9300452//9949875, 829979//9949875, -216369//663325, 5041658//3316625, 288086//9949875, 16016051//9949875]
11; 7; 5; 5; 12; 1; 1; 12; 1; 1; [-137537//132665, -7155367//3316625, 2487817//3316625, -7422276//3316625, 44964//132665, 10128486//3316625, -11139406//3316625, 1079996//132665, 40121832//3316625, -4207422//663325, 9821262//663325, 9115118//663325, -1824038//663325, 21716683//663325, 835351//21125, 15418638//3316625, 211565141//3316625, -114043659//663325, -355169941//3316625, 347597056//3316625, -245746779//663325, -873354367//3316625, 163795353//663325, -149171443//663325, 8645326//51025, -68277058//663325, 30400063//663325, 258651//3316625, -76831706//3316625, 120259173//3316625, -26813629//663325, 69547307//3316625, -39993927//3316625, -5640599//663325, -45268741//3316625, 5802907//663325, -3865412//663325, 2000777//663325, -512157//663325, -431653//663325, 4712206//3316625, -5050176//3316625, 347821//255125, -711616//663325, 1429137//3316625, -318997//3316625, -240576//663325, -177581//3316625]
11; 7; 5; 5; 9; 1; 1; 12; 1; 1; [-5201588//3316625, -4692964//3316625, -5011108//3316625, -625407//3316625, 8407736//3316625, 6535951//3316625, -9680766//3316625, -24906792//3316625, -25057742//3316625, -4381506//663325, 614292//663325, -358572//51025, -16929832//663325, 4399686//255125, -100988//21125, 124230648//3316625, -3108146//255125, -413753061//3316625, -529068126//3316625, 10127826//3316625, 446643012//3316625, 841495572//3316625, 284394414//663325, -24813648//663325, -131067316//663325, 194880048//663325, -972208141//3316625, 781219432//3316625, -511187396//3316625, 259844926//3316625, -81020788//3316625, -6898166//255125, 127631988//3316625, -117691144//3316625, 155334316//3316625, -3556629//663325, 617856//51025, -9063624//663325, 7868232//663325, -28229561//3316625, 16261937//3316625, -6011936//3316625, -1012379//3316625, 4553557//3316625, -6679788//3316625, 5784348//3316625, -307648//255125, 3433766//3316625]
11; 7; 5; 5; 4; 1; 1; 4; 1; 1; [29308//4875, 84629//1625, 274489//4875, 9192//1625, -4796//125, 38673//1625, 334388//4875, -448607//4875, -1361837//4875, -73446//325, -35387//325, -968//3, -29856//65, 402457//4875, -6230387//4875, -9593479//4875, -64949//125, 4603028//1625, 13432031//4875, 83104//1625, 253218//125, 13196539//1625, 2612539//325, -1264391//975, -565372//195, 921266//195, -23851874//4875, 6447193//1625, -13750652//4875, 6930557//4875, -1398958//4875, -17418//125, 2969471//4875, -967308//1625, 4715251//4875, -64807//975, 14252//75, -43891//195, 2607//13, -719794//4875, 423169//4875, -183442//4875, -8303//4875, 9389//375, -137672//4875, 142706//4875, -102304//4875, 104476//4875]
11; 7; 5; 5; 4; 1; 1; 2; 1; 2; [-2350508//3316625, -1598283//3316625, -26090552//9949875, -77982041//9949875, 39945626//9949875, 20949596//9949875, -9428251//663325, 13853909//3316625, 1877088//51025, -10379764//1989975, -4707071//663325, 9612469//153075, 51934504//1989975, 26020114//9949875, 120498479//9949875, 635297942//9949875, 3196361756//9949875, -29458904//255125, -1779823762//3316625, 136131447//663325, 4588897798//9949875, -474676522//397995, -2145185704//1989975, 1234098382//1989975, -458907083//1989975, -71298521//1989975, 619994444//3316625, -2354914828//9949875, 2218254406//9949875, -1516652882//9949875, 75190174//765375, -702825758//9949875, 169696//12675, 419255159//9949875, -170856884//1989975, -34037611//1989975, 135442//51025, 12534928//1989975, -6747308//663325, 2677098//255125, -85556843//9949875, 58557086//9949875, -27868307//9949875, 2568914//3316625, 1176392//9949875, -2248084//1989975, 6191058//3316625, -4580198//1989975]
11; 7; 5; 5; 3; 1; 1; 5; 1; 1; [-115106//153075, 343522//765375, -18196//10205, 264766//153075, 1330984//765375, -1215491//765375, 949298//153075, -705382//255125, -338579//153075, 657342//51025, -389133//51025, 744349//153075, -79033//153075, 12534//2041, -2204574//255125, 2541802//51025, -198254//2355, -3715459//765375, -25299584//765375, -2249654//10205, 54466717//255125, -983498//51025, -7093158//51025, 1467324//3925, -66881641//153075, 19801754//51025, -14458051//51025, 127844224//765375, -254756//3925, -1228102//153075, 34142203//765375, -15597349//255125, 2376388//51025, -26044802//765375, 4102894//153075, -982677//51025, 2877824//153075, -2273314//153075, 492461//51025, -241607//51025, 729139//765375, 74788//51025, -10206//3925, 2044183//765375, -1733267//765375, 207478//153075, -502832//765375, 7639//30615]
11; 7; 5; 5; 4; 1; 1; 3; 1; 1; [-16123634//6088875, 4707253//6088875, -10097084//6088875, 3506371//6088875, 265052//156125, -11550103//6088875, 27194381//2029625, 37192697//6088875, -7809881//2029625, 21830048//1217775, 280837//81185, 7788574//405925, -1688116//243555, 369251939//6088875, -117398353//6088875, 335160554//6088875, -270894542//2029625, -231233843//6088875, 38814741//2029625, -2822041873//6088875, -203825769//2029625, -55781294//2029625, 229091//93675, 150168817//243555, -1039659878//1217775, 200998666//243555, -3923203823//6088875, 2531950051//6088875, -1210744183//6088875, 187596202//6088875, 390638686//6088875, -17449454//156125, 588955901//6088875, -15954624//156125, 133163198//2029625, -43588058//1217775, 9447532//243555, -40071407//1217775, 1872419//81185, -77811163//6088875, 8842512//2029625, 8777572//6088875, -9305206//2029625, 32570276//6088875, -29472656//6088875, 6504682//2029625, -13716176//6088875, 5395984//6088875]
11; 7; 5; 5; 11; 1; 1; 5; 1; 1; [6718//21125, -2923//21125, -10588//21125, -31964//21125, -47862//21125, -1167//845, -28116//21125, 16576//21125, 28966//21125, -7802//845, -24057//4225, -18849//4225, 1726//4225, 394002//21125, 587113//21125, 549583//21125, 679974//21125, 206762//21125, 734//13, 1550486//21125, 745799//21125, 1817819//21125, 66964//845, -224892//4225, 113631//4225, -2193//325, -116599//21125, 295774//21125, -269826//21125, 21744//1625, -168204//21125, 6152//845, 35248//21125, 24292//21125, 115707//21125, 282//169, -2738//4225, -366//4225, 2064//4225, -12929//21125, 12884//21125, -8976//21125, 6472//21125, -2494//21125, 4//65, 2488//21125, -1138//21125, 3332//21125]
11; 7; 5; 5; 12; 1; 1; 6; 1; 1; [-4532152//3316625, -23203623//3316625, -1669626//255125, -10525236//3316625, -1568006//663325, -17875522//3316625, -15782311//3316625, 86121968//3316625, 133227058//3316625, 504330//26533, 18016566//663325, 7366102//132665, 1859919//26533, 113554787//3316625, 657665033//3316625, 701512173//3316625, 177230046//3316625, -161724549//663325, -653135103//3316625, -9244673//255125, -3143141148//3316625, -4776862518//3316625, -804387//845, 46813031//663325, 60993964//132665, -88929287//132665, 2217999026//3316625, -1737601131//3316625, 1194467939//3316625, -575799752//3316625, 19357323//663325, 124740501//3316625, -296567097//3316625, 171162451//3316625, -481706324//3316625, 1686668//132665, -18397226//663325, 4127959//132665, -3561696//132665, 63849016//3316625, -35905261//3316625, 14082784//3316625, 2655833//3316625, -2397452//663325, 13634461//3316625, -13195072//3316625, 7204946//3316625, -10178619//3316625]
11; 7; 5; 5; 9; 1; 1; 6; 1; 1; [-3481//26533, -300563//255125, -10462044//3316625, -14096926//3316625, -3080708//663325, -1972998//3316625, 21294993//3316625, 21919537//3316625, 37132522//3316625, 2800658//663325, 276222//663325, 9845272//663325, 2192638//132665, 19979036//663325, 136478439//3316625, 223691294//3316625, 192126091//3316625, 15206101//663325, -296758162//3316625, -1138162243//3316625, -1108143282//3316625, -1319774837//3316625, -84862//325, 114893092//663325, -57999908//663325, 2945162//132665, 15137976//663325, -133683178//3316625, 162518852//3316625, -121087077//3316625, 18948092//663325, -64469601//3316625, -33893994//3316625, -45044541//3316625, -77219491//3316625, -3623773//663325, 1376428//663325, 208228//663325, -213306//132665, 1391004//663325, -6273223//3316625, 5051472//3316625, -2855552//3316625, 285151//663325, -383291//3316625, -1582234//3316625, -26836//3316625, -2048096//3316625]
11; 7; 5; 5; 3; 1; 1; 2; 1; 1; [-22601219//3316625, 35504398//3316625, 177206083//9949875, 95946719//9949875, -7625482//1989975, 45114041//3316625, 114655131//3316625, -18645218//1989975, -280542848//3316625, -27527408//397995, 433871//26533, -37274891//663325, -522468112//1989975, 711900589//3316625, -2642555024//9949875, -5729013508//9949875, -406712003//765375, 240954196//663325, 5075054687//9949875, -1194695531//3316625, 272970566//1989975, 28901518514//9949875, 1630867033//397995, 2778167//132665, -4799445373//1989975, 2197560711//663325, -31797119909//9949875, 24839107193//9949875, -5434771588//3316625, 7486927603//9949875, -243903838//1989975, -2341401974//9949875, 1400386327//3316625, -897702733//1989975, 5077514672//9949875, -9711633//132665, 55522858//397995, -99998179//663325, 6504813//51025, -887150119//9949875, 163666261//3316625, -57261118//3316625, -19944684//3316625, 7064081//397995, -203848534//9949875, 61489172//3316625, -9177718//663325, 36023859//3316625]
11; 7; 5; 5; 8; 1; 1; 5; 1; 1; [-208852//63375, -262598//63375, -464108//63375, -58508//21125, 91132//12675, 520067//63375, 817819//63375, 42761//4875, 54908//63375, 144706//4225, 141434//4225, 217001//4225, 28442//2535, 3919412//63375, 4018018//63375, 12367403//63375, 2420729//63375, -1000503//4225, -26731322//63375, -16552413//21125, -6426741//21125, 8792072//63375, -186234//4225, 6916712//12675, -706679//975, 1752922//2535, -33708374//63375, 21681404//63375, -9535666//63375, 3171//125, 207219//4225, -7327516//63375, 4020928//63375, -2001983//21125, 3864316//63375, -389843//12675, 414268//12675, -346058//12675, 15986//845, -649834//63375, 70718//21125, 100834//63375, -244118//63375, 55141//12675, -279466//63375, 145423//63375, -127604//63375, 52316//63375]
11; 7; 5; 5; 12; 1; 1; 5; 1; 2; [-88808//21125, -83203//21125, -74768//21125, -109567//21125, 4242//4225, -11601//4225, 131023//21125, 594813//21125, 86712//21125, 156896//4225, 10926//325, 106768//4225, 173559//4225, 2354858//21125, 2059153//21125, 2606723//21125, 287042//21125, -1084223//4225, -210716//4225, -11739623//21125, -18467518//21125, -6172697//21125, -4046284//4225, 2501318//4225, -1096502//4225, 84329//4225, 2774864//21125, -3823776//21125, 3993524//21125, -3079164//21125, 357308//4225, -213224//4225, -301284//21125, -43443//1625, -790481//21125, -5657//325, 20262//4225, 14982//4225, -32169//4225, 182554//21125, -154436//21125, 113704//21125, -63429//21125, 753//845, 144//845, -2298//1625, 9086//21125, -28196//21125]
11; 7; 5; 5; 9; 1; 1; 5; 1; 2; [1325516//63375, 26139//4225, -207563//21125, 43258//63375, 1376384//63375, -315239//21125, -4667519//63375, -276832//4225, 984754//63375, 389696//12675, -1678//13, -2340967//12675, 607479//4225, -39202106//63375, -452211//4225, 9463033//21125, 46262327//63375, -609493//21125, -18705953//63375, 91743169//63375, 44279093//12675, 67942276//63375, -15819683//4225, -207876//169, 48951493//12675, -58846148//12675, 87944244//21125, -13136499//4225, 39837024//21125, -47386504//63375, -70214//21125, 28061966//63375, -35801048//63375, 1943404//2535, -27112877//63375, 133403//975, -34355//169, 2557507//12675, -2047652//12675, 6724582//63375, -136607//2535, 273824//21125, 305087//21125, -559124//21125, 598747//21125, -1458053//63375, 252956//12675, -179794//21125]
11; 7; 5; 5; 3; 1; 1; 10; 1; 1; [2388//1625, 24299//63375, 12164//63375, -5087//4225, -113628//21125, -6587//1625, -237764//63375, -4191//4225, -5254//4875, -110696//12675, -40832//4225, -142196//12675, -23834//12675, -1899202//63375, 1270501//63375, -416764//63375, 17915//507, 9191044//63375, 5219138//63375, 2449058//21125, 114626//2535, -1113926//21125, 380824//12675, -103732//975, 1629344//12675, -1486594//12675, 5450849//63375, -1099114//21125, 1411888//63375, 13627//12675, -368018//63375, 1342664//63375, -743078//63375, 65187//4225, -700714//63375, 71086//12675, -23828//4225, 19132//4225, -12742//4225, 95929//63375, -23087//63375, -7844//21125, 3203//4225, -42568//63375, 15838//21125, -24053//63375, 3892//12675, -8794//63375]
11; 7; 5; 5; 11; 1; 1; 2; 1; 1; [1438341397//3372965375, 816746851//3372965375, -351320728//674593075, -4187103747//3372965375, -2308254834//3372965375, -3354047533//3372965375, 1640802931//3372965375, 16647228993//3372965375, 11392739496//3372965375, 150075178//674593075, 684131811//674593075, 304894137//674593075, 1223340294//674593075, -51050966262//3372965375, 10455104559//3372965375, 654614118//26983723, 79064495537//3372965375, 25590864344//3372965375, -5062600162//3372965375, -284891631131//3372965375, -704280578778//3372965375, -256395817331//3372965375, 20327591398//674593075, -36497436414//674593075, 38801172497//674593075, -2496071787//51891775, 8472490818//259458875, -60890146448//3372965375, 4677059146//674593075, 11966537291//3372965375, -21872322318//3372965375, 158620551//19958375, -36963420748//3372965375, -14288683479//3372965375, -22059150803//3372965375, 1763776542//674593075, -1609732166//674593075, 1206213108//674593075, -733967214//674593075, 1544428104//3372965375, -56322398//3372965375, -152387318//674593075, 1257548621//3372965375, -1142881318//3372965375, 917974049//3372965375, -843957428//3372965375, -305485374//3372965375, -280966788//3372965375]
11; 7; 5; 5; 3; 1; 1; 8; 1; 1; [-2275391//3316625, 819938//3316625, -2190503//9949875, -1268407//1989975, -814318//663325, -8972557//3316625, -21521311//9949875, 22525036//3316625, 4899742//397995, -2977144//1989975, -6329744//663325, 668209//79599, 269325//26533, 313000118//9949875, -16356424//9949875, 63544641//3316625, -60992//397995, -513059//79599, 569744206//9949875, 330130451//9949875, -2493694498//9949875, -652989112//1989975, 99980576//1989975, 278734358//1989975, -88917659//397995, 1400939//6123, -1839155246//9949875, 415533926//3316625, -642574331//9949875, 35492614//1989975, 25882793//1989975, -86825799//3316625, 334652828//9949875, -29958758//765375, 9846598//1989975, -17988851//1989975, 20926562//1989975, -1236304//132665, 180769//26533, -39607096//9949875, 15893378//9949875, 429248//3316625, -2159257//1989975, 73039//51025, -13043287//9949875, 10719028//9949875, -2909138//3316625, 1448//51025]
11; 7; 5; 5; 2; 1; 1; 7; 1; 1; [19130089//9949875, 45077044//9949875, 1758229//9949875, 4448521//663325, 387616//397995, -23914069//9949875, 11053891//1989975, -72789257//3316625, -17711849//1989975, -8703932//1989975, -34678074//663325, -1165444//132665, -9888244//397995, -289951998//3316625, -301046448//3316625, 260094316//9949875, -285447761//1989975, 25893934//153075, 22018206//255125, 324837752//1989975, 3234122202//3316625, 50204081//1989975, 422478623//1989975, 315364731//663325, -62524477//79599, 1650528//2041, -2220656639//3316625, 4451544898//9949875, -788049854//3316625, 123383113//1989975, 102385327//1989975, -960325558//9949875, 48171406//397995, -546154222//9949875, 144001709//1989975, -62619418//1989975, 73908427//1989975, -4408949//132665, 3237047//132665, -48426634//3316625, 58290353//9949875, 2357278//9949875, -7695086//1989975, 3452646//663325, -93424//19625, 2583818//663325, -15534562//9949875, 30697//26533]
11; 7; 5; 5; 12; 1; 1; 4; 1; 1; [-41137//21125, -207874//4225, -1164641//21125, -437446//21125, 32506//21125, -1137909//21125, -1107731//21125, 2927216//21125, 1267103//4225, 902974//4225, 27321//325, 1620171//4225, 2526162//4225, -355443//21125, 1137192//845, 38114636//21125, 14669391//21125, -40598976//21125, -32497041//21125, -6078299//21125, -86783636//21125, -46295227//4225, -41372171//4225, 8174523//4225, 12822851//4225, -22279893//4225, 9079457//1625, -19434817//4225, 69536898//21125, -36066387//21125, 9653557//21125, 3944097//21125, -14445607//21125, 12548527//21125, -5017163//4225, 19542//325, -882938//4225, 1077489//4225, -975237//4225, 3643111//21125, -436714//4225, 974538//21125, -9847//21125, -550633//21125, 699867//21125, -713117//21125, 483762//21125, -22378//845]
11; 7; 5; 5; 11; 1; 1; 10; 1; 1; [-42727//21125, 122154//21125, 153403//21125, 132571//21125, 286668//21125, 113361//21125, -356996//21125, -27597//1625, -115501//21125, -77108//4225, -210594//4225, -36222//845, -312373//4225, 24657//21125, -3990074//21125, -1632528//21125, -2648471//21125, -8080968//21125, 2264039//21125, 17669896//21125, 17405496//21125, 19541121//21125, 3952747//4225, 726261//4225, -132982//169, 4151352//4225, -19213504//21125, 14334773//21125, -693748//1625, 3838057//21125, -653769//21125, -1797938//21125, 3599243//21125, -1983702//21125, 3099203//21125, -112212//4225, 179404//4225, -36747//845, 149688//4225, -505304//21125, 261018//21125, -74164//21125, -55048//21125, 108441//21125, -127168//21125, 126898//21125, -64992//21125, 62368//21125]
11; 7; 5; 5; 8; 1; 1; 2; 1; 1; [22619033//10118896125, -506118467//10118896125, -2196739682//10118896125, 1205992943//10118896125, -712636742//3372965375, -7828463923//10118896125, 7178893643//10118896125, 7289208974//3372965375, -4327922477//10118896125, -1733746278//674593075, -2123180776//674593075, 8124413807//2023779225, 1271210729//404755845, -1874354588//10118896125, -44971885403//10118896125, 10935978152//10118896125, -92799853723//10118896125, 13757453547//3372965375, 76167249776//3372965375, -50368722091//3372965375, -287362045967//10118896125, 467316691462//10118896125, 37686702582//674593075, 16495202842//2023779225, -88666883573//2023779225, 22768635239//404755845, -175959376823//3372965375, 399194082916//10118896125, -19128549548//778376625, 107875177351//10118896125, -8653663027//10118896125, -40149961886//10118896125, 69206771126//10118896125, -89041620496//10118896125, 82254910976//10118896125, -2967103156//2023779225, 4867932578//2023779225, -1673914544//674593075, 275972667//134918615, -4675896033//3372965375, 567901982//778376625, -2123040154//10118896125, -1435408729//10118896125, 18649217//59875125, -19721674//59875125, 2947398821//10118896125, -819369922//3372965375, 1675783891//10118896125]
11; 7; 5; 5; 9; 1; 1; 4; 1; 1; [-1242//169, -32608//4225, -72958//21125, 56646//4225, 25976//845, 650849//21125, 225067//21125, -322468//21125, -258677//21125, 94252//4225, 44157//845, 2749//325, -138311//845, 4443//65, 324228//4225, 3548643//21125, -1289791//4225, -4211293//4225, -26784469//21125, -13882857//21125, 19730233//21125, 45647397//21125, 8605477//4225, 50187//845, -5326613//4225, 1441554//845, -1383626//845, 5409959//4225, -17073401//21125, 1582037//4225, -461213//4225, -4104837//21125, 4159899//21125, -4059241//21125, 6146011//21125, -164862//4225, 4696//65, -326647//4225, 54936//845, -38254//845, 105659//4225, -170606//21125, -14203//4225, 34708//4225, -250117//21125, 14738//1625, -132956//21125, 128306//21125]
11; 7; 5; 5; 6; 1; 1; 7; 1; 1; [6402289//9949875, -76688941//9949875, -94681216//9949875, 42560813//9949875, 53548123//9949875, -24747124//1989975, -13979573//1989975, 183462763//9949875, 105419803//3316625, 10407352//663325, 26119693//1989975, 136540342//1989975, 44166352//663325, -641759524//9949875, 746729897//3316625, 997929012//3316625, -342427821//3316625, -1015593846//3316625, -133372493//1989975, 148358968//1989975, -3013335203//9949875, -13155300104//9949875, -2327701054//1989975, 9279597//51025, 859117607//1989975, -1384700329//1989975, 548011856//765375, -1922339774//3316625, 4109124673//9949875, -2141456429//9949875, 455814701//9949875, 14561254//397995, -57128527//663325, 867854056//9949875, -1470093967//9949875, 6655778//663325, -18605946//663325, 65869393//1989975, -58521116//1989975, 214546028//9949875, -9671084//765375, 18140246//3316625, 1419206//9949875, -35899984//9949875, 8842799//1989975, -2802767//663325, 782589//255125, -32300672//9949875]
11; 7; 5; 5; 9; 1; 1; 2; 1; 2; [39865487579//10118896125, -8700526762//10118896125, -32037720808//10118896125, 5016246371//3372965375, -39252374306//10118896125, -201536887466//10118896125, -37992177566//3372965375, 85492241941//10118896125, 27307122517//10118896125, 1587193118//404755845, 13215333166//674593075, 2767537822//404755845, 2897502562//2023779225, -480180759158//3372965375, 330671426339//3372965375, 1613322797378//10118896125, 18453528758//259458875, 2957841779221//10118896125, 1496385895102//3372965375, -938548612132//10118896125, -4191540757106//10118896125, -2325702319792//10118896125, -256988952157//404755845, -200775905994//674593075, 105575402363//134918615, -47213822677//51891775, 8089593175498//10118896125, -5901970002424//10118896125, 1191125291253//3372965375, -1361565989029//10118896125, 10709141271//3372965375, 1154152967518//10118896125, -433240403132//3372965375, 333118497394//3372965375, -1022206917286//10118896125, 3842125894//134918615, -81248999153//2023779225, 15823303814//404755845, -20782639889//674593075, 200830315268//10118896125, -97952812874//10118896125, 20868885434//10118896125, 30994731281//10118896125, -3912697274//778376625, 60139223843//10118896125, -47760284471//10118896125, 28764758407//10118896125, -6503674257//3372965375]
11; 7; 5; 5; 11; 1; 1; 8; 1; 1; [1873116//3316625, -3450001//3316625, 7161637//3316625, 270388//3316625, -1247998//663325, 14183557//3316625, -8352368//3316625, -1385531//663325, 1052111//663325, -6326128//663325, 3537318//663325, -7350599//663325, -5994864//663325, -40222686//3316625, 60532351//3316625, -215677757//3316625, 238290137//3316625, 17092888//663325, -363348582//3316625, 46431496//255125, 17219093//663325, 12255034//663325, 126587432//663325, -227196102//663325, 240854781//663325, -202263969//663325, 696573402//3316625, -377972792//3316625, 111921709//3316625, 63333071//3316625, -27911341//663325, 151658419//3316625, -122204176//3316625, 4535241//132665, -12399768//663325, 10964823//663325, -10006418//663325, 7485284//663325, -4567656//663325, 9807012//3316625, -25399//255125, -5370236//3316625, 7606956//3316625, -1433686//663325, 5418909//3316625, -3214121//3316625, 382366//663325, -65513//663325]
11; 7; 5; 5; 12; 1; 1; 2; 1; 2; [-158877623//3372965375, -26949405//26983723, 27130463//19958375, -192250659//259458875, -1194744782//674593075, 9135431083//3372965375, -5306211904//3372965375, 846338681//259458875, 43420202//51891775, -3994655658//674593075, 1642184139//134918615, -3364773263//674593075, -2717114139//674593075, 50532954503//3372965375, 13125525111//674593075, -168661462932//3372965375, 135825296327//3372965375, 1428285548//674593075, -148061426783//3372965375, 223469475204//3372965375, -717656543133//3372965375, 38394960614//674593075, 113199317037//674593075, -40806316433//134918615, 217084598037//674593075, -182275179439//674593075, 632841541414//3372965375, -68278622519//674593075, 103110556314//3372965375, 52743835221//3372965375, -25701110613//674593075, 144653585686//3372965375, -124687824893//3372965375, 5099264242//259458875, -9970723448//674593075, 9871366858//674593075, -360601258//26983723, 6757403853//674593075, -4125482766//674593075, 8965395644//3372965375, -65718956//674593075, -4792411126//3372965375, 6776684536//3372965375, -260746557//134918615, 5041834346//3372965375, -3177884673//3372965375, 1051037666//3372965375, -36908643//674593075]
11; 7; 5; 5; 10; 1; 1; 7; 1; 1; [-39282044//3316625, 3015224//3316625, -55191483//3316625, -11458141//663325, 56415616//3316625, -7611683//255125, 4132653//132665, 171335871//3316625, 4965804//3316625, 116642518//663325, 15127581//663325, 4861357//132665, 163229727//663325, 1088420874//3316625, -8189008//255125, 2244629773//3316625, -19507903//663325, -139237572//255125, 1567201094//3316625, -295284933//132665, -2178581061//3316625, -3145981039//3316625, -254507144//51025, 2053075686//663325, -183376121//132665, 86888382//663325, 2164192682//3316625, -3164492922//3316625, 3249396929//3316625, -505741051//663325, 1586060602//3316625, -773164453//3316625, -31686//785, 113672167//3316625, -42557809//255125, -60870753//663325, 17276304//663325, 2303624//132665, -25807647//663325, 147215242//3316625, -127342282//3316625, 93200414//3316625, -10520333//663325, 18180362//3316625, 4519187//3316625, -886479//132665, 18247192//3316625, -21333492//3316625]
11; 7; 5; 5; 12; 1; 1; 3; 1; 1; [23117639//26385125, -8228239//5277025, -7949532//26385125, -5483384//5277025, 25740354//26385125, 107007304//26385125, -180102154//26385125, -6198163//26385125, 166994092//26385125, -7751208//5277025, 19356756//5277025, -87661//211081, 59668386//5277025, -573653374//26385125, 143625861//5277025, -5692923//26385125, 102248856//1055405, -1687218134//26385125, -4533777714//26385125, 4869605764//26385125, -806557422//26385125, -636619782//26385125, -647023668//5277025, -1236637354//5277025, 334543//845, -2172153409//5277025, 8967299628//26385125, -1221489936//5277025, 252356852//2029625, -172477702//5277025, -626969087//26385125, 1125003608//26385125, -1302087258//26385125, 1299819769//26385125, -995407376//26385125, 83174743//5277025, -99539066//5277025, 17913556//1055405, -66181626//5277025, 198067878//26385125, -3282447//1055405, -809204//26385125, 10261406//5277025, -69004372//26385125, 61166458//26385125, -46677058//26385125, 31951454//26385125, -16229106//26385125]
11; 7; 5; 5; 2; 1; 1; 12; 1; 1; [-1003568//3316625, 15561808//9949875, -3913189//9949875, -462779//9949875, 17384879//9949875, 26726444//9949875, -75205786//9949875, -1336253//9949875, -1065614//132665, -1050418//153075, -12795296//1989975, 25280981//1989975, -34716307//1989975, -164363086//9949875, -344763673//9949875, 548438129//9949875, 111556993//3316625, -433452304//9949875, 302625212//3316625, 1902716651//9949875, -95603354//765375, 891963766//1989975, 925397116//1989975, 171343193//663325, -1249256399//1989975, 477084671//663325, -2099477611//3316625, 1512158432//3316625, -875384891//3316625, 1043104532//9949875, 32058756//3316625, -716246597//9949875, 355932801//3316625, -325277252//3316625, 60369892//663325, -15378132//663325, 404693//12675, -20400392//663325, 47854952//1989975, -153955358//9949875, 73689011//9949875, -12671408//9949875, -24478873//9949875, 13851841//3316625, -14302759//3316625, 12591876//3316625, -25756306//9949875, 3403889//1989975]
11; 7; 5; 5; 8; 1; 1; 10; 1; 1; [85283//63375, -109858//63375, -74827//12675, -420857//63375, -285748//63375, 85766//21125, 404922//21125, 1568174//63375, 91729//4875, 42154//4225, 21863//845, 714//13, 141041//2535, -1326563//63375, 2350378//63375, 26896//507, 2242139//21125, 443536//4875, -14738573//63375, -51633236//63375, -78291799//63375, -61265362//63375, -1644811//4225, -117553//2535, 149390//507, -949348//2535, 7425677//21125, -16952941//63375, 2161424//12675, -4543759//63375, 60733//4875, 1416616//63375, -5532773//63375, -111789//21125, -1789842//21125, 121793//12675, -628//39, 8519//507, -11656//845, 15309//1625, -105672//21125, 19468//12675, 60206//63375, -125321//63375, 45392//21125, -58171//21125, 9096//21125, -107066//63375]
11; 7; 5; 5; 9; 1; 1; 3; 1; 1; [-10751527//26385125, -11062776//5277025, -16010123//5277025, -163234087//26385125, -179714994//26385125, -184197857//26385125, -2792977//2029625, -63385693//26385125, 127159366//26385125, 8014428//5277025, 24883089//5277025, 8665183//5277025, 166418641//5277025, 68756184//2029625, 130590774//1055405, 629353828//5277025, 4751250967//26385125, 258489493//2029625, 3344854692//26385125, -2797028519//26385125, -648560372//26385125, -3357149771//26385125, -558085542//5277025, -554235336//5277025, 1093787323//5277025, -1184192709//5277025, 5117878906//26385125, -684712008//5277025, 428046529//5277025, -477232799//26385125, -48491358//26385125, 832057591//26385125, -952193062//26385125, 718950229//26385125, -54537991//2029625, 42044247//5277025, -53697934//5277025, 49991222//5277025, -37885521//5277025, 118955336//26385125, -10096356//5277025, 1565914//5277025, 2144427//2029625, -33090593//26385125, 38842281//26385125, -31328442//26385125, 18637074//26385125, -12637828//26385125]
11; 7; 5; 5; 8; 1; 1; 8; 1; 1; [-11055751//9949875, 163244//3316625, -9192479//3316625, 3337694//9949875, 2336354//1989975, -9981586//3316625, 84128119//9949875, -6799762//9949875, -1992061//765375, 14095072//663325, -4067948//663325, 55957//6123, 41317481//1989975, 290875336//9949875, 70193918//9949875, 612616637//9949875, -893958509//9949875, 218196//51025, 2121968//9949875, -1000457643//3316625, 1805771012//9949875, -1898098762//9949875, -332071798//663325, 1039942516//1989975, -172107223//397995, 590547361//1989975, -520705244//3316625, 475577444//9949875, 288317321//9949875, -225206789//3316625, 3744644//51025, -213217692//3316625, 327097388//9949875, -188053154//9949875, 18840364//9949875, -42841801//1989975, 187726//11775, -3807274//397995, 2663693//663325, 12202//255125, -23354291//9949875, 10939352//3316625, -31890032//9949875, 975592//397995, -15649406//9949875, 1656371//3316625, 196606//9949875, -1377237//3316625]
11; 7; 5; 5; 6; 1; 1; 12; 1; 1; [-73241872//9949875, -1951211//765375, 4444954//1989975, 50199449//9949875, -22066601//9949875, -2572942//397995, 155978777//9949875, 4481937//132665, 141698987//9949875, -44844608//1989975, 1331038//79599, 113306123//1989975, -163906484//1989975, 630311699//3316625, 1362756353//9949875, 12242889//663325, -1508552008//3316625, -3164822399//9949875, 144130752//663325, -425302484//3316625, -73427609//79599, -4168756057//9949875, 2835065632//1989975, 38928122//79599, -76615568//51025, 3573474191//1989975, -16019413649//9949875, 11968368029//9949875, -1425782621//1989975, 921692836//3316625, -111959642//9949875, -334016429//1989975, 790804303//3316625, -110204702//397995, 546366553//3316625, -35411119//663325, 6268469//79599, -155223788//1989975, 123976379//1989975, -406846114//9949875, 68823283//3316625, -9395608//1989975, -57811012//9949875, 33125771//3316625, -7212787//663325, 92021524//9949875, -2916179//397995, 32458514//9949875]
11; 7; 5; 5; 10; 1; 1; 12; 1; 1; [-3232803//3316625, -13569464//3316625, -1873086//3316625, -4747551//3316625, -7203778//3316625, 1189673//663325, -6721199//3316625, 10899036//663325, 59921007//3316625, -99156//663325, 25949289//663325, 11810633//663325, 13404509//663325, 136677048//3316625, 2552062//21125, 118725921//3316625, 211730226//3316625, -340526982//3316625, -83288564//663325, 186654789//3316625, -472169877//663325, -1219769607//3316625, -52952136//663325, -23624022//51025, 458224673//663325, -454220961//663325, 1826708669//3316625, -1182465318//3316625, 610945398//3316625, -131848992//3316625, -171176611//3316625, 2231896//26533, -313577718//3316625, 33209926//663325, -18954387//255125, 18823971//663325, -21133734//663325, 18377572//663325, -13140339//663325, 2911963//255125, -13735463//3316625, -2316792//3316625, 11704863//3316625, -1141952//255125, 2621872//663325, -10036003//3316625, 856618//663325, -3848691//3316625]
11; 7; 5; 5; 5; 1; 1; 7; 1; 1; [10304568//3316625, -378452//9949875, 579199//663325, 1076924//397995, -7372112//9949875, 7972258//1989975, -24455016//3316625, -39409673//3316625, 35254279//9949875, -40140874//1989975, -916577//51025, -9965993//663325, -18860093//663325, -1026996904//9949875, -140066948//9949875, -10909778//153075, 7825339//663325, 215581897//9949875, -63996164//397995, 3629763218//9949875, 2126164514//9949875, -882606124//9949875, 732549866//1989975, -768917428//1989975, 211605597//663325, -438023314//1989975, 373892606//3316625, -359820484//9949875, -14730921//663325, 94412717//1989975, -527004319//9949875, 79963714//1989975, -177948346//9949875, 296338847//9949875, -39345884//3316625, 2431903//153075, -23490632//1989975, 14085334//1989975, -1989077//663325, -287634//3316625, 5681792//3316625, -4877144//1989975, 4612838//1989975, -1370033//765375, 2043538//1989975, -831057//3316625, 2840152//9949875, 360231//3316625]
11; 7; 5; 5; 4; 1; 1; 5; 1; 1; [4401139//663325, -6404609//9949875, -40958759//3316625, -7354088//765375, 33978922//3316625, 23887132//3316625, -181430627//9949875, -129832288//9949875, 144962278//9949875, 236271//51025, -4430838//132665, -669088//397995, 16310219//132665, -115939013//663325, -182618156//9949875, 3132437492//9949875, 110228166//255125, -502423917//3316625, -4661317481//9949875, 390284649//3316625, 2137922156//3316625, -153337793//9949875, -757511307//663325, -10782683//26533, 487097089//397995, -192943599//132665, 864426184//663325, -3213019806//3316625, 5904321881//9949875, -2192783143//9949875, -108020488//9949875, 1230149222//9949875, -1919813764//9949875, 728688128//3316625, -9467402//63375, 28888622//663325, -8486268//132665, 25176664//397995, -6682913//132665, 21905272//663325, -55199431//3316625, 40132111//9949875, 15959389//3316625, -84256898//9949875, 28415604//3316625, -74387494//9949875, 58077164//9949875, -9732108//3316625]
11; 7; 5; 5; 7; 1; 1; 7; 1; 1; [-10527073//9949875, 7802149//3316625, 7420248//3316625, 4001313//3316625, -709042//3316625, 25278107//9949875, 69961108//9949875, 9960026//9949875, -7930318//765375, -2157134//132665, -5242481//663325, -199129//30615, -76197476//1989975, 81348923//9949875, -279629599//3316625, -180696733//3316625, -423300599//9949875, 27221837//765375, 428533873//9949875, -51562346//3316625, 487454338//3316625, 3969312974//9949875, 88002019//132665, 59612027//1989975, -170300813//397995, 1139943659//1989975, -5443020416//9949875, 4185225149//9949875, -2710405807//9949875, 1247968103//9949875, -13783499//765375, -446099026//9949875, 750900181//9949875, -713216443//9949875, 819121312//9949875, -5344486//397995, 1238962//51025, -3429657//132665, 14366087//663325, -11498002//765375, 81060314//9949875, -26876792//9949875, -3756774//3316625, 10248986//3316625, -35463046//9949875, 31803676//9949875, -7392626//3316625, 17288177//9949875]
11; 7; 5; 5; 2; 1; 1; 6; 1; 1; [19965827//9949875, 9935882//3316625, 3168367//9949875, 8338159//3316625, 10607626//3316625, -5637926//9949875, -1537108//1989975, 6345893//663325, -20406794//3316625, -43071778//1989975, -1642647//663325, 2696384//397995, -6391534//397995, -249535589//3316625, -537811331//9949875, -48301282//9949875, -899698802//9949875, 114007142//9949875, 670103147//3316625, 151943573//1989975, -386466547//1989975, 3622287377//9949875, 826793732//1989975, -82854702//663325, -9114401//132665, 5122186//30615, -650212752//3316625, 1659152447//9949875, -406892367//3316625, 669065584//9949875, -6932011//255125, 60343723//9949875, 47377649//1989975, -2801596//79599, 410171401//9949875, -55709//663325, 12325376//1989975, -679516//79599, 654203//79599, -21573637//3316625, 40719137//9949875, -6619452//3316625, 2762599//9949875, 6712766//9949875, -9497677//9949875, 2467349//1989975, -2265544//1989975, 9705496//9949875]
11; 7; 5; 5; 5; 1; 1; 12; 1; 1; [1581712//3316625, 16412558//9949875, 4914733//9949875, 382496//765375, 8693738//9949875, 97679//153075, 1540081//765375, -19229354//3316625, -95414092//9949875, -6348002//1989975, -1470931//132665, -32172766//1989975, -19251956//1989975, -65072162//3316625, -3338804//63375, -379007873//9949875, -332399563//9949875, 347640337//9949875, 19158896//1989975, -672945173//9949875, 58131108//255125, 867372754//3316625, 62602258//1989975, 5295794//132665, -149371216//1989975, 52422233//663325, -224794896//3316625, 438788866//9949875, -20866883//765375, 68240051//9949875, 47925071//9949875, -5908386//663325, 79541756//9949875, 1440732//3316625, 190335956//9949875, -1926086//663325, 1431038//397995, -6610454//1989975, 1644792//663325, -5111506//3316625, 6182966//9949875, -699164//9949875, -3614684//9949875, 5126981//9949875, -934834//1989975, 3205756//9949875, -178998//3316625, 3456526//9949875]
11; 7; 5; 5; 2; 1; 1; 5; 1; 2; [793336//765375, 17938//255125, 87953//3316625, 5776054//9949875, -1267394//1989975, -1100657//1989975, 51678502//9949875, 17481398//3316625, 591119//1989975, 1759006//663325, 1368059//132665, -4827109//1989975, 30152776//1989975, -126314048//9949875, 139914328//9949875, -32968383//3316625, -76319374//9949875, 98161241//1989975, -4268252//1989975, -1300228862//9949875, -914034824//9949875, -22864199//663325, -135535534//663325, -974390//6123, 225293597//663325, -750521339//1989975, 3237610201//9949875, -767408782//3316625, 1309221763//9949875, -37093904//765375, -15519856//1989975, 83061262//1989975, -44419052//765375, 144964856//3316625, -14965109//397995, 25580582//1989975, -6730478//397995, 10590968//663325, -8143292//663325, 76968971//9949875, -35617151//9949875, 4648448//9949875, 14132068//9949875, -175927//79599, 910918//397995, -19661341//9949875, 11671858//9949875, -1353799//1989975]
11; 7; 5; 5; 6; 1; 1; 6; 1; 1; [16154946//3316625, 15714919//1989975, 429518//663325, -7311146//663325, -5023309//765375, 55049243//9949875, -59026336//9949875, -75441944//3316625, -23415242//9949875, 31746296//1989975, -60453907//1989975, -159697933//1989975, -11152363//1989975, -923016713//9949875, -73205512//397995, 3031651//79599, 200491714//397995, 4214150012//9949875, -166757711//765375, -934285783//3316625, 4611425522//9949875, 531797374//765375, 134066851//1989975, -614494867//1989975, 58688594//153075, -237289836//663325, 2647790071//9949875, -348466198//1989975, 50222769//663325, 34228691//1989975, -53035823//3316625, 139657977//3316625, -213293424//3316625, 206413057//3316625, 43004831//9949875, 11069263//663325, -11340021//663325, 9212496//663325, -18747982//1989975, 48323381//9949875, -3034691//1989975, -623307//663325, 1705439//663325, -6759658//3316625, 18848416//9949875, -17193247//9949875, 12424351//9949875, 2756326//9949875]
11; 7; 5; 5; 7; 1; 1; 12; 1; 1; [3875581//9949875, 4322568//3316625, -892174//3316625, -3438727//1989975, -10515632//3316625, 565382//397995, 12331277//9949875, -68965528//9949875, 2261986//765375, 6250802//1989975, 4636709//663325, -686876//30615, 51953249//1989975, -26880206//9949875, -786144//21125, -39692878//9949875, 25620308//663325, 3706178//19625, -34585796//663325, -782775587//9949875, 224522798//9949875, 440336467//9949875, -323101888//1989975, -681723638//1989975, 226149116//397995, -1170155726//1989975, 4828759252//9949875, -3301398902//9949875, 1742278076//9949875, -98112452//1989975, -17242039//765375, 139955567//1989975, -857535776//9949875, 242906598//3316625, -497715559//9949875, 45288293//1989975, -318128//11775, 641854//26533, -11816123//663325, 8143244//765375, -43903157//9949875, -385988//3316625, 5439199//1989975, -34950052//9949875, 6915913//1989975, -27944066//9949875, 5876648//3316625, -7932794//9949875]
11; 7; 5; 5; 6; 1; 1; 5; 1; 2; [5448979//3316625, -686//26533, 12811707//3316625, 726579//663325, -2202066//3316625, 344762//255125, -6728658//663325, -1200834//663325, -11167342//3316625, -2722588//132665, 26397//4225, -16982122//663325, -2618137//132665, -137440704//3316625, 4676772//663325, -368853417//3316625, 5139848//132665, 30358441//3316625, 315002104//3316625, 293586564//663325, 61369059//663325, 1366991862//3316625, 8894176//26533, -431819526//663325, 468033568//663325, -472149//785, 1391114493//3316625, -155486978//663325, 249976059//3316625, 17707342//663325, -268050972//3316625, 339350737//3316625, -9089778//132665, 46388572//663325, -69461944//3316625, 4230207//132665, -19626014//663325, 14881102//663325, -369645//26533, 20545623//3316625, -359432//663325, -9797856//3316625, 2859349//663325, -14115167//3316625, 11614237//3316625, -1249212//663325, 812242//663325, 261676//3316625]
11; 7; 5; 5; 4; 1; 1; 2; 1; 1; [30443336//3316625, 28993997//765375, 71939098//1989975, 134570807//9949875, 122240102//9949875, 402900197//9949875, 10849227//3316625, -1339933841//9949875, -54763149//255125, -86154628//663325, -14830908//132665, -675555554//1989975, -236870749//663325, -706391461//3316625, -3668306177//3316625, -2356170272//1989975, -575735077//9949875, 4307060031//3316625, 8846814148//9949875, 8831146904//9949875, 45165048751//9949875, 27505539267//3316625, 10464322496//1989975, -121379279//79599, -1925455639//1989975, 4348301278//1989975, -24926329414//9949875, 7056579089//3316625, -1074903156//663325, 8980704199//9949875, -72715239//255125, -30895127//3316625, 3068829737//9949875, -1363149737//9949875, 6911821178//9949875, -2844477//663325, 32576026//397995, -221582981//1989975, 5404313//51025, -274588818//3316625, 171729134//3316625, -10370807//397995, 39984704//9949875, 99669454//9949875, -138733531//9949875, 158628962//9949875, -28565684//3316625, 51645476//3316625]
11; 7; 5; 5; 10; 1; 1; 6; 1; 1; [-7888//132665, 14253106//3316625, 2273763//3316625, 11205781//3316625, 1140684//663325, -40260//26533, 21283961//3316625, -46565598//3316625, -54677144//3316625, -367282//663325, -1342326//51025, -1429762//132665, -11557362//663325, -15189138//663325, -406453646//3316625, -100969368//3316625, -488126976//3316625, 22517463//132665, 100086056//663325, -222316771//3316625, 2037036918//3316625, 935019379//3316625, 1299224//4225, 288985482//663325, -104017378//132665, 551018898//663325, -462683658//663325, 1579241862//3316625, -875768259//3316625, 256629732//3316625, 29069532//663325, -61039169//663325, 374355352//3316625, -249725696//3316625, 292826237//3316625, -1569291//51025, 25068988//663325, -4579586//132665, 17126652//663325, -10451862//663325, 22180387//3316625, -975864//3316625, -12266933//3316625, 3481479//663325, -3226711//663325, 12914942//3316625, -6791996//3316625, 5006912//3316625]
11; 7; 5; 5; 10; 1; 1; 5; 1; 2; [-78982//12675, -499423//63375, -1083032//63375, -2127556//63375, -320582//63375, -500948//63375, 645859//21125, 5179066//63375, 343//13, 272216//2535, 464236//4225, 76589//975, 3428768//12675, 643267//2535, 8296913//63375, 27516227//63375, 32631676//63375, -1174321//4875, -4022497//63375, -148216937//63375, -67738007//21125, -24045623//12675, -9577939//2535, 10037353//12675, 4692279//4225, -25069037//12675, 26930209//12675, -111852401//63375, 78903451//63375, -13631294//21125, 330709//1625, 5606089//63375, -22619951//63375, 9458467//63375, -4412303//12675, 52759//2535, -25342//325, 406241//4225, -369691//4225, 64271//975, -843572//21125, 1120196//63375, -17117//63375, -195818//21125, 818269//63375, -310322//21125, 154374//21125, -103502//12675]
11; 7; 5; 5; 4; 1; 1; 10; 1; 1; [-141121//63375, -331841//63375, -353494//63375, -324713//63375, -310574//63375, 79714//12675, 902737//63375, 746321//63375, 1684718//63375, 32576//975, 133786//4225, 520777//12675, 210532//12675, 1585772//21125, 2937397//21125, 8336834//63375, 2882981//21125, -3699851//63375, -7203154//12675, -44757967//63375, -42519836//63375, -49016843//63375, -1398172//12675, 867866//4225, -911281//4225, 775629//4225, -7824787//63375, 4806028//63375, -1055608//63375, -60497//21125, 1459567//63375, -54634//975, -313826//63375, -1061761//21125, -491173//21125, -41611//4225, 115022//12675, -85672//12675, 17616//4225, -110597//63375, 13408//63375, 65582//63375, -76961//63375, 26579//21125, -19312//12675, 1583//21125, -57658//63375, -37334//63375]
11; 7; 5; 5; 2; 1; 1; 4; 1; 1; [-22262//4225, -16234//2535, -185108//63375, 1819//507, 822472//63375, 151756//12675, 1308056//63375, 158432//21125, -37922//4225, 105644//12675, 71096//2535, 536353//12675, -1229783//12675, 369974//4225, 273433//2535, 7166483//63375, -1181588//12675, -8180559//21125, -79676//169, -59809081//63375, -10696676//63375, 6259288//12675, 15010919//12675, 23688//65, -15064282//12675, 18167192//12675, -421139//325, 2459141//2535, -12184112//21125, 1018844//4225, -411227//21125, -2043202//12675, 9633427//63375, -12432848//63375, 431866//2535, -530464//12675, 159067//2535, -792473//12675, 635398//12675, -420008//12675, 3301//195, -249271//63375, -54187//12675, 495544//63375, -39098//4225, 141924//21125, -343843//63375, 1094//325]
11; 7; 5; 5; 2; 1; 1; 2; 1; 2; [-8356132//9949875, -1007066//765375, -1424974//1989975, -2739694//9949875, -236014//1989975, 2237252//3316625, 2268223//765375, 50161607//9949875, 86760772//9949875, 8649468//663325, 115688//51025, -2047//132665, 10897026//663325, 22053799//765375, 281908168//9949875, -9561293//1989975, -154701542//3316625, -33173981//1989975, -159604801//9949875, -2069235809//9949875, -2656443877//9949875, -688241534//3316625, -146367747//663325, 63303967//1989975, 11218521//132665, -268207457//1989975, 463941462//3316625, -1113711401//9949875, 2329927//30615, -418521568//9949875, 6801674//663325, 23967594//3316625, -266938427//9949875, 5658148//765375, -261566456//9949875, 314357//153075, -10871362//1989975, 2540113//397995, -3748591//663325, 13810912//3316625, -24066256//9949875, 149308//153075, 74189//3316625, -443836//663325, 8528092//9949875, -9983227//9949875, 4076554//9949875, -5783981//9949875]
11; 7; 5; 5; 4; 1; 1; 8; 1; 1; [-924442//3316625, 11588//3316625, -3502699//3316625, 28797149//9949875, 8384994//3316625, -1776847//663325, 75135973//9949875, 5019946//9949875, -6595681//663325, 531626//79599, -2418022//663325, -3631726//663325, -157311//663325, -11454884//9949875, -10945174//9949875, -145434988//9949875, -1469652749//9949875, -18010579//3316625, 70012468//1989975, -2676678193//9949875, 617966243//3316625, 8974699//51025, -107718092//397995, 32270908//153075, -89610696//663325, 127794907//1989975, -35484134//3316625, -224898772//9949875, 365710391//9949875, -150614489//3316625, 314879639//9949875, -2665381//132665, -2248918//3316625, 50611882//9949875, 3934039//663325, -2979146//397995, 8200906//1989975, -2718712//1989975, -337969//663325, 4958316//3316625, -1360019//765375, 5234982//3316625, -12915137//9949875, 6908189//9949875, -512389//1989975, -181808//765375, 1116334//3316625, -180959//1989975]
11; 7; 5; 5; 5; 1; 1; 6; 1; 1; [-471392//3316625, 23558926//9949875, 409719//255125, 10086149//9949875, 5297626//9949875, 4388213//9949875, 33670643//9949875, -4573076//765375, -129563051//9949875, -1265956//663325, -6847653//663325, -5126891//397995, -47938426//1989975, 14747172//3316625, -186587212//3316625, -147395162//3316625, -320600564//9949875, 198645778//3316625, 792387772//9949875, -703117453//9949875, 2450779358//9949875, 4693891571//9949875, 1305482//4225, 91986792//663325, -11411923//30615, 287569673//663325, -98369568//255125, 2779226932//9949875, -558385741//3316625, 648989518//9949875, 69193552//9949875, -407884619//9949875, 558166096//9949875, -448400276//9949875, 214950601//3316625, -8956749//663325, 12703978//663325, -7445038//397995, 9779972//663325, -31796034//3316625, 46368772//9949875, -3281146//3316625, -4789949//3316625, 25525802//9949875, -25784429//9949875, 21516101//9949875, -13170226//9949875, 12308393//9949875]
11; 7; 5; 5; 6; 1; 1; 4; 1; 1; [2115004//63375, 351099//4225, 5104882//63375, 2147546//63375, 2022587//63375, 3388949//63375, -4411192//63375, -6864553//21125, -1866929//4875, -2661688//12675, -26271//65, -3813993//4225, -7298329//12675, -17229633//21125, -28721852//12675, -11083504//4875, 5625718//21125, 154064618//63375, 131242511//63375, 266637112//63375, 799630604//63375, 343488074//21125, 75518237//12675, -2978539//845, 17111251//12675, 355002//4225, -63188452//63375, 14740889//12675, -82285076//63375, 59091707//63375, -29817041//63375, 7672731//21125, 9791206//63375, 9828789//21125, 19122387//21125, 32052//325, -9904//507, -133387//4225, 225218//4225, -3632282//63375, 573304//12675, -726482//21125, 1126102//63375, -214211//63375, -55022//63375, 219892//21125, 4673//1625, 441302//21125]
11; 7; 5; 5; 6; 1; 1; 2; 1; 2; [19616444//3316625, -2439636//663325, -2041137//255125, -1216637//255125, 207322//51025, -35573329//3316625, -91693391//3316625, -11188831//3316625, 32091446//663325, 21655928//663325, -3940566//132665, -657639//663325, 101528911//663325, -567986244//3316625, 57590302//663325, 887737276//3316625, 1179613336//3316625, -111748709//663325, -422267626//3316625, 1941611811//3316625, 1349539366//3316625, -1031993594//663325, -1667920732//663325, -11080794//132665, 1044566261//663325, -1410394719//663325, 6739299273//3316625, -1049465746//663325, 3396850493//3316625, -1540409822//3316625, 46561369//663325, 548975877//3316625, -848553552//3316625, 1028316733//3316625, -205886196//663325, 32472927//663325, -11938818//132665, 63798984//663325, -53614281//663325, 186121503//3316625, -20452728//663325, 34362158//3316625, 13998173//3316625, -1519233//132665, 44035007//3316625, -38041762//3316625, 30356718//3316625, -174404//26533]
11; 7; 5; 5; 5; 1; 1; 5; 1; 2; [703303//3316625, 2360612//3316625, 1451691//3316625, 1549209//3316625, 3142106//3316625, 3179234//3316625, 2864132//3316625, 1709033//3316625, -1848918//3316625, -3850376//663325, -4593294//663325, -35836//10205, 944082//663325, -29212238//3316625, -8420394//255125, -87374191//3316625, -131782424//3316625, -145541446//3316625, 27620266//3316625, 161323938//3316625, -79357843//3316625, -19400532//3316625, 51703654//663325, -3387884//663325, -5165466//132665, 37511107//663325, -186085259//3316625, 142126644//3316625, -100365703//3316625, 42130938//3316625, -17224763//3316625, -11962347//3316625, 31768364//3316625, -29808349//3316625, 21217494//3316625, -729229//663325, 118838//51025, -345076//132665, 1488108//663325, -5319829//3316625, 2920929//3316625, -1174608//3316625, -339727//3316625, 828962//3316625, -1164867//3316625, 1229714//3316625, -890194//3316625, 488234//3316625]
11; 7; 5; 5; 12; 1; 1; 5; 1; 1; [-92541//21125, -35391//21125, 139974//21125, 145347//21125, 267014//21125, -214902//21125, -275531//21125, 227444//21125, -400981//21125, 20218//845, 72372//4225, -327191//4225, -164802//4225, 1901661//21125, 987781//21125, -204354//21125, -423669//1625, -11298949//21125, 6741057//21125, 5863771//21125, 10182076//21125, 23353976//21125, -872999//845, 715587//4225, 1536129//4225, -2568927//4225, 13319673//21125, -10845007//21125, 7387053//21125, -4169151//21125, 621128//21125, 1012371//21125, -1371037//21125, 2317243//21125, -562382//21125, 7086//845, -102462//4225, 121181//4225, -108813//4225, 401463//21125, -237357//21125, 97518//21125, -1686//21125, -70572//21125, 88371//21125, -74012//21125, 70158//21125, -1484//1625]
11; 7; 5; 5; 2; 1; 1; 3; 1; 1; [-5067653//5277025, 6454979//26385125, -664886//3166215, -103356566//26385125, -335036426//79155375, -19115679//26385125, 58551617//79155375, 65653358//79155375, 32430098//26385125, 1310968//1055405, 114634228//15831075, 66478172//15831075, 122977162//15831075, 868544141//15831075, 1710518963//79155375, 30853247//3166215, 3254613196//26385125, 3813768367//26385125, 7299705352//79155375, -1375064429//26385125, -4533071258//79155375, -2155111538//26385125, 86346127//1055405, 159732583//15831075, -962541598//15831075, 1253025127//15831075, -1127549056//15831075, 1511799268//26385125, -110035118//3166215, 1711862699//79155375, 126125786//26385125, -70789363//26385125, 16576721//2029625, -1044170864//79155375, 128273926//26385125, -6333463//3166215, 17810874//5277025, -55404967//15831075, 45943073//15831075, -6106301//3166215, 28306723//26385125, -965009//3166215, -1931847//26385125, 43759163//79155375, -32609059//79155375, 10179408//26385125, -28488604//79155375, 8787673//79155375]
11; 7; 5; 5; 7; 1; 1; 6; 1; 1; [-4317331//9949875, -3949501//3316625, 1299366//3316625, 5309944//3316625, 747672//3316625, -23266268//9949875, -14087581//3316625, -5889371//3316625, 5366237//765375, 498842//132665, 1457//26533, 1968656//153075, 10170913//663325, -23005013//3316625, 56911301//3316625, 26616287//9949875, -32136564//3316625, -11057874//255125, 209418531//3316625, 1428929233//9949875, 273387441//3316625, -3653616656//9949875, -278651//845, 3413821//26533, 9280376//663325, -61416242//663325, 1204778203//9949875, -375360417//3316625, 870003751//9949875, -183054172//3316625, 5908168//255125, -1322981//9949875, -39116941//9949875, 198318364//9949875, -109465916//3316625, -222119//132665, -18592//6123, 10328407//1989975, -3579518//663325, 3427271//765375, -10127862//3316625, 16396066//9949875, -1676577//3316625, -1008421//3316625, 2363203//3316625, -6309856//9949875, 7325884//9949875, -7923278//9949875]
11; 7; 5; 5; 9; 1; 1; 5; 1; 1; [7669//4225, 30668//21125, 46409//21125, 278258//63375, 20032//63375, 195746//63375, -34193//12675, -362416//21125, -289799//63375, -283042//12675, -60431//4225, -88828//12675, -15544//507, -278729//4225, -2742424//63375, -4991092//63375, -1096371//21125, 7816163//63375, -20911//63375, 3373039//12675, 12379611//21125, 479668//4875, 10422983//12675, -77527//325, -1888108//12675, 289508//845, -1660727//4225, 21452323//63375, -15751706//63375, 2940777//21125, -3055136//63375, -163261//21125, 136807//2535, -1711781//63375, 3441752//63375, -2791//4225, 162128//12675, -220097//12675, 14009//845, -54807//4225, 13337//1625, -252536//63375, 37601//63375, 94864//63375, -145633//63375, 2536//975, -92036//63375, 89402//63375]
11; 7; 5; 5; 10; 1; 1; 4; 1; 1; [-1531//845, 192558//21125, 268717//21125, 115423//21125, 140854//21125, 541348//21125, 458317//21125, -401321//21125, -1514629//21125, -124828//4225, 59508//4225, -28023//325, -679867//4225, 160872//4225, -5423088//21125, -663594//1625, -4077698//21125, 5326921//21125, -577478//21125, -5433037//21125, 17379836//21125, 68714154//21125, 12050522//4225, -2237712//4225, -3914619//4225, 6668703//4225, -41462//25, 28872756//21125, -20350891//21125, 10548316//21125, -3032507//21125, -1725939//21125, 4007494//21125, -4117167//21125, 571964//1625, -81657//4225, 20434//325, -320766//4225, 288987//4225, -214792//4225, 3804//125, -280066//21125, -1849//21125, 160623//21125, -217619//21125, 15798//1625, -11534//1625, 164977//21125]
11; 7; 5; 5; 7; 1; 1; 5; 1; 2; [222551//63375, 160058//21125, 917999//63375, 947812//63375, -27682//21125, -254668//21125, -624069//21125, -145127//4225, -219127//12675, -47546//845, -295634//4225, -97277//845, -2397//25, -6782246//63375, -198746//1625, -6506208//21125, -17702227//63375, 3457552//21125, 13377323//21125, 35828764//21125, 6746199//4225, 768524//845, 113559//169, -2944544//4225, 476492//845, -1646148//4225, 966419//4875, -1332479//21125, -1103339//21125, 1557563//21125, -1901574//21125, 2396599//21125, 1016116//63375, 453488//4225, 118558//4225, 23984//845, -88376//4225, 798//65, -21582//4225, -20068//63375, 66036//21125, -291962//63375, 247159//63375, -64854//21125, 163687//63375, 10252//21125, 6394//4225, 4776//4225]
11; 7; 5; 5; 10; 1; 1; 2; 1; 2; [-127553939//778376625, 633533837//259458875, -345348763//259458875, 925685194//778376625, 25913684//778376625, -5420245213//778376625, 2861594377//778376625, -936851996//259458875, -1478435251//259458875, 74969936//11975025, -234331901//10378355, 125009327//51891775, 375841519//51891775, -1163980091//778376625, -10238861017//259458875, 15127490253//259458875, -65995529164//778376625, 78396190001//778376625, 163775572193//778376625, -20129386189//259458875, 18735453766//59875125, -64360840652//778376625, -35538090397//155675325, 15413364341//31135065, -28756682623//51891775, 74704023052//155675325, -266447238068//778376625, 150779415547//778376625, -53992216418//778376625, -13734265472//778376625, 50977254388//778376625, -52019042041//778376625, 52041284069//778376625, -30312576751//778376625, 22539146644//778376625, -3857290378//155675325, 146005676//6227013, -2818476061//155675325, 594438506//51891775, -4158438988//778376625, 556274272//778376625, 1646187362//778376625, -2620722827//778376625, 2684827748//778376625, -1996375361//778376625, 462267538//259458875, -181159392//259458875, 150670094//778376625]
11; 7; 5; 5; 6; 1; 1; 3; 1; 1; [60148788//26385125, -39040621//6088875, -20998921//3166215, -290694574//79155375, -941466856//79155375, -2133797077//79155375, -274940784//26385125, 1952250097//79155375, 1293575184//26385125, 276254348//5277025, 146890181//5277025, -34958798//15831075, 35389574//1055405, -1867420258//26385125, 8402860491//26385125, 5633195326//15831075, 20044775144//79155375, 2821637357//26385125, -2144318078//79155375, -29693020003//79155375, -58254589322//79155375, -40779804934//26385125, -2297716042//1217775, -118615082//15831075, 17557539242//15831075, -968512229//633243, 116589518078//79155375, -30100488597//26385125, 4004303477//5277025, -27406245938//79155375, 1819527371//26385125, 3106760987//26385125, -17328623014//79155375, 14029805749//79155375, -19348428991//79155375, 177886897//5277025, -1016410558//15831075, 1098617458//15831075, -62040216//1055405, 1084113301//26385125, -595306117//26385125, 127156799//15831075, 219543392//79155375, -628279787//79155375, 760862756//79155375, -712386019//79155375, 152953338//26385125, -136685617//26385125]
11; 7; 5; 5; 3; 1; 1; 7; 1; 1; [8967841//9949875, -330907//255125, 66056//1989975, -13085872//9949875, -7498448//3316625, 7480657//1989975, -1802753//663325, 19076714//9949875, 65703388//9949875, -22756718//1989975, 295432//26533, 16599931//1989975, -10568188//1989975, -30919021//9949875, 109974911//3316625, -96674783//1989975, 627719282//9949875, 446097344//9949875, -59436609//663325, 55872577//663325, -842359533//3316625, -210249151//3316625, 803169217//1989975, -136810187//397995, 482481281//1989975, -269815168//1989975, 464897167//9949875, 151196219//9949875, -19253773//397995, 195202862//3316625, -484585748//9949875, 22343223//663325, -37797541//1989975, -18218197//9949875, -30121019//9949875, 25630513//1989975, -3183976//397995, 2397613//663325, -231729//663325, -16118353//9949875, 24559739//9949875, -4937986//1989975, 6686517//3316625, -4186001//3316625, 1164089//1989975, -35449//397995, -1253724//3316625, 869957//3316625]
11; 7; 5; 5; 10; 1; 1; 3; 1; 1; [76584151//26385125, -15896747//5277025, 89162122//26385125, -58664234//26385125, -24492172//5277025, 94187771//26385125, -640322836//26385125, -312292661//26385125, -792672//211081, -41979794//1055405, 74603283//5277025, -125264689//5277025, -34654258//5277025, -1446310586//26385125, 440411171//5277025, -2718402732//26385125, 6789612519//26385125, 536614292//5277025, 805603954//26385125, 22167985386//26385125, 2003451351//26385125, 410890932//1055405, 2996992//6245, -6427950062//5277025, 7424859841//5277025, -6557374958//5277025, 23755160982//26385125, -554180236//1055405, 5369389164//26385125, 804068807//26385125, -751105794//5277025, 5117470257//26385125, -3780666712//26385125, 3767567703//26385125, -73896648//1055405, 13140629//211081, -318367108//5277025, 250011024//5277025, -161504052//5277025, 390668922//26385125, -1108071//405925, -127547876//26385125, 222135182//26385125, -44917754//5277025, 189266877//26385125, -110466307//26385125, 71438228//26385125, -504982//1055405]
