12; 5; 2; 5; 9; 1; 1; 6; 1; 1; [-26818293//3316625, -35623434//3316625, -45376333//3316625, -16258993//3316625, 2025356//132665, 134533587//3316625, 119612723//3316625, -32631878//3316625, -72888288//3316625, 37574198//663325, 99823128//663325, 76540302//663325, -66281952//663325, 232802718//3316625, 159721774//3316625, 891462688//3316625, 66952346//255125, -141465713//663325, -5229531862//3316625, -7905665983//3316625, -3411807082//3316625, 4375532643//3316625, 1336424768//663325, 57051978//663325, -64948186//51025, 1140586638//663325, -5446605006//3316625, 4244440862//3316625, -2658590931//3316625, 1316770574//3316625, -46752863//663325, -699432971//3316625, 399419806//3316625, -935034536//3316625, 839327709//3316625, -26442003//663325, 48373932//663325, -51434922//663325, 43224582//663325, -149968266//3316625, 82436652//3316625, -26009976//3316625, -9969071//3316625, 5955363//663325, -40325431//3316625, 25259411//3316625, -26424076//3316625, 17711064//3316625]
12; 5; 2; 5; 7; 1; 1; 9; 1; 1; [5122778//3316625, 4595783//3316625, 1913861//3316625, -9854567//3316625, -129986//21125, -18345604//3316625, -6753497//3316625, 2324723//663325, 7387776//3316625, -109146//26533, -6351786//663325, 442821//663325, 25151681//663325, -238812//19625, -3801281//255125, -105189076//3316625, 213138597//3316625, 664557312//3316625, 757829444//3316625, 426568977//3316625, -10479938//51025, -1543339181//3316625, -52161414//132665, -14293806//663325, 170790861//663325, -227226069//663325, 1083637751//3316625, -842437184//3316625, 528477947//3316625, -240925209//3316625, 5192452//255125, 128083197//3316625, -132206844//3316625, 4982219//132665, -197137913//3316625, 1077168//132665, -9672094//663325, 10258644//663325, -8571711//663325, 29683561//3316625, -16248409//3316625, 5096522//3316625, 2410441//3316625, -5529334//3316625, 599849//255125, -5997244//3316625, 815202//663325, -313416//255125]
12; 5; 2; 5; 3; 1; 1; 10; 1; 1; [2796351//132665, 287791061//9949875, 298694686//9949875, -32107373//3316625, -628897024//9949875, -945970549//9949875, -257647802//3316625, -24733351//3316625, 49213717//1989975, -66250736//1989975, -92171758//663325, -357790787//1989975, 70693083//663325, -896919638//1989975, -1449411107//3316625, -1709816047//3316625, 2599572098//3316625, 24939166604//9949875, 220073506//58875, 9648301452//3316625, -5554647967//9949875, -2408131426//663325, -614157572//153075, -1139210284//1989975, 2059529341//663325, -7915189246//1989975, 7336998967//1989975, -28273760498//9949875, 17229183532//9949875, -7525561298//9949875, 633794024//3316625, 5192412932//9949875, -3993077702//9949875, 5058431129//9949875, -90910514//153075, 205414216//1989975, -340039936//1989975, 116988434//663325, -96322293//663325, 195688523//1989975, -524528708//9949875, 48820754//3316625, 100173497//9949875, -195789368//9949875, 278148722//9949875, -190370647//9949875, 11546368//765375, -4814857//397995]
12; 5; 2; 5; 11; 1; 1; 2; 1; 1; [290896//132665, 14478//10205, 234661//663325, 12082203//3316625, 6500604//3316625, -18496339//3316625, -6435836//3316625, -877309//663325, -54662657//3316625, -9941218//663325, -99//132665, -8108469//663325, -15961993//663325, -52599008//663325, -116018//51025, -446362//26533, -18689461//255125, 297911366//3316625, 5144362//21125, 184458136//3316625, 105861854//663325, 1925947087//3316625, 55389782//663325, -38094548//132665, 230989181//663325, -210518608//663325, 153811602//663325, -94554384//663325, 39643093//663325, -14689689//3316625, -7538474//255125, 193118882//3316625, -143667612//3316625, 28724817//663325, 9859961//3316625, 10067533//663325, -2017228//132665, 8110114//663325, -5397837//663325, 2698038//663325, -673481//663325, -671524//663325, 6327601//3316625, -6874722//3316625, 6767612//3316625, -4119132//3316625, 569172//663325, 814611//3316625]
12; 5; 2; 5; 3; 1; 1; 8; 1; 1; [249723878//9949875, -3994981//9949875, 288073186//9949875, 147933046//3316625, -175990826//9949875, 758822671//9949875, -131483153//3316625, -992302939//9949875, 101962807//3316625, -618088118//1989975, -513522//10205, 19595708//1989975, -897441823//1989975, -7503179588//9949875, 17439311//9949875, -24958188//19625, -1383068378//9949875, 9172076506//9949875, -15955068056//9949875, 12702673083//3316625, 14260189049//9949875, 3280282573//3316625, 19488561862//1989975, -2181247942//397995, 3765362258//1989975, 1076478667//1989975, -6335156903//3316625, 22606825528//9949875, -7013724856//3316625, 5051698852//3316625, -2924801429//3316625, 3166514072//9949875, 1675570562//9949875, -513966001//3316625, 1168641849//3316625, 22287146//153075, -1817538//132665, -43632866//663325, 65438811//663325, -330327793//3316625, 263769016//3316625, -534930338//9949875, 265143296//9949875, -4358584//765375, -26329596//3316625, 160486177//9949875, -42342226//3316625, 126925787//9949875]
12; 5; 2; 5; 2; 1; 1; 7; 1; 1; [4254737//9949875, 3904313//9949875, 3695078//9949875, 4072291//1989975, -632102//9949875, 14195614//9949875, 1146544//3316625, -741136//9949875, -4233142//765375, 3589816//1989975, -5621789//663325, -866506//51025, -204287//397995, -377452447//9949875, -336653023//9949875, -114254661//3316625, -153179038//1989975, -39583181//765375, -360368759//9949875, -1049961832//9949875, -139551248//3316625, 281105997//3316625, -201773189//1989975, -290096617//1989975, 172140232//663325, -109866647//397995, 2282535769//9949875, -1605135139//9949875, 283633657//3316625, -12454756//397995, -11021503//765375, 310479493//9949875, -430477981//9949875, 107191561//3316625, -210978637//9949875, 20341339//1989975, -1923146//153075, 22764019//1989975, -1137126//132665, 3969383//765375, -22675259//9949875, 559616//9949875, 2233084//1989975, -17303444//9949875, 16183013//9949875, -4647297//3316625, 8132698//9949875, -3460297//9949875]
12; 5; 2; 5; 12; 1; 1; 4; 1; 1; [-94667983//105540500, -101953833//105540500, -146379569//52770250, -57965221//26385125, 22090277//52770250, 24045428//26385125, 123780437//26385125, 261464439//52770250, 209997921//52770250, 131442723//10554050, 240604869//21108100, 120432919//5277025, 387022817//21108100, 1675958779//52770250, 3318916103//105540500, 4414703429//52770250, 4937542599//105540500, -366923227//52770250, -1851375688//26385125, -12869574599//52770250, -18669351613//105540500, -3570284903//26385125, -1298237517//10554050, 168868489//811850, -2264426117//10554050, 3776398937//21108100, -3165857034//26385125, 1746088896//26385125, -405559444//26385125, -943701563//105540500, 2758036943//105540500, -3523152761//105540500, 813761383//52770250, -715967171//26385125, 262491347//52770250, -104107333//10554050, 93741023//10554050, -68952243//10554050, 83131533//21108100, -84445923//52770250, 72146//26385125, 55408487//52770250, -34327112//26385125, 33852562//26385125, -112537041//105540500, 23050763//52770250, -24291477//52770250, -1641794//26385125]
12; 5; 2; 5; 11; 1; 1; 10; 1; 1; [-3442014//663325, -23874886//3316625, -23797528//3316625, 438203//132665, 62393334//3316625, 110633509//3316625, 97123927//3316625, 7154571//663325, -80932931//3316625, -21049254//663325, -12873414//663325, 23168069//663325, 948871//51025, 134526001//663325, 372624256//3316625, -79997102//3316625, -323698784//663325, -2741111444//3316625, -3015788769//3316625, -807113447//3316625, 402957649//663325, 4826933736//3316625, 745285821//663325, 56813171//663325, -511773571//663325, 677426423//663325, -633493591//663325, 2480420883//3316625, -1558250281//3316625, 129833046//663325, -221960057//3316625, -420847657//3316625, 31816503//255125, -73477368//663325, 592283578//3316625, -16446626//663325, 28748314//663325, -2328343//51025, 25255812//663325, -3451717//132665, 47321923//3316625, -14717306//3316625, -1677576//663325, 15866843//3316625, -23728307//3316625, 18022794//3316625, -2383778//663325, 12142098//3316625]
12; 5; 2; 5; 8; 1; 1; 2; 1; 1; [8684277//3316625, 3776686//3316625, 1682104//3316625, 13211087//3316625, 6714914//3316625, -20135166//3316625, -11609977//3316625, -3047929//3316625, -59068498//3316625, -2594864//132665, 633192//663325, -10505954//663325, -15676416//663325, -314863892//3316625, 608828//255125, -35712899//3316625, -306744887//3316625, 329794456//3316625, 5887708//21125, 243805127//3316625, 587848919//3316625, 2133838608//3316625, 293360//2041, -255090278//663325, 297128516//663325, -264711581//663325, 949703419//3316625, -568112538//3316625, 225867548//3316625, 1155879//3316625, -138031892//3316625, 244964743//3316625, -181368234//3316625, 175178147//3316625, 2706194//3316625, 2622751//132665, -12796362//663325, 10091734//663325, -6570624//663325, 15808889//3316625, -3220843//3316625, -4897332//3316625, 8351719//3316625, -8822102//3316625, 8394843//3316625, -5037099//3316625, 3350462//3316625, 925164//3316625]
12; 5; 2; 5; 9; 1; 1; 4; 1; 1; [207830367//52770250, 306981871//105540500, 22498431//26385125, -57897961//8118500, -73093733//5277025, -346904068//26385125, -674754981//105540500, 443436659//105540500, 338032958//26385125, 2507291//5277025, -247505091//10554050, -20917293//10554050, 1766162429//21108100, -2288823077//52770250, 646575689//105540500, -3647869829//105540500, 16739126623//105540500, 8954843377//21108100, 14315647158//26385125, 34948793391//105540500, -35546688249//105540500, -128329150957//105540500, -6826659874//5277025, 23924162//5277025, 603511319//811850, -5430474814//5277025, 8091772691//8118500, -41318721829//52770250, 26556140939//52770250, -25020756001//105540500, 339656079//5277025, 2741882184//26385125, -6389077321//52770250, 13416807013//105540500, -18283870331//105540500, 118102759//5277025, -228353617//5277025, 247505989//5277025, -839444979//21108100, 2944573903//105540500, -126238041//8118500, 21468693//4059250, 190258829//105540500, -106265209//21108100, 183901669//26385125, -295162841//52770250, 8264999//2029625, -193355333//52770250]
12; 5; 2; 5; 6; 1; 1; 7; 1; 1; [6379247//9949875, 3857042//9949875, 5914772//9949875, 15030757//9949875, 26328616//9949875, 5013958//3316625, 60576923//9949875, 33057907//9949875, 42039484//9949875, 15524222//1989975, 10259614//663325, 17687317//1989975, 38534933//1989975, 55176248//9949875, 75095558//9949875, 135788286//3316625, 109466518//9949875, -48906151//9949875, 563278496//9949875, 77108897//9949875, 486402883//9949875, 94635847//765375, 307501742//1989975, -25866496//153075, 290265887//1989975, -203054662//1989975, 580162244//9949875, -201973036//9949875, -10864432//3316625, 194876894//9949875, -235650988//9949875, 238430078//9949875, -155940964//9949875, 39676303//3316625, 13807673//9949875, 14228203//1989975, -10849472//1989975, 2274086//663325, -1026261//663325, 1829044//9949875, 510058//765375, -9781516//9949875, 10307209//9949875, -8306473//9949875, 1997706//3316625, -213263//765375, 380048//3316625, 563246//3316625]
12; 5; 2; 5; 11; 1; 1; 8; 1; 1; [-15610918//3316625, 24044757//3316625, -11399898//663325, 11534036//3316625, 7539072//3316625, -82044206//3316625, 10037798//255125, -3003436//255125, -15942019//3316625, 43026372//663325, -4526967//51025, 55351412//663325, 11646774//663325, 175639153//3316625, -390784757//3316625, 339884176//663325, -1621658971//3316625, 821226763//3316625, 62905537//255125, -4501175714//3316625, 4192146833//3316625, -2432415961//3316625, -310389633//663325, 2056088269//663325, -2667257948//663325, 2502335704//663325, -9563980396//3316625, 5974375419//3316625, -532595813//663325, 241576177//3316625, 1192011959//3316625, -1745114752//3316625, 1593605743//3316625, -1264628691//3316625, 860349697//3316625, -8767894//51025, 118783296//663325, -98313027//663325, 67221771//663325, -179665976//3316625, 53542384//3316625, 6251556//663325, -73946383//3316625, 83882454//3316625, -72359772//3316625, 49030378//3316625, -27223356//3316625, 9877602//3316625]
12; 5; 2; 5; 10; 1; 1; 7; 1; 1; [-6089989//3316625, -2784668//3316625, 2098066//3316625, -9152168//3316625, -4049782//3316625, 438336//132665, 5604806//3316625, 8501206//3316625, 64506269//3316625, 4896176//663325, 668088//663325, 13946432//663325, 327402//26533, 233975809//3316625, 22959338//3316625, -51160446//3316625, 204060823//3316625, -105248288//3316625, -3905907//26533, -177284036//3316625, -564024951//3316625, -147000418//255125, 2909297//51025, 91331053//663325, -147643438//663325, 30539063//132665, -613647718//3316625, 423284889//3316625, -224577333//3316625, 71858949//3316625, 37597186//3316625, -4685572//132665, 98955247//3316625, -118544293//3316625, -19958192//3316625, -5955301//663325, 7004742//663325, -6227427//663325, 916089//132665, -13352888//3316625, 5509964//3316625, 222922//3316625, -3382971//3316625, 4682161//3316625, -198394//132665, 3368452//3316625, -2718758//3316625, -580032//3316625]
12; 5; 2; 5; 12; 1; 1; 3; 1; 1; [-30405368157//145037511125, -2158489309//145037511125, -11889910127//11156731625, -22615549967//145037511125, -1341726908//3372965375, 28449479893//145037511125, 104227458397//145037511125, 107784728368//145037511125, -21738267839//29007502225, 133147464482//29007502225, -173911806//171642025, 182971032562//29007502225, 5501010122//5801500445, 932799029822//145037511125, 169389684549//145037511125, 4646243293391//145037511125, -1024721104843//145037511125, 2321922578294//145037511125, -4031803989168//145037511125, -6704863840867//145037511125, -4425290926853//145037511125, -204359915704//5801500445, -1562391521188//29007502225, 3058981253426//29007502225, -3319130898878//29007502225, 113288560334//1160300089, -761498659258//11156731625, 5556210745312//145037511125, -39543455389//3372965375, -621889264299//145037511125, 2011922157827//145037511125, -2488983253594//145037511125, 1783094284604//145037511125, -1751251342454//145037511125, 140907529028//29007502225, -11538170429//2231346325, 139403305604//29007502225, -105768146442//29007502225, 13150256832//5801500445, -146781451574//145037511125, 13685431402//145037511125, 70918761598//145037511125, -101448287419//145037511125, 102392989772//145037511125, -84094663784//145037511125, 47658459584//145037511125, -718181468//3372965375, 434357761//29007502225]
12; 5; 2; 5; 2; 1; 1; 12; 1; 1; [354//21125, -143869//63375, -254902//63375, -109624//21125, -282566//63375, 67303//21125, 717556//63375, 1008817//63375, 13984//975, 132178//12675, 44636//4225, 2503//195, 558878//12675, 3508883//63375, 2409853//21125, 4869412//63375, 925999//21125, -80151//1625, -19716179//63375, -9893252//21125, -28228307//63375, -47590//169, -3269777//12675, -660427//12675, 113303//507, -3500257//12675, 16368499//63375, -11884433//63375, 7720151//63375, -3168149//63375, 392//375, 244211//21125, -3716723//63375, 1061224//63375, -534704//12675, 96292//12675, -3902//325, 31039//2535, -41941//4225, 32873//4875, -214793//63375, 63766//63375, 48161//63375, -33554//21125, 92303//63375, -119603//63375, 42994//63375, -10703//12675]
12; 5; 2; 5; 8; 1; 1; 10; 1; 1; [-12326931//3316625, -18177366//3316625, -16023857//3316625, 8878941//3316625, 53243776//3316625, 86582597//3316625, 82886552//3316625, 29235641//3316625, -9398303//663325, -17120992//663325, -8817792//663325, 15368117//663325, 378395//26533, 489638061//3316625, 289184026//3316625, -132684453//3316625, -1297617331//3316625, -178274502//255125, -2389816257//3316625, -705383682//3316625, 1625999599//3316625, 140993981//132665, 536011523//663325, 77243733//663325, -418538353//663325, 107186214//132665, -2468619022//3316625, 1907777813//3316625, -1183477054//3316625, 471695057//3316625, -155887058//3316625, -345904786//3316625, 326523129//3316625, -21923976//255125, 89617511//663325, -13942428//663325, 22964152//663325, -23712137//663325, 3905052//132665, -65841002//3316625, 35341698//3316625, -787498//255125, -7465318//3316625, 12702887//3316625, -18686676//3316625, 1070533//255125, -9060148//3316625, 1809182//663325]
12; 5; 2; 5; 9; 1; 1; 3; 1; 1; [42148116039//29007502225, 100196785933//145037511125, -18827642039//29007502225, -340548530701//145037511125, -437452912578//145037511125, -1308992119//446269265, -31392870792//11156731625, -121540178101//145037511125, 63586067803//29007502225, 17855167548//5801500445, -2511573261//1160300089, -15996629822//5801500445, 43744819068//2231346325, -769114268008//29007502225, 2201991845317//145037511125, 177257283719//5801500445, 7037143276456//145037511125, 792347797146//11156731625, 3507439078082//29007502225, 1738090143772//11156731625, -9336498227494//145037511125, -10452401458894//29007502225, -2551448921022//5801500445, -56082148496//1160300089, 1868882480628//5801500445, -12107691074771//29007502225, 11340183053254//29007502225, -43436850372614//145037511125, 5493309075663//29007502225, -12159545046162//145037511125, 1915356045869//145037511125, 1207016349012//29007502225, -7074728614142//145037511125, 7749597168213//145037511125, -359276756676//5801500445, 61052734927//5801500445, -20724211174//1160300089, 8309999964//446269265, -446825995794//29007502225, 305114297012//29007502225, -62820175183//11156731625, 49913668856//29007502225, 140959847983//145037511125, -320789088706//145037511125, 6047471556//2231346325, -312919375617//145037511125, 232566942858//145037511125, -36963376263//29007502225]
12; 5; 2; 5; 4; 1; 1; 11; 1; 1; [19856737//9949875, 42693182//9949875, 65807608//9949875, 15710299//9949875, -90391642//9949875, -10453894//663325, -6479719//663325, 52883719//9949875, 4090828//1989975, -34911034//1989975, -16365904//663325, -7697686//397995, 40964158//1989975, -76274339//3316625, -1170636//19625, -578621406//3316625, -614061704//9949875, 938302279//3316625, 1433192831//1989975, 418081661//663325, -1134492454//9949875, -1467407102//1989975, -1154298589//1989975, -16386869//663325, 29304844//79599, -329299309//663325, 4710888499//9949875, -3691614751//9949875, 2254843301//9949875, -1131449522//9949875, 300908306//9949875, 29021129//397995, -24777271//663325, 47995526//765375, -177361048//1989975, 7641888//663325, -41844638//1989975, 8905729//397995, -12467701//663325, 129658049//9949875, -71640271//9949875, 21619406//9949875, 8784218//9949875, -23901824//9949875, 7430417//1989975, -59563//26533, 6454546//3316625, -733739//397995]
12; 5; 2; 5; 5; 1; 2; 11; 1; 1; [14886381//3316625, -141392666//9949875, -228561823//9949875, -172973249//9949875, -312924//132665, -20047931//3316625, -143946428//9949875, 52721668//1989975, 177853792//1989975, 151053086//1989975, 18980646//663325, 73957639//663325, 110263093//397995, -369330886//3316625, 252858902//765375, 2035721531//3316625, 6636270559//9949875, -523908271//1989975, -8369884262//9949875, -4227913372//9949875, -2357069683//1989975, -6856678447//1989975, -7172461684//1989975, 47176706//663325, 1328842449//663325, -74169512//26533, 9031844972//3316625, -21220927462//9949875, 14108451829//9949875, -6445023473//9949875, 79436053//663325, 1723843739//9949875, -3864206426//9949875, 17084494//51025, -318261907//663325, 39355283//663325, -77735596//663325, 84911496//663325, -14439719//132665, 254347552//3316625, -424980152//9949875, 154022554//9949875, 48018827//9949875, -29457379//1989975, 169145539//9949875, -54504162//3316625, 21802756//1989975, -20272456//1989975]
12; 5; 2; 5; 8; 1; 1; 8; 1; 1; [-3669558//3316625, -6456974//3316625, -10277557//3316625, -15617424//3316625, -21511904//3316625, -14022833//3316625, -1557951//663325, -512053//255125, 6771593//3316625, 3905826//663325, 3821691//663325, 13965537//663325, 16014174//663325, 260572083//3316625, 344146154//3316625, 458615562//3316625, 543425124//3316625, 592361424//3316625, 243255013//3316625, 10006363//132665, 108421024//3316625, -260749273//3316625, 1403067//51025, 98558691//663325, -146109053//663325, 146812524//663325, -573704186//3316625, 402291347//3316625, -174753314//3316625, 70864692//3316625, 76360702//3316625, -84383856//3316625, 22945417//663325, -82857728//3316625, 3823477//255125, -6024471//663325, 6794104//663325, -5892267//663325, 4246881//663325, -11947246//3316625, 4856857//3316625, 1139836//3316625, -3220863//3316625, 5176007//3316625, -316802//255125, 698839//663325, -1937628//3316625, 684196//3316625]
12; 5; 2; 5; 6; 1; 1; 12; 1; 1; [-3776242//9949875, -18915499//9949875, 278279//765375, -3219464//9949875, -15317772//3316625, -36668284//9949875, -34638478//9949875, -2904599//255125, -51056854//9949875, 23972188//1989975, 2784167//663325, -12343321//1989975, 42822158//1989975, 74179869//3316625, 654388279//9949875, -49008259//3316625, 113324238//3316625, 1232090861//9949875, 153513123//3316625, 453199768//9949875, 727620797//3316625, -1217811646//9949875, -1087595657//1989975, 10497027//663325, 1160827//3925, -277319554//663325, 104458959//255125, -3177062153//9949875, 2074433434//9949875, -334852046//3316625, 86630641//3316625, 330605582//9949875, -526829611//9949875, 677215118//9949875, -537999218//9949875, 5773904//663325, -34733116//1989975, 38053831//1989975, -10834911//663325, 38333527//3316625, -63957193//9949875, 22552474//9949875, 6348007//9949875, -20504512//9949875, 8910794//3316625, -7855967//3316625, 19750088//9949875, -11891273//9949875]
12; 5; 2; 5; 10; 1; 1; 12; 1; 1; [1938192//3316625, -493264//3316625, -1744686//3316625, -5188154//3316625, -5154174//3316625, 1464457//3316625, -1287727//663325, -27200562//3316625, -22251//132665, 7745306//663325, -3089958//663325, -6490296//663325, 14994808//663325, -50949607//3316625, -830946//3316625, 27256836//3316625, 245959209//3316625, 322977179//3316625, -169025107//3316625, 249511//663325, 668969597//3316625, -8380912//132665, -240883549//663325, -262783//663325, 139957674//663325, -193481137//663325, 934921924//3316625, -734252123//3316625, 473795963//3316625, -216942113//3316625, 56091172//3316625, 67374519//3316625, -5116783//132665, 163999031//3316625, -4811554//132665, 4247524//663325, -8141402//663325, 8802961//663325, -7459833//663325, 26124794//3316625, -14544233//3316625, 4968718//3316625, 1806747//3316625, -4806918//3316625, 5967609//3316625, -1102298//663325, 4657546//3316625, -105416//132665]
12; 5; 2; 5; 5; 1; 1; 7; 1; 1; [-28911206//1989975, -311184283//9949875, -5680643//255125, -41911838//1989975, -206219542//9949875, 103163056//9949875, 586313099//9949875, 251941941//3316625, 256328614//3316625, 436026416//1989975, 308308354//1989975, 39653776//1989975, 41715473//132665, 1266152447//1989975, 8902408393//9949875, 3664977107//9949875, 519177601//1989975, -442128226//765375, -21701662771//9949875, -9097815383//3316625, -17929594138//9949875, -26929086442//9949875, -3987282823//663325, 828403933//663325, 3537055556//1989975, -1260519874//397995, 6772100224//1989975, -163965979//58875, 6534806282//3316625, -2095286893//1989975, 1041364027//3316625, 482513662//9949875, -5231118167//9949875, 3868133926//9949875, -5383370686//9949875, 67219024//1989975, -248314114//1989975, 305465659//1989975, -18540406//132665, 209605112//1989975, -627260531//9949875, 92307082//3316625, -1653989//1989975, -49783733//3316625, 62537354//3316625, -224922487//9949875, 144151616//9949875, -126821221//9949875]
12; 5; 2; 5; 4; 1; 1; 5; 1; 1; [21037//570375, 0, -50702//570375, -8452//570375, -16904//570375, 1676//63375, 3442//22815, 182398//570375, 283864//570375, 0, 8452//114075, 55882//114075, 33808//114075, -1661162//570375, 16904//38025, 837242//570375, 515572//570375, 693064//570375, -3155404//570375, -357134//38025, -2503066//190125, -947446//63375, -67616//22815, -625448//114075, 1065562//114075, -1107212//114075, 4515704//570375, -625448//114075, 1718806//570375, -160588//190125, -245108//570375, 19754//21125, -203732//114075, 26282//43875, -880262//570375, 8452//22815, -16904//38025, 45748//114075, -33808//114075, 33398//190125, -8452//114075, 536//570375, 8452//190125, -33808//570375, 30478//570375, -2036//38025, 10276//570375, -15332//570375]
12; 5; 2; 5; 5; 1; 2; 5; 1; 1; [9442//21125, 128471//190125, 838//585, 50657//21125, 11418//4225, 197534//63375, 239383//63375, 142117//38025, 33539//14625, 10412//2535, 461//585, -10427//2535, -52163//12675, -361151//14625, -6587891//190125, -1934113//38025, -4616551//63375, -2986541//38025, -12671227//190125, -4354703//63375, -61483//845, -1269202//190125, -84001//2535, -48089//1521, 159701//2535, -878498//12675, 11011616//190125, -8211413//190125, 800467//38025, -242491//21125, -8819//1521, 305878//63375, -2411777//190125, 205156//38025, -1290826//190125, 473//195, -23662//7605, 7351//2535, -28102//12675, 258296//190125, -41501//63375, 808//38025, 13382//63375, -1414//2925, 22858//63375, -75202//190125, 6142//38025, -22846//190125]
12; 5; 2; 5; 7; 1; 1; 7; 1; 1; [6285719//3316625, 20874//26533, -7661734//3316625, -23463046//3316625, -40560808//3316625, -38527966//3316625, -27921451//3316625, -25785124//3316625, -40716334//3316625, -17141448//663325, -18439617//663325, -6196089//663325, 1621747//51025, -109504444//3316625, -13625114//663325, -21278416//3316625, 505988316//3316625, 1153949933//3316625, 1210911396//3316625, 699499961//3316625, -472374891//3316625, -1495833376//3316625, -224525058//663325, -47767582//663325, 194639941//663325, -241735114//663325, 1109579373//3316625, -168390594//663325, 513567772//3316625, -202494212//3316625, 65722689//3316625, 167207283//3316625, -131640532//3316625, 139632902//3316625, -195788888//3316625, 6636508//663325, -10506368//663325, 820048//51025, -8661291//663325, 29037153//3316625, -3040181//663325, 4036992//3316625, 3610528//3316625, -5768771//3316625, 8545453//3316625, -5879672//3316625, 4207752//3316625, -3898048//3316625]
12; 5; 2; 5; 2; 1; 1; 6; 1; 1; [750393//255125, -277439//765375, -306989//255125, 160967//765375, -676192//765375, -483881//153075, -647578//153075, 44548//30615, 16903346//765375, 3097688//153075, -23621//3925, -1363223//153075, 724648//30615, -86074309//765375, -6400441//765375, 6475252//765375, 15039226//255125, -5673643//765375, -2338241//11775, -17826002//153075, -25633813//153075, -220293707//255125, -145483747//153075, -4987069//153075, 91348787//153075, -24711452//30615, 195796446//255125, -459933743//765375, 293491096//765375, -137087666//765375, 7388767//255125, 8571929//153075, -17187251//153075, 15747727//153075, -99469543//765375, 218884//11775, -33248//975, 1858631//51025, -312651//10205, 5409626//255125, -2985621//255125, 978512//255125, 1178884//765375, -3285494//765375, 250099//51025, -709166//153075, 488428//153075, -2083573//765375]
12; 5; 2; 5; 5; 1; 1; 12; 1; 1; [235675161//3316625, 301666753//9949875, 543757763//9949875, 377911986//3316625, 7988756//1989975, -528559578//3316625, -150163189//1989975, -1958394167//9949875, -377998778//663325, -369670568//1989975, 213609956//1989975, -511704974//663325, -191208326//397995, -7227656066//3316625, -823576483//9949875, -20639691388//9949875, -15633412213//9949875, 3408636717//663325, 70047478934//9949875, 1549602633//663325, 7780653544//765375, 30197833829//1989975, -13715567078//1989975, -5529468638//663325, 791577622//51025, -6650958109//397995, 46383485207//3316625, -7513645508//765375, 4070005217//765375, -18579758519//9949875, -840725426//1989975, 22579100747//9949875, -112999802//51025, 25288899541//9949875, -1684859273//1989975, 1203553603//1989975, -1504489196//1989975, 1383404422//1989975, -208946798//397995, 3189489061//9949875, -1412492509//9949875, 24875352//3316625, 678645476//9949875, -2582167//26533, 1059447767//9949875, -155360128//1989975, 609265966//9949875, -8822616//663325]
12; 5; 2; 5; 3; 1; 1; 9; 1; 1; [-803651//397995, -47194067//9949875, -20114548//3316625, -45670721//9949875, -33420848//9949875, -7473637//9949875, -90298891//9949875, -164583413//9949875, -70898128//3316625, -4009036//153075, -503791//663325, -5711977//1989975, -4282082//132665, 53725822//663325, 1826583847//9949875, 2370661454//9949875, 1795498061//9949875, 133963058//9949875, -1977520568//9949875, 47401617//3316625, 2439034703//9949875, 2756826648//3316625, 1838832482//1989975, -188309506//663325, -95717769//663325, 48161116//132665, -276863428//663325, 1259570172//3316625, -2578219838//9949875, 1654467233//9949875, -612923531//9949875, -862436//58875, 147951346//3316625, -462330481//9949875, 304779744//3316625, 142886//663325, 26565328//1989975, -37071128//1989975, 2390036//132665, -9354252//663325, 92582491//9949875, -42148988//9949875, 3285561//3316625, 14242864//9949875, -26085014//9949875, 25708273//9949875, -6391432//3316625, 7219694//3316625]
12; 5; 2; 5; 2; 1; 1; 5; 1; 2; [-10331//21125, -53882//38025, -208103//63375, -3010204//570375, -4616374//570375, -51176//4563, -7736257//570375, -2741998//190125, -1947766//114075, -1390612//114075, -37506//4225, -52711//22815, 317417//38025, 20019512//570375, 538858//7605, 73269992//570375, 33933313//190125, 130461829//570375, 32902196//114075, 61393519//190125, 147565679//570375, 33120473//114075, 15232358//114075, -3235874//38025, 897349//22815, -576449//114075, -7864904//570375, 1051874//38025, -10901219//570375, 5403139//190125, -145181//43875, 2305301//114075, 7244056//570375, 1953454//190125, 74437//4563, 291182//114075, -92408//114075, -8644//22815, 113519//114075, -638494//570375, 123044//114075, -40096//63375, 336292//570375, 12257//570375, 2053//8775, 25024//63375, 12254//190125, 45286//114075]
12; 5; 2; 5; 6; 1; 1; 6; 1; 1; [-557203//255125, -2231117//765375, -242492//255125, -284542//765375, 201164//255125, 6323906//765375, 38997//3925, 2026651//765375, 2634136//765375, 1652128//153075, 175878//51025, 427872//51025, 546301//11775, 39044058//255125, 98672357//765375, 6625212//255125, -4027626//255125, -79654112//765375, -154286086//765375, 1171141//11775, 367534664//765375, 78599723//255125, -8146412//153075, 3739728//51025, -3557348//51025, 2893576//51025, -1647701//58875, 17213126//765375, -408844//255125, -128206//19625, 1264998//255125, -4886651//255125, 1951112//153075, 12343157//765375, 12957967//765375, -168046//51025, 426796//153075, -7584//3925, 56539//51025, -170473//765375, -15869//765375, 104276//255125, -361834//765375, 247024//765375, -364123//765375, 8131//30615, 85524//255125, 199802//765375]
12; 5; 2; 5; 7; 1; 1; 12; 1; 1; [-74563//663325, -3438024//3316625, -38414//255125, -84209//663325, 7275124//3316625, 18721169//3316625, 21069587//3316625, 6570102//663325, 25598692//3316625, 4726872//663325, 9180606//663325, 4280216//663325, 325278//51025, -9031829//663325, 46060224//3316625, -62355648//3316625, -2781469//132665, -265270834//3316625, -785714939//3316625, -826724927//3316625, -237267098//663325, -743095157//3316625, 43243497//663325, -76842229//663325, 82201276//663325, -68516206//663325, 47121332//663325, -127538833//3316625, 38695801//3316625, 2925423//663325, -60748477//3316625, 21555878//3316625, -88324611//3316625, -3302787//663325, -55728151//3316625, 3733318//663325, -3396316//663325, 196343//51025, -1549419//663325, 662956//663325, -95413//3316625, -1813704//3316625, 491406//663325, -2689327//3316625, 1277648//3316625, -1975891//3316625, -3104//26533, -765231//3316625]
12; 5; 2; 5; 6; 1; 1; 5; 1; 2; [43814//190125, 26647//190125, 145499//190125, 85562//190125, 263074//190125, 196091//190125, 22768//14625, 113803//63375, 90356//63375, 10664//4225, -32113//38025, 44234//12675, -58378//12675, -1179119//190125, -905519//63375, -4475819//190125, -447944//14625, -686826//21125, -825909//21125, -3195844//190125, -2166448//63375, 6019852//190125, -2450729//38025, 1726579//12675, -5743678//38025, 1648672//12675, -17662667//190125, 1097771//21125, -3830312//190125, -1048856//190125, 971141//63375, -4303768//190125, 3494143//190125, -1010344//63375, 649492//63375, -28619//4225, 80926//12675, -186527//38025, 117329//38025, -90859//63375, 32674//190125, 11712//21125, -19619//21125, 168923//190125, -147968//190125, 92218//190125, -54832//190125, 18221//190125]
12; 5; 2; 5; 4; 1; 1; 2; 1; 1; [110636//1989975, -1334381//1989975, -1871527//9949875, -309877//9949875, -1905154//3316625, 3684227//3316625, 4281679//3316625, 15810862//9949875, 6227693//9949875, 1236596//663325, 3576433//663325, -1734373//663325, 1143224//153075, 207343//132665, 28603127//1989975, 36252802//9949875, -206372843//9949875, 48567864//3316625, -1043021//21125, -595950887//9949875, 15259043//9949875, -293618906//3316625, -13076129//663325, -5942597//663325, 48006421//1989975, -18499971//663325, 49920638//1989975, -2694037//153075, 36200922//3316625, -52017029//9949875, 92084//255125, 2231189//3316625, -65348521//9949875, 36964559//9949875, -67889644//9949875, 585899//663325, -2469514//1989975, 61781//51025, -630299//663325, 1237156//1989975, -579773//1989975, 210242//3316625, 249232//3316625, -38541//255125, 432619//3316625, -1942831//9949875, 333438//3316625, -99068//765375]
12; 5; 2; 5; 5; 1; 2; 2; 1; 1; [-8447731//3316625, -1945986//663325, -405006//3316625, -9912293//9949875, -44918//51025, 64322656//9949875, 2995997//663325, -24597211//9949875, 87911879//9949875, 3231662//132665, 10178566//663325, 4747771//1989975, 4050906//663325, 725772313//9949875, 76926664//1989975, 24678713//9949875, 189582241//3316625, -176844548//1989975, -24462083//63375, -32851433//153075, 266871116//9949875, -2383189309//9949875, -4688083//26533, 373556113//1989975, -309745049//1989975, 213694633//1989975, -543057536//9949875, 7848497//397995, 88016189//9949875, -198374251//9949875, 43983811//1989975, -403834198//9949875, 362061//51025, -28726544//3316625, -69076637//9949875, -3070394//397995, 3828694//663325, -6927761//1989975, 75783//51025, 353114//9949875, -1570312//1989975, 3835388//3316625, -10668796//9949875, 1604861//1989975, -2987076//3316625, 37751//397995, -102254//3316625, -967924//3316625]
12; 5; 2; 5; 10; 1; 1; 6; 1; 1; [-9301412//663325, -17089336//3316625, -2728301//255125, -86682332//3316625, 3597396//255125, -37807316//3316625, 93240088//3316625, 46675956//663325, -10768579//663325, 97308814//663325, 13979148//132665, -1900822//663325, 27750588//132665, 282319067//663325, 101704496//3316625, 1399640933//3316625, 632559367//3316625, -2603686818//3316625, 669513361//3316625, -7631045698//3316625, -1268499781//663325, 65501489//663325, -2798889461//663325, 42840055//26533, 148946178//663325, -164036482//132665, 1070806626//663325, -378606929//255125, 3814177024//3316625, -2304799209//3316625, 935683721//3316625, -73743277//3316625, -813333789//3316625, 84124627//663325, -138838733//663325, -80887//4225, -5466332//132665, 45355107//663325, -9357813//132665, 38864226//663325, -131159142//3316625, 70817774//3316625, -19660269//3316625, -14673979//3316625, 29546013//3316625, -39412709//3316625, 4661472//663325, -4081108//663325]
12; 5; 2; 5; 11; 1; 1; 9; 1; 1; [-55751//19625, -16246648//3316625, -36190003//3316625, -23575664//3316625, 608284//663325, 56317946//3316625, 138144807//3316625, 137079091//3316625, 27898539//663325, 25183888//663325, 395874//663325, 35635373//663325, 442121//10205, 472537529//3316625, 623339888//3316625, 769902773//3316625, -307568646//3316625, -295942809//663325, -3366378441//3316625, -4609499447//3316625, -2773160126//3316625, -461309893//663325, 55028173//663325, 501734639//663325, -724497237//663325, 143107168//132665, -2815998513//3316625, 1883967299//3316625, -68260562//255125, 185766502//3316625, 38409288//663325, -627217788//3316625, 298082229//3316625, -552193088//3316625, 38313329//663325, -30046598//663325, 33341876//663325, -2206411//51025, 4085712//132665, -57512613//3316625, 21497659//3316625, 5256294//3316625, -18802983//3316625, 4348888//663325, -23972228//3316625, 11914999//3316625, -12080048//3316625, 452402//663325]
12; 5; 2; 5; 10; 1; 1; 5; 1; 2; [-52103//63375, -35708//12675, -376139//63375, -396688//63375, -201824//21125, -319701//21125, -1290551//63375, -141793//4875, -1040136//21125, -725224//12675, -47572//845, -148087//2535, -736319//12675, -518539//21125, 59294//12675, 1408493//21125, 456308//63375, 2067737//63375, 12742703//63375, 19942901//63375, 8395388//21125, 42390508//63375, 6439681//12675, -371539//2535, -16855//169, 910307//4225, -15638396//63375, 541903//2535, -9510848//63375, 5599024//63375, -3937//125, 234149//63375, 2594933//63375, -76796//4875, 3906914//63375, -8266//12675, 20572//2535, -9299//845, 131584//12675, -171222//21125, 65183//12675, -149858//63375, 23849//63375, 19482//21125, -81161//63375, 111688//63375, -55988//63375, 29593//21125]
12; 5; 2; 5; 4; 1; 1; 10; 1; 1; [6209251//1989975, 30037939//9949875, 10169943//3316625, -36858158//9949875, -103579114//9949875, -34992973//1989975, -132631196//9949875, -27223679//9949875, 45076402//3316625, 4658456//663325, 6214609//663325, -11846326//663325, 2363444//1989975, -65254866//663325, -150244969//9949875, 48659747//3316625, 221049191//765375, 3967486664//9949875, 921857608//1989975, 1107859426//9949875, -3476385076//9949875, -6565508936//9949875, -261578144//663325, -139882566//663325, 1036779592//1989975, -397920397//663325, 69434032//132665, -3813762292//9949875, 742986471//3316625, -736925611//9949875, 90089912//9949875, 167334214//1989975, -766926202//9949875, 203295159//3316625, -885485378//9949875, 12734439//663325, -17625754//663325, 17014326//663325, -1025996//51025, 8530658//663325, -62312927//9949875, 3816276//3316625, 7626518//3316625, -10490606//3316625, 8072374//1989975, -29242232//9949875, 17698282//9949875, -5565216//3316625]
12; 5; 2; 5; 5; 1; 2; 10; 1; 1; [-6275768//9949875, -38773517//9949875, -58730561//9949875, -69412234//9949875, -24667232//9949875, 23159788//9949875, 34753431//3316625, 125947823//9949875, 13145099//3316625, 36328816//1989975, 4918006//132665, 99653353//1989975, 76831852//1989975, 84826046//3316625, 715086217//9949875, 965863016//9949875, 462441643//3316625, 294305549//3316625, -1764023728//9949875, -6590379683//9949875, -9113919608//9949875, -3978132632//9949875, -681069764//1989975, 5156420//26533, -129987197//1989975, -10963956//663325, 217958113//3316625, -250508138//3316625, 252167881//3316625, -156285761//3316625, 362571271//9949875, -217833394//9949875, -294857434//9949875, -337894019//9949875, -286163336//9949875, -3413412//663325, 228248//397995, 4556582//1989975, -2251024//663325, 11483013//3316625, -26997029//9949875, 6394796//3316625, -8203528//9949875, 3099101//9949875, 699146//9949875, -10046494//9949875, -983288//3316625, -193059//255125]
12; 5; 2; 5; 12; 1; 1; 11; 1; 1; [3866237//3316625, 14228521//3316625, 24361287//3316625, 29389921//3316625, 12948276//3316625, -3321501//663325, -8321012//663325, -59984827//3316625, -269933//21125, -12561282//663325, -26506296//663325, -35759098//663325, -38824594//663325, -160448437//3316625, -286968501//3316625, -450410602//3316625, -603690281//3316625, -86328726//3316625, 201881413//663325, 508787142//663325, 3304874442//3316625, 175429097//255125, 234785163//663325, -19507201//663325, -112935258//663325, 163034546//663325, -825150796//3316625, 641182677//3316625, -451476786//3316625, 189696647//3316625, -54227858//3316625, -426208//132665, 44508731//663325, 33877806//3316625, 15496731//255125, -3078923//663325, 6760036//663325, -7642117//663325, 6569409//663325, -23755556//3316625, 13292982//3316625, -5419816//3316625, -108176//255125, 4081537//3316625, -875214//663325, 1402941//663325, -839264//3316625, 26814//21125]
12; 5; 2; 5; 2; 1; 1; 4; 1; 1; [4101501//8118500, 1232537//24355500, 609226//2029625, 5225627//6088875, 2823902//6088875, 576409//2435550, -698566//1217775, -7700689//12177750, 31427051//24355500, 4050733//2435550, 577754//405925, -5404219//974220, -680531//974220, -189923089//12177750, 4407883//24355500, -108790531//12177750, -106733077//6088875, -380678723//24355500, 15564014//1217775, 2839171//62450, 4865507//624500, -22902148//2029625, 8126099//1217775, -180016201//2435550, 95830687//974220, -3508979//37470, 145471273//2029625, -21483538//468375, 85640359//4059250, -23948141//6088875, -215506529//24355500, 13321403//974220, -13820951//1217775, 22972662//2029625, -48172252//6088875, 20359169//4871100, -5388272//1217775, 900758//243555, -830971//324740, 215331//156125, -898698//2029625, -1235189//6088875, 6242023//12177750, -15359039//24355500, 908259//1623700, -588269//1623700, 1483886//6088875, -852471//8118500]
12; 5; 2; 5; 8; 1; 1; 9; 1; 1; [3024293//3316625, 296691//132665, 582714//132665, 18503288//3316625, 12314654//3316625, -5320028//3316625, -18563544//3316625, -4732697//663325, -1249453//255125, -133396//51025, -295578//663325, -3283112//663325, -2701239//132665, -222322818//3316625, -64720213//663325, -81964971//663325, -289031218//3316625, 109406961//3316625, 700001008//3316625, 873220964//3316625, 24657424//132665, -54673221//3316625, -67295218//663325, -7257108//663325, 48915158//663325, -12870609//132665, 288842531//3316625, -48710318//663325, 24966264//663325, -78797884//3316625, 12633758//3316625, 4553358//255125, -2971778//3316625, 1090593//51025, -37230673//3316625, 1598703//663325, -2721022//663325, 2835932//663325, -472581//132665, 7849741//3316625, -916677//663325, 189096//663325, 458836//3316625, -1637717//3316625, 2584384//3316625, -1000073//3316625, 358378//663325, -783533//3316625]
12; 5; 2; 5; 9; 1; 1; 11; 1; 1; [-7846506//663325, -12424961//663325, -51571788//3316625, -6604646//3316625, 41572524//3316625, 97158944//3316625, 128291247//3316625, 96289213//3316625, 61072688//3316625, 36301242//663325, 89482794//663325, 18734754//132665, -33730433//663325, 28288669//132665, 241181717//663325, 1271938923//3316625, -2278791//19625, -195992588//255125, -4994060499//3316625, -7064537317//3316625, -5421416958//3316625, 828909232//3316625, 69752559//51025, 205371259//663325, -160030638//132665, 995557792//663325, -907334613//663325, 697365169//663325, -2042406611//3316625, 897910193//3316625, -163572037//3316625, -691128257//3316625, 351673779//3316625, -905943374//3316625, 561869016//3316625, -27539977//663325, 43234556//663325, -1747129//26533, 35509698//663325, -23685681//663325, 12538707//663325, -15184666//3316625, -13599127//3316625, 25651083//3316625, -35099167//3316625, 20503484//3316625, -23481624//3316625, 11398911//3316625]
12; 5; 2; 5; 4; 1; 1; 8; 1; 1; [38289622//9949875, 1897666//663325, 43973728//9949875, 36149727//3316625, -14650378//9949875, 19217649//3316625, -43712282//9949875, -330467749//9949875, -68351284//9949875, -4222858//79599, -30408228//663325, 990061//397995, -60016093//663325, -468621104//3316625, -594712//10205, -582672566//3316625, -368092077//3316625, 2789595923//9949875, -753214402//9949875, 5981040802//9949875, 7325347399//9949875, 399201574//9949875, 649006174//397995, -185083118//663325, -224737627//397995, 622784677//663325, -9794147741//9949875, 533391038//663325, -5545493194//9949875, 952899809//3316625, -727816156//9949875, -540406031//9949875, 1467957176//9949875, -26454147//255125, 403925104//3316625, -1675836//132665, 74831594//1989975, -3567680//79599, 26624343//663325, -296360371//9949875, 11727291//663325, -74398894//9949875, -806501//3316625, 15585673//3316625, -61244281//9949875, 63261571//9949875, -39080638//9949875, 29374102//9949875]
12; 5; 2; 5; 5; 1; 2; 8; 1; 1; [3752416//663325, -18011489//1989975, 194703241//9949875, 21898177//9949875, -2523644//765375, 91963146//3316625, -167278416//3316625, -9564116//9949875, 28883141//9949875, -168178696//1989975, 57103617//663325, -16798637//132665, -4250808//51025, -47149384//663325, 376915001//1989975, -5927327761//9949875, 4094936318//9949875, -954827561//3316625, -4238009548//9949875, 6197055256//3316625, -4511839309//9949875, 5911923598//3316625, 2894223554//1989975, -2450252498//663325, 566281277//132665, -2504588954//663325, 5449691587//1989975, -3180140656//1989975, 2009570159//3316625, 747315554//9949875, -4564683329//9949875, 5623445611//9949875, -118876514//255125, 4005848878//9949875, -1846038118//9949875, 125351442//663325, -364414316//1989975, 1467708//10205, -61699926//663325, 3588131//79599, -3333901//397995, -49403446//3316625, 83688193//3316625, -262176259//9949875, 212308841//9949875, -44111082//3316625, 76026908//9949875, -9409943//9949875]
12; 5; 2; 5; 5; 1; 1; 6; 1; 1; [-306092242//9949875, -491294672//3316625, -17674533//3316625, -2237471//11775, -39665528//1989975, -171004669//765375, 153625912//3316625, 547148466//663325, -88288396//255125, 115944378//132665, 3372857282//1989975, -2001487498//1989975, 4296824377//1989975, 7742547559//3316625, 3219714592//765375, -2233095166//9949875, 1028866054//397995, -8204931658//1989975, 56558489777//9949875, -39686311942//3316625, -13716237764//663325, 22284816488//3316625, -4328375165//79599, -1912357991//153075, 97431939862//1989975, -120338184563//1989975, 552517234346//9949875, -411851753317//9949875, 252661183252//9949875, -7241247434//663325, 227030571//663325, 19675676502//3316625, -28881053651//3316625, 4693911179//663325, -20070080426//3316625, 670796674//397995, -1739618954//663325, 5282989093//1989975, -4282807832//1989975, 14357257036//9949875, -7374170897//9949875, 148798804//765375, 328680766//1989975, -136191839//397995, 3773594456//9949875, -84714402//255125, 27940054//132665, -409664291//3316625]
12; 5; 2; 5; 6; 1; 1; 4; 1; 1; [-14925203//24355500, -2116667//1873500, -12848839//8118500, -27813127//12177750, -17122622//6088875, -1327786//1217775, -66563221//24355500, -34727543//12177750, 1529887//24355500, 2084557//1217775, 226347//124900, 13173161//2435550, 12853037//1217775, 51634649//2029625, 1326279011//24355500, 1259316277//24355500, 1510615189//24355500, 409659652//6088875, 3947053//487110, 587622481//24355500, 414519233//12177750, -350690851//12177750, -146243288//1217775, 25891439//405925, -44312849//2435550, -4456001//405925, 12985342//468375, -337076321//12177750, 698103821//24355500, -392911583//24355500, 341004049//24355500, -18496337//4871100, 3076382//6088875, 58228109//12177750, -5099261//936750, -99111//62450, -56242//1217775, 1209452//1217775, -540814//405925, 7947476//6088875, -5797223//6088875, 8303443//12177750, -1523077//6088875, 217427//2029625, 556981//4871100, -1273029//8118500, 33198//156125, -4276591//24355500]
12; 5; 2; 5; 5; 1; 1; 5; 1; 2; [-33641//190125, -34631//63375, -5152//190125, -182648//190125, -4468//7605, 5386//12675, 52864//190125, -23986//190125, 119531//63375, 57316//12675, 61883//38025, 227002//38025, 16651//2925, 852311//190125, 4856173//190125, 65388//21125, 2610593//190125, 52623//4225, -1170791//38025, -6218344//190125, -113086//4875, -6672763//190125, -626213//4225, 349991//12675, 612454//12675, -3128537//38025, 1829447//21125, -13416451//190125, 9372931//190125, -377417//14625, 25214//2925, 106343//38025, -2274617//190125, 699191//63375, -2326739//190125, 38417//38025, -124378//38025, 11561//2925, -135428//38025, 503963//190125, -299021//190125, 42712//63375, 1529//190125, -1094//2925, 19339//38025, -34559//63375, 73408//190125, -18488//63375]
12; 5; 2; 5; 12; 1; 1; 5; 1; 1; [5017//21125, 25331//63375, 47042//21125, 66593//12675, 726626//63375, 58898//4225, 70983//4225, 513236//63375, -491651//63375, -340502//12675, -227369//4225, -952712//12675, -545471//4225, -11399636//63375, -16878421//63375, -7926922//21125, -7024786//12675, -1114099//1625, -360226//507, -8238137//12675, -1664107//4875, -455434//63375, 888668//12675, 947068//12675, -1922432//12675, 653544//4225, -3049806//21125, 5284012//63375, -341546//4875, -29724//4225, -1601243//63375, -642718//12675, -6062//845, -751356//21125, 924148//63375, -72928//12675, 91342//12675, -28646//4225, 63113//12675, -209278//63375, 24879//21125, -27748//63375, -14281//12675, 24547//63375, -19966//12675, 2791//12675, -50938//63375, 5341//21125]
12; 5; 2; 5; 7; 1; 1; 6; 1; 1; [-18087228//3316625, -7053833//663325, -8495501//663325, -7213113//3316625, 39138702//3316625, 60780813//3316625, 6736759//663325, -20655208//3316625, -5763331//3316625, 2813066//132665, 2592753//51025, 36009057//663325, -38248056//663325, 76142148//3316625, 15457671//132665, 172975939//663325, 26729848//3316625, -1843167267//3316625, -3851259358//3316625, -753793571//663325, -1321797002//3316625, 1007206826//3316625, 19077556//26533, 123002484//663325, -443177503//663325, 543733449//663325, -2482100006//3316625, 375202306//663325, -218235779//663325, 487495414//3316625, -100536231//3316625, -433279274//3316625, 3039782//51025, -419590996//3316625, 25382836//255125, -236898//10205, 23715826//663325, -151746//4225, 19248726//663325, -64185256//3316625, 6665557//663325, -305848//132665, -7523441//3316625, 13746039//3316625, -20125774//3316625, 447986//132665, -11319086//3316625, 6601483//3316625]
12; 5; 2; 5; 10; 1; 1; 4; 1; 1; [-45335461//26385125, -24460193//52770250, -18306403//26385125, -187655331//105540500, -7728057//5277025, 33672753//105540500, 107948271//26385125, 72941917//105540500, 571542679//105540500, 71749831//5277025, -14415831//5277025, 178490687//21108100, 92309773//5277025, 3075633017//52770250, -20576409//4059250, 2328073047//105540500, 2985314541//105540500, -134185156//5277025, -2229505287//26385125, -5745556327//52770250, -5193536457//105540500, -8460751331//26385125, -833562779//5277025, 1692854929//5277025, -7429435303//21108100, 3191599661//10554050, -1708517141//8118500, 3159058992//26385125, -2184084047//52770250, -1020854467//105540500, 815555017//21108100, -5547719269//105540500, 2082166679//52770250, -3736739401//105540500, 148809512//26385125, -83552266//5277025, 78193041//5277025, -119426571//10554050, 37414347//5277025, -334904593//105540500, 1423863//4059250, 73811073//52770250, -220888457//105540500, 11129559//5277025, -189288769//105540500, 111187353//105540500, -1279403//2029625, -13194107//105540500]
12; 5; 2; 5; 9; 1; 1; 5; 1; 1; [53207//190125, 0, 135002//190125, -61571//190125, -123142//190125, 255638//190125, 34798//38025, -2302//190125, -36288//21125, 0, 61571//38025, -337286//38025, 246284//38025, 1092448//190125, 123142//12675, -5583892//190125, 3755831//190125, 5048822//190125, -700826//63375, 55976//2535, 12414572//190125, 23516282//190125, -492568//7605, -4556254//38025, 7728584//38025, -8065801//38025, 33493574//190125, -4556254//38025, 3997148//63375, -1169849//63375, -1785559//190125, 4830856//190125, -1092566//38025, 425372//14625, -2531824//190125, 61571//7605, -123142//12675, 332626//38025, -246284//38025, 741154//190125, -61571//38025, -6086//190125, 61571//63375, -246284//190125, 239846//190125, -37112//38025, 132206//190125, -38494//190125]
12; 5; 2; 5; 2; 1; 1; 3; 1; 1; [-450605333//2574630375, -98358268//33470194875, -8503908134//33470194875, 12970865932//33470194875, -10306004978//11156731625, 29663046638//33470194875, -7426865236//6694038975, 27187252778//33470194875, 32110901452//33470194875, 1924333688//2231346325, 973085654//446269265, -129740076//51891775, 26482511531//6694038975, 80920263964//33470194875, 189090154198//33470194875, 132442625449//33470194875, 6795916311//11156731625, 314696437334//33470194875, -163027705666//11156731625, 4306066618//6694038975, -324198737983//33470194875, -142193874449//2574630375, 12618263208//2231346325, -16653413614//102985215, 1477420097246//6694038975, -1416939796979//6694038975, 5531581915367//33470194875, -3529443949126//33470194875, 1695705494462//33470194875, -284629365541//33470194875, -571464606628//33470194875, 954830131186//33470194875, -1037828022//34328405, 21043365464//858210125, -652499235301//33470194875, 62215634171//6694038975, -4451912158//446269265, 56358008474//6694038975, -13087156747//2231346325, 108412751917//33470194875, -11940634757//11156731625, -4322725716//11156731625, 39028710644//33470194875, -1073493956//778376625, 41227787516//33470194875, -6138797854//6694038975, 140103254//259458875, -9158218916//33470194875]
12; 5; 2; 5; 7; 1; 1; 5; 1; 2; [63173//190125, 19137//21125, 164327//190125, -217142//190125, -152624//38025, -326228//63375, 1426067//190125, 532487//21125, 974474//21125, 3967636//38025, 1455109//12675, 5326871//38025, 8471744//38025, 5105478//21125, 62428057//190125, 28747246//63375, 123664922//190125, 31380163//38025, 174649204//190125, 121353833//190125, 6190728//21125, 4673834//190125, -25841494//38025, -2825228//38025, 6512527//12675, -8194792//12675, 118944866//190125, -28841158//63375, 59782249//190125, -19897334//190125, 51124//975, 18751042//190125, -11182436//190125, 19316071//190125, -13379378//190125, 635569//38025, -354434//12675, 123906//4225, -911224//38025, 352714//21125, -1621894//190125, 190978//63375, 386866//190125, -12123//4225, 71294//14625, -64319//21125, 540836//190125, -94486//63375]
12; 5; 2; 5; 6; 1; 1; 3; 1; 1; [7504209269//33470194875, -128251421//259458875, 1658160138//11156731625, -9666772502//11156731625, 213244498//171642025, -6875380244//11156731625, 8253826859//6694038975, -27909907009//11156731625, -2058620529//11156731625, 13109732498//6694038975, -344723659//446269265, 27230767474//6694038975, -16637203881//2231346325, -25448945828//11156731625, 221183675399//33470194875, 226388132461//33470194875, 748955075861//33470194875, -2336005173//51891775, 1396869316262//33470194875, -181353880549//2231346325, 1187574491609//11156731625, -1024821245296//11156731625, 517028556488//6694038975, -6538060136//89253853, 126698905508//2231346325, -1878612617//51891775, 186305794536//11156731625, -71721366338//33470194875, -203084262712//33470194875, 28989711131//2574630375, -27953690702//2231346325, 350276965411//33470194875, -4224653306//446269265, 87638457497//11156731625, -55774634918//11156731625, 6465392694//2231346325, -2678775982//1338807795, 7309063556//6694038975, -60451603//171642025, -133062838//858210125, 4669162059//11156731625, -15967596232//33470194875, 14996977448//33470194875, -785710857//2231346325, 7394822111//33470194875, -963224354//6694038975, 965018142//11156731625, -323321623//11156731625]
12; 5; 2; 5; 3; 1; 1; 7; 1; 1; [-7138096//1989975, -9239183//3316625, -35141813//9949875, -12597592//9949875, 6248498//9949875, -19600497//3316625, -46977819//3316625, -260319238//9949875, -60733516//1989975, -19360132//1989975, -5544129//663325, -43612094//1989975, -137487392//1989975, 7403561//132665, 226349693//3316625, 1851449108//9949875, 204160189//3316625, -172622081//3316625, -1203021//255125, 465576079//3316625, 7153832638//9949875, 2212350107//1989975, 114113711//153075, 100437161//663325, -1282240264//1989975, 530464101//663325, -1464036628//1989975, 1854860599//3316625, -1104790742//3316625, 506838487//3316625, -117416029//9949875, -246258494//3316625, 379414137//3316625, -736432571//9949875, 20708923//153075, -14533861//663325, 68997782//1989975, -70300921//1989975, 19038379//663325, -38363486//1989975, 33569994//3316625, -8474242//3316625, -20222329//9949875, 43969546//9949875, -16498694//3316625, 14633962//3316625, -623154//255125, 5357077//1989975]
12; 5; 2; 5; 10; 1; 1; 3; 1; 1; [4896442307//29007502225, 59020752656//145037511125, 3548623096//29007502225, 1139211201//11156731625, 303247326//11156731625, -187953948799//145037511125, 186059405347//145037511125, -279433984501//145037511125, -118607415458//145037511125, 52646599844//29007502225, -263290916673//29007502225, 5522548997//2231346325, 13187299887//29007502225, -161155558572//29007502225, -997204018346//145037511125, 10703520981//5801500445, -2503380340468//145037511125, 1666902327407//145037511125, 8490254439734//145037511125, -2301535055697//145037511125, 13973974475341//145037511125, -9109946238382//145037511125, -88617789706//29007502225, 3199744994172//29007502225, -4391730979319//29007502225, 4222127547267//29007502225, -3301471057266//29007502225, 10507906628812//145037511125, -1007654877202//29007502225, 752657801666//145037511125, 1808831966241//145037511125, -2518690139448//145037511125, 2909864003724//145037511125, -1855347584927//145037511125, 1283467521324//145037511125, -184781970489//29007502225, 15270230546//2231346325, -167840798306//29007502225, 2723955651//674593075, -64833735636//29007502225, 107077646387//145037511125, 7719502016//29007502225, -117950427739//145037511125, 10732937297//11156731625, -116752720648//145037511125, 89568186689//145037511125, -42821270502//145037511125, 14908845794//145037511125]
12; 5; 2; 5; 5; 1; 1; 4; 1; 1; [-3208272859//316621500, -1859865619//105540500, 128887363//52770250, 3230258281//316621500, -512769221//158310750, -33820013//105540500, 5532231433//105540500, 50584741//31662150, -4158717313//63324300, 2420683049//15831075, 818722004//5277025, -1398362947//10554050, -2739376969//31662150, 60246406037//158310750, 191946330487//316621500, -24519031161//105540500, -29497485261//52770250, -49893936913//316621500, -16428073788//26385125, -210970206943//105540500, 11935763882//15831075, 1571779823//974220, -1272986394//405925, 6274103432//15831075, 20262893387//15831075, -127336177543//63324300, 649043482837//316621500, -256793974207//158310750, 86561789924//79155375, -15738160534//26385125, 45184913131//316621500, 30382231567//316621500, -55334080811//158310750, 1692096012//5277025, -10973045159//63324300, 172539087//5277025, -2575525499//31662150, 1485119158//15831075, -437120301//5277025, 19123624777//316621500, -3653579713//105540500, 1074648154//79155375, 268805207//316621500, -1052301983//105540500, 1300272459//105540500, -1091917708//79155375, 104680599//10554050, -281577733//63324300]
12; 5; 2; 5; 12; 1; 1; 2; 1; 1; [18237//21125, 37143//21125, 5407//4225, -51888//21125, -77986//21125, -31102//21125, -113782//21125, 25671//21125, 25278//4225, -54202//4225, -10221//845, 32//13, 70614//4225, -177017//21125, -903233//21125, -135361//4225, 1474653//21125, 1910811//21125, 3344317//21125, 5564992//21125, -4135841//21125, -1341564//4225, 310493//4225, -64933//845, 10606//169, -176171//4225, 465524//21125, -175959//21125, -4748//845, 267119//21125, -139637//21125, 348531//21125, 110641//21125, -105788//21125, -13386//845, 13172//4225, -30//13, 231//169, -2289//4225, -626//21125, 6706//21125, -164//325, 10879//21125, -5832//21125, 7611//21125, 2506//21125, -3178//21125, -983//4225]
12; 5; 2; 5; 9; 1; 1; 2; 1; 1; [434484//3316625, 2351276//3316625, 5472822//3316625, 1575819//663325, 3121938//3316625, -1498511//3316625, -551912//3316625, -8311031//3316625, -24054668//3316625, -958128//132665, -2818356//663325, -6583034//663325, -10033108//663325, -43775934//3316625, -68042986//3316625, -118641617//3316625, -6223876//132665, -425283//3316625, 925898//21125, 247161232//3316625, 738345596//3316625, 1095344013//3316625, 4224630//26533, -46413636//663325, 2346756//663325, 22761207//663325, -170415647//3316625, 162768732//3316625, -137258896//3316625, 15854662//663325, -42995574//3316625, 15966338//3316625, 23153966//3316625, 11432363//3316625, 73169089//3316625, 165027//132665, 656446//663325, -1399576//663325, 1539318//663325, -6708217//3316625, 4685897//3316625, -2797816//3316625, 169219//663325, 209151//3316625, -734782//3316625, 1278811//3316625, -26874//255125, 1673114//3316625]
12; 5; 2; 5; 7; 1; 1; 4; 1; 1; [245142021//52770250, 378423711//105540500, -16249063//52770250, -575967133//52770250, -480579881//26385125, -671617337//52770250, 123656509//21108100, 1272266039//52770250, 2311892421//105540500, -28777181//5277025, -223737627//10554050, 398548257//21108100, 124706856//1055405, -2063142541//52770250, -4522778191//105540500, -9425971879//105540500, 5144957469//26385125, 13504454616//26385125, 13498307011//26385125, -1486547669//21108100, -60333978759//52770250, -188853210311//105540500, -6774198101//5277025, 50314159//5277025, 15442847567//21108100, -427546723//422162, 103835131549//105540500, -3148743743//4059250, 13065092857//26385125, -6153008428//26385125, 3615251241//52770250, 5329054281//52770250, -724301118//5277025, 4679294143//52770250, -20870907833//105540500, 115630226//5277025, -224903139//5277025, 488511619//10554050, -41414544//1055405, 2910861269//105540500, -1628867663//105540500, 275006959//52770250, 94190149//52770250, -128593157//26385125, 361645671//52770250, -123723777//21108100, 87892969//26385125, -435462583//105540500]
12; 5; 2; 5; 3; 1; 1; 12; 1; 1; [-2233267//9949875, 736708//765375, 10026551//9949875, -14492474//3316625, -59468854//9949875, 54892367//9949875, 70701244//3316625, 343910272//9949875, 120907718//3316625, 53518958//1989975, 7515204//663325, -10140471//663325, -45370103//1989975, 6180318//255125, 53860166//9949875, -346849666//9949875, -196889033//9949875, -1615160596//9949875, -5092929572//9949875, -9287613482//9949875, -12647681272//9949875, -2897719163//3316625, -154254262//1989975, 59617794//663325, -52221631//663325, 216451//3925, -312322604//9949875, 125473838//9949875, 1566677//9949875, -8020583//765375, 49020857//9949875, -344365616//9949875, -334299106//9949875, -626970026//9949875, -123266139//3316625, -2508986//663325, 1970746//663325, -1263204//663325, 583891//663325, -1263514//9949875, -3117722//9949875, 4937402//9949875, -5578334//9949875, 1026334//3316625, -7377416//9949875, -6331216//9949875, -11275786//9949875, -2574314//3316625]
12; 5; 2; 5; 11; 1; 1; 7; 1; 1; [1163742//3316625, 300116//255125, 7048242//3316625, 11114663//3316625, 16324922//3316625, 12039488//3316625, 4906611//3316625, -281172//3316625, -12796988//3316625, -170646//663325, -5057232//663325, 359163//51025, -11842673//663325, -81857977//3316625, -178489518//3316625, -238350122//3316625, -234505363//3316625, -271513817//3316625, 133663957//3316625, 287114039//3316625, 694946732//3316625, 613034378//3316625, 103195299//663325, 119984153//663325, -226199001//663325, 243208337//663325, -1034119421//3316625, 711208501//3316625, -408589841//3316625, 122566971//3316625, 34211829//3316625, -135743284//3316625, 182329187//3316625, -714231//19625, 10783788//255125, -8789264//663325, 848294//51025, -10170449//663325, 7674018//663325, -23736811//3316625, 10312756//3316625, -953766//3316625, -5239044//3316625, 7180734//3316625, -7226914//3316625, 469689//255125, -3260974//3316625, 2458029//3316625]
12; 5; 2; 5; 12; 1; 1; 10; 1; 1; [2820999//3316625, 14468509//3316625, 21027731//3316625, 31363581//3316625, 12587294//3316625, -8171271//3316625, -36261794//3316625, -29838522//3316625, -46680797//3316625, -348952//132665, -31387311//663325, -28802611//663325, -42283142//663325, -95420199//3316625, -27311443//255125, -349956316//3316625, -919881366//3316625, -22488634//3316625, 597338511//3316625, 2430112884//3316625, 2705274342//3316625, 2542796792//3316625, -5937469//132665, 183384879//663325, -240048371//663325, 221403753//663325, -857480267//3316625, 517025453//3316625, -258764158//3316625, -14893608//3316625, 102902633//3316625, -132440367//3316625, 270619017//3316625, -7158579//3316625, 201600546//3316625, -2041839//132665, 10587586//663325, -8796839//663325, 457599//51025, -1234849//255125, 4438183//3316625, 2407982//3316625, -7289718//3316625, 7414293//3316625, -6008517//3316625, 6786782//3316625, -428034//3316625, 248432//255125]
12; 5; 2; 5; 5; 1; 1; 3; 1; 1; [-137016655988//17404501335, -23319705151//145037511125, 3839427355133//435112533375, 227367617478//145037511125, -1113924162322//435112533375, 5654253220201//435112533375, 1214191323437//33470194875, -3812572317859//435112533375, -19158642917074//435112533375, 1264558233728//29007502225, -632997080746//87022506675, -1230229281441//29007502225, -111552678632//2231346325, 23860056608491//87022506675, -38882835492037//435112533375, -151764691278598//435112533375, -16164147742398//145037511125, 6452188626989//145037511125, -189340718585041//435112533375, -11513508520199//11156731625, 119589526457618//145037511125, 212373886951873//145037511125, 19953740124289//87022506675, 31487018207153//29007502225, -142512332467523//87022506675, 47354877581509//29007502225, -113274788937569//87022506675, 9667695206731//11156731625, -199441469081954//435112533375, 14838331997756//145037511125, 48007514031346//435112533375, -33658505957991//145037511125, 80235023854597//435112533375, -69398139665258//435112533375, 89077516670087//435112533375, -1942883497813//29007502225, 2201162907872//29007502225, -443265837449//6694038975, 4137299204563//87022506675, -2370028402081//87022506675, 1498637614168//145037511125, 179527576162//145037511125, -3596922987857//435112533375, 4552434906016//435112533375, -1459617787791//145037511125, 940717066634//145037511125, -1684865491528//435112533375, 1440576506567//435112533375]
12; 5; 2; 5; 9; 1; 1; 10; 1; 1; [-27564347//3316625, -44564474//3316625, -47912948//3316625, -561692//663325, 13346562//663325, 21467588//663325, 93031386//3316625, 19160416//3316625, 43204747//3316625, 33881144//663325, 78431763//663325, 367373//3925, -35374501//663325, 317948192//3316625, 671330204//3316625, 1203920033//3316625, 11320548//132665, -507025257//663325, -1053506796//663325, -6081310426//3316625, -1994215841//3316625, 2341937158//3316625, 916634774//663325, 6794948//663325, -533056583//663325, 738628529//663325, -3555393204//3316625, 2824985872//3316625, -1742537806//3316625, 175772294//663325, -54135286//663325, -105163112//663325, 212644622//3316625, -599591228//3316625, 40601108//255125, -16219649//663325, 2393454//51025, -33508882//663325, 28419921//663325, -99282834//3316625, 55842357//3316625, -17698436//3316625, -1183012//663325, 3447029//663325, -5559046//663325, 15797997//3316625, -1326866//255125, 11336709//3316625]
12; 5; 2; 5; 8; 1; 1; 7; 1; 1; [40848//132665, 2857472//3316625, 499989//132665, 214744//26533, 8745028//663325, 58509574//3316625, 68709089//3316625, 98793281//3316625, 113088382//3316625, 17171366//663325, 11387529//663325, 2722877//132665, 487974//132665, -6791752//132665, -21106444//255125, -125637063//663325, -208608381//663325, -312566102//663325, -1934448614//3316625, -1754879999//3316625, -156251262//255125, -2349500212//3316625, -310119034//663325, 104629964//663325, 1478623//26533, -22137638//132665, 26159174//132665, -607060876//3316625, 82161427//663325, -62060221//663325, 7674597//663325, -6626939//255125, -145062822//3316625, -2255373//3316625, -192912936//3316625, -572171//663325, -3927444//663325, 1160982//132665, -229386//26533, 910306//132665, -1176572//255125, 108026//51025, -522634//663325, -133622//132665, 2122403//3316625, -5566072//3316625, 1699372//3316625, -4409586//3316625]
12; 5; 2; 5; 12; 1; 1; 8; 1; 1; [-62754968//3316625, -13260376//3316625, -87058334//3316625, -148081404//3316625, 49248148//3316625, -28632069//663325, 30561509//663325, 381395333//3316625, -3910383//663325, 171184816//663325, 70587384//663325, 23008321//663325, 280406557//663325, 1893832413//3316625, 19703896//3316625, 3199837714//3316625, 1047848819//3316625, -2918447928//3316625, 506421433//663325, -198168079//51025, -9868124933//3316625, -1037015158//663325, -5533284089//663325, 2461389909//663325, -185630489//663325, -1156223448//663325, 8721902814//3316625, -8565138047//3316625, 6993078127//3316625, -4461882253//3316625, 2136284386//3316625, -6279193//51025, -47060071//132665, 677646236//3316625, -289672402//663325, -45290286//663325, -32247004//663325, 71146319//663325, -79501782//663325, 347264214//3316625, -247135357//3316625, 144299812//3316625, -3971551//255125, -11951119//3316625, 9153763//663325, -13178554//663325, 42259096//3316625, -342096//26533]
12; 5; 2; 5; 7; 1; 1; 3; 1; 1; [15707659523//11156731625, 4887514589//5801500445, 8414308672//145037511125, -521064795124//145037511125, -846813635516//145037511125, -581630528888//145037511125, 2519085202//11156731625, 906228872639//145037511125, 575738263606//145037511125, -248877998//89253853, -150732624987//29007502225, 143209533977//29007502225, 1037562587064//29007502225, -1453522618044//145037511125, -103401091//674593075, -2962190930327//145037511125, 11325118007984//145037511125, 25988795256911//145037511125, 23569003069988//145037511125, 5248143473414//145037511125, -45525384294734//145037511125, -67202619589341//145037511125, -1871536215412//5801500445, -1277245908702//29007502225, 167385185749//674593075, -9174133181646//29007502225, 42905875084513//145037511125, -38744112772//171642025, 20250091715944//145037511125, -8705967393748//145037511125, 2108659283548//145037511125, 5132663622029//145037511125, -5931919234718//145037511125, 4121098102643//145037511125, -8025048198683//145037511125, 47568549279//5801500445, -395241919148//29007502225, 409151597428//29007502225, -336134793114//29007502225, 1144816901633//145037511125, -9363934394//2231346325, 174845599294//145037511125, 117469812802//145037511125, -230049554237//145037511125, 306916133219//145037511125, -246176167728//145037511125, 141702239788//145037511125, -161950269118//145037511125]
12; 5; 2; 5; 11; 1; 1; 12; 1; 1; [-13531884//3316625, 9148801//3316625, 2733191//663325, 830283//663325, 1961054//255125, 6632826//663325, -46208424//3316625, -81101023//3316625, -326519//663325, -10948602//663325, -24228786//663325, 15190367//663325, 386273//663325, 290359659//3316625, -638492891//3316625, -57965023//663325, -15466049//663325, -753622132//3316625, 50054711//663325, 2903273764//3316625, 1982913973//3316625, -9362662//132665, 537659883//663325, 342597009//663325, -787792293//663325, 892388763//663325, -3876651603//3316625, 2767040727//3316625, -65057342//132665, 4856953//26533, 57022679//3316625, -93912851//663325, 744509657//3316625, -479789116//3316625, 84477368//663325, -29404308//663325, 39714426//663325, -37946057//663325, 174528//3925, -93773733//3316625, 44026702//3316625, -1475416//663325, -3215168//663325, 25666929//3316625, -215431//26533, 24788897//3316625, -13438226//3316625, 1560956//663325]
12; 5; 2; 5; 4; 1; 1; 9; 1; 1; [15379931//9949875, 48225854//9949875, 82345249//9949875, 95165527//9949875, 997414//663325, -28305431//3316625, -72886573//3316625, -313202554//9949875, -216042412//9949875, -8755856//663325, 642228//663325, -14975984//663325, -28761121//663325, -1046549081//9949875, -1558849984//9949875, -1584499844//9949875, -327760267//9949875, 642237208//1989975, 1779756061//3316625, 2579743193//3316625, 6368587859//9949875, 235482349//765375, 70610589//663325, -33001217//153075, 468526738//1989975, -406400303//1989975, 1373348702//9949875, -869615237//9949875, 209595188//9949875, 59233819//9949875, -24155576//1989975, 567420509//9949875, 54453587//9949875, 510027737//9949875, 1502507//3316625, 21146363//1989975, -6593598//663325, 15065507//1989975, -3167714//663325, 20545972//9949875, -93498//255125, -3533914//3316625, 13864714//9949875, -2296741//1989975, 16044719//9949875, -79076//765375, 9365522//9949875, 545327//3316625]
12; 5; 2; 5; 5; 1; 2; 9; 1; 1; [3517958//9949875, -1472461//663325, 2257561//1989975, -4861484//1989975, -4397656//3316625, 63801379//9949875, -3826279//9949875, 71088776//9949875, -4518596//3316625, -16958054//1989975, 1151962//51025, -55987486//1989975, 4246409//397995, 92871869//3316625, 5482823//79599, -593919//10205, 151228172//1989975, -742427852//9949875, -662406783//3316625, 47076333//3316625, -2382513701//9949875, 1356582791//3316625, -34636349//1989975, -427690819//663325, 1796860094//1989975, -116315598//132665, 6876033026//9949875, -881079599//1989975, 426440618//1989975, -15148124//397995, -238359142//3316625, 1093507273//9949875, -412326341//3316625, 926665267//9949875, -175507687//3316625, 1927551//51025, -81852608//1989975, 69699931//1989975, -3268056//132665, 137293606//9949875, -3122471//663325, -2881354//1989975, 3163383//663325, -4413317//765375, 16566731//3316625, -38112593//9949875, 7021604//3316625, -2105397//3316625]
12; 5; 2; 5; 9; 1; 1; 8; 1; 1; [902167//663325, 11607054//3316625, 16009763//3316625, 13750866//3316625, -1774926//3316625, -1314109//255125, -4883973//663325, -33845742//3316625, -25623119//3316625, -10629458//663325, -17911884//663325, -18873147//663325, -18764621//663325, -28491427//663325, -213041624//3316625, -280885843//3316625, -238345441//3316625, 150261646//3316625, 915408917//3316625, 348795371//663325, 2052598972//3316625, 808873794//3316625, -83183//663325, -1649249//663325, 73113//663325, -126707//51025, -724531//663325, -11271177//3316625, -12158784//3316625, -10679003//3316625, 6291203//3316625, 42113486//3316625, 15683117//663325, 93430041//3316625, 36390052//3316625, 32498//663325, -54466//663325, 13937//663325, -34884//663325, -15641//663325, -187832//3316625, -258164//3316625, -176283//3316625, 100293//3316625, 804946//3316625, 294891//663325, 1761466//3316625, 689422//3316625]
12; 5; 2; 5; 8; 1; 1; 12; 1; 1; [4859683//3316625, 23197726//3316625, 32218137//3316625, 36587692//3316625, 20563428//3316625, 308062//255125, -31691989//3316625, -149019447//3316625, -255815262//3316625, -2703252//51025, -10690323//663325, -40251031//663325, -12121931//132665, -107689748//3316625, -610746946//3316625, -930833677//3316625, -541618267//3316625, 1264800292//3316625, 2415547734//3316625, 2992986619//3316625, 5979799582//3316625, 8580271452//3316625, 939872304//663325, -297800648//663325, -136769361//663325, 71358824//132665, -161742358//255125, 141043644//255125, -1401654661//3316625, 777306589//3316625, -263826679//3316625, 88390017//3316625, 351088642//3316625, -15309689//3316625, 660160536//3316625, 704396//663325, 13042188//663325, -18535254//663325, 3598221//132665, -71310914//3316625, 3516989//255125, -23481066//3316625, 4099354//3316625, 7932516//3316625, -10079293//3316625, 15390652//3316625, -5613124//3316625, 14732966//3316625]
12; 5; 2; 5; 2; 1; 1; 11; 1; 1; [3676633//3316625, 25280939//9949875, 10489084//9949875, 203467//663325, 3490352//9949875, 6499956//3316625, -2931806//9949875, -102640171//9949875, -7181912//765375, -13130206//1989975, -1385602//132665, -3020126//153075, -657342//132665, -308010374//9949875, -226327293//3316625, -487990469//9949875, 22236528//663325, 78455971//765375, 437981042//9949875, 152747172//3316625, 3175644161//9949875, 3305174446//9949875, 399788984//1989975, -41771398//397995, 53661862//1989975, 8702912//397995, -479312792//9949875, 162016016//3316625, -467630032//9949875, 66393592//1989975, -10302932//765375, 28416672//3316625, 34722908//9949875, 86584933//9949875, 221085338//9949875, 5030081//1989975, 424//2041, -3558122//1989975, 61632//26533, -1699624//765375, 5402886//3316625, -3663494//3316625, 1035647//1989975, 233299//9949875, -1586144//9949875, 1158231//3316625, -417392//9949875, 5372638//9949875]
12; 5; 2; 5; 3; 1; 1; 6; 1; 1; [10705064//255125, 29886076//765375, 42124633//765375, 45963043//765375, -58257148//765375, -1638163//58875, -27032661//255125, -159987212//765375, -4966974//255125, -14048132//30615, -24526523//51025, -32438134//153075, -23848349//51025, -761652137//765375, -395738836//765375, -1370402818//765375, -438512978//765375, 853712806//255125, 1863213769//765375, 6538600193//765375, 1672906119//255125, -294158503//765375, 277927357//30615, -549287969//153075, -18063658//51025, 386802448//153075, -860744702//255125, 792619969//255125, -1900608824//765375, 378315582//255125, -415687646//765375, 50059934//255125, 171287533//255125, -714637//4875, 330677651//765375, 1436944//30615, 4192988//51025, -7247447//51025, 7556664//51025, -31667342//255125, 4948244//58875, -35938144//765375, 3406692//255125, 197511//19625, -4066076//255125, 21479894//765375, -9714464//765375, 9914711//765375]
12; 5; 2; 5; 6; 1; 1; 11; 1; 1; [-4331//255125, 6101968//9949875, -11059871//9949875, 178768//9949875, 15948346//9949875, -973399//9949875, 1615326//3316625, 7603394//3316625, -55040677//9949875, -7116268//1989975, 4208603//663325, -2566511//1989975, -20052599//1989975, 61558979//9949875, -87310046//3316625, 60079187//3316625, 165107212//9949875, -121346527//3316625, -350223191//9949875, 397014212//9949875, -527627062//9949875, 811247557//9949875, 357352217//1989975, 37424069//1989975, -86281857//663325, 336004181//1989975, -1578914033//9949875, 400130587//3316625, -752177492//9949875, 356524886//9949875, -58365703//9949875, -160577473//9949875, 242697491//9949875, -251101861//9949875, 73641407//3316625, -8422487//1989975, 4794042//663325, -5005763//663325, 4143928//663325, -42552703//9949875, 7544887//3316625, -2253764//3316625, -3555389//9949875, 2941154//3316625, -10803223//9949875, 3193782//3316625, -7151486//9949875, 4606496//9949875]
12; 5; 2; 5; 3; 1; 1; 5; 1; 2; [189841//190125, 0, -74474//190125, -54727//190125, -109454//190125, 171022//190125, 329266//190125, 511174//190125, 210992//63375, 0, 54727//38025, -12778//38025, 218908//38025, -4116196//190125, 109454//12675, -458456//190125, 3338347//190125, 4487614//190125, -1102358//21125, -4311452//63375, -14844584//190125, -12116426//190125, -437816//7605, -4049798//38025, 6882532//38025, -7169237//38025, 29539942//190125, -4049798//38025, 1206968//21125, -1039813//63375, -1587083//190125, 3929324//190125, -5610518//190125, 287896//14625, -3746708//190125, 54727//7605, -109454//12675, 295898//38025, -218908//38025, 654422//190125, -54727//38025, -1558//190125, 54727//63375, -218908//190125, 206314//190125, -179168//190125, 95398//190125, -62438//190125]
12; 5; 2; 5; 2; 1; 1; 5; 1; 1; [-14171//190125, 6113//190125, -497//63375, -90431//570375, -259334//570375, -53038//114075, -140119//114075, -35482//21125, -3781//3375, -257216//114075, -42661//38025, 605264//114075, 362818//38025, 10832218//570375, 1342709//63375, 12103093//570375, 1015024//63375, 14742764//570375, -1750028//114075, -44969//12675, -23047976//570375, -1590892//43875, -7611746//114075, 299656//4225, -6771896//114075, 4763969//114075, -12414541//570375, 1576786//190125, 2248979//570375, -1456964//190125, 6306377//570375, -1085207//114075, 720232//114075, -359392//63375, -44048//570375, -336794//114075, 252458//114075, -153814//114075, 67996//114075, -7061//570375, -161827//570375, 86068//190125, -235507//570375, 205612//570375, -5339//22815, 4049//38025, -10976//190125, -35483//570375]
12; 5; 2; 5; 10; 1; 1; 11; 1; 1; [12730066//3316625, 21766891//3316625, 15675303//3316625, 1270413//663325, 2586158//663325, 17278617//3316625, -173894//19625, -98651759//3316625, -89506069//3316625, -11696254//663325, -1085484//26533, -41261867//663325, -15947039//663325, -353997756//3316625, -631260001//3316625, -37849156//255125, 47975357//663325, 134290231//663325, 405570208//3316625, 1348740046//3316625, 3613991129//3316625, 3865644229//3316625, 232530356//663325, -42979932//132665, 158702533//663325, -99014649//663325, 198377382//3316625, -40164238//3316625, -130815449//3316625, 33567791//663325, -381554//10205, 141001889//3316625, -19098502//3316625, 203628667//3316625, 166540437//3316625, 8301954//663325, -1118686//132665, 2852102//663325, -381//325, -3395268//3316625, 5961727//3316625, -7628414//3316625, 1282211//663325, -767443//663325, 2848579//3316625, 18991//255125, 2889722//3316625, 315799//255125]
12; 5; 2; 5; 11; 1; 1; 6; 1; 1; [-63687777//3316625, 12490147//3316625, -8626013//255125, -61306318//3316625, 71238754//3316625, -10844687//3316625, 280938706//3316625, 175198384//3316625, 149061291//3316625, 20546198//132665, -64579842//663325, 110085719//663325, 126593854//663325, 1721714247//3316625, -325213497//3316625, 3507906539//3316625, -1779002502//3316625, -3490764904//3316625, -196675151//255125, -837641152//255125, -1066847434//3316625, -6378084276//3316625, -218136901//132665, 3547132713//663325, -4275379601//663325, 3872047359//663325, -14265987389//3316625, 8624305699//3316625, -3475617078//3316625, -63599076//3316625, 1929040768//3316625, -3016109229//3316625, 2311162507//3316625, -2248356147//3316625, 1128897162//3316625, -7470102//26533, 186092142//663325, -149201249//663325, 98770341//663325, -248232619//3316625, 59070289//3316625, 65810352//3316625, -122965171//3316625, 128735173//3316625, -114071819//3316625, 69159492//3316625, -44610542//3316625, 9494202//3316625]
12; 5; 2; 5; 6; 1; 1; 5; 1; 1; [5699//14625, 31619//38025, 75107//38025, 554462//190125, 850622//190125, 74158//12675, 1453256//190125, 1573366//190125, 1695619//190125, 310712//38025, 137999//38025, 1228//4225, -356656//38025, -5075132//190125, -1889833//38025, -2779076//38025, -1994963//21125, -20286337//190125, -864104//7605, -21853016//190125, -17996371//190125, -4622273//63375, -753016//12675, 903634//38025, 77692//38025, -644156//38025, 1298203//63375, -287782//12675, 94421//7605, -2696701//190125, -48341//190125, -218558//38025, -2644//375, -267508//190125, -91379//14625, -11927//38025, -20114//38025, 35108//38025, -12388//12675, 49663//63375, -22678//38025, 2996//12675, -32876//190125, -26071//190125, 58//2925, -44468//190125, 7322//190125, -28447//190125]
12; 5; 2; 5; 11; 1; 1; 5; 1; 2; [164//4875, -8152//12675, 10051//12675, -484//2535, 89158//63375, 58687//12675, -37259//63375, 50631//21125, 694972//63375, 21656//4225, 27227//12675, 143092//12675, 60134//12675, -614767//63375, 207022//12675, -125344//2535, -152242//12675, -2646503//63375, -744467//4225, -43769//1625, 793357//63375, -13749197//63375, -1178087//12675, 17629//975, 376622//12675, -642256//12675, 3363509//63375, -14241//325, 119966//4225, -216662//12675, 205216//63375, -13892//2535, -485903//63375, 509506//63375, -347417//21125, 7552//12675, -25462//12675, 31063//12675, -9333//4225, 34623//21125, -12449//12675, 4826//12675, -223//12675, -5728//21125, 2278//12675, -7261//21125, 1282//4875, -22111//63375]
12; 5; 2; 5; 10; 1; 1; 5; 1; 1; [-57121//63375, -7571//12675, -52521//21125, -28737//21125, -56696//21125, -38083//12675, -23789//63375, -3794//975, 398342//63375, 35848//2535, 165548//12675, 499649//12675, 76309//2535, 5895101//63375, 1121381//12675, 10059743//63375, 10943866//63375, 3810481//21125, 2933747//12675, 9228709//63375, 257414//975, 8479538//63375, -297497//2535, 2721643//12675, -955887//4225, 488779//2535, -8144027//63375, 971323//12675, -344722//21125, -37894//21125, 742303//21125, -269702//12675, 2213257//63375, -37293//4225, 1165394//63375, -26228//2535, 120272//12675, -89699//12675, 284//65, -38169//21125, 2098//12675, 70114//63375, -79162//63375, 96614//63375, -2254//2535, 52837//63375, -1594//12675, 3983//21125]
12; 5; 2; 5; 3; 1; 1; 4; 1; 1; [-15623137//4871100, 7413499//12177750, 23283787//1873500, 71236337//2435550, 94777693//2435550, 368057081//12177750, -220227457//24355500, -184934393//4871100, -272700477//8118500, -2639024//243555, 3109127//324740, -450306//6245, -12253271//48711, -244785964//1217775, -609959699//2029625, -2508708634//6088875, -565837239//811850, -415551023//405925, -5513501288//6088875, 4282616017//24355500, 6306759751//4871100, 4102296863//2029625, 766327907//487110, -64926307//243555, -266598643//487110, 174794803//194844, -386173071//405925, 1550070448//2029625, -13347579353//24355500, 304585072//1217775, -209694301//1623700, -548258584//6088875, 1508587583//12177750, -357474883//4871100, 840886933//4059250, -11817569//974220, 1359187//37470, -10532921//243555, 1251305//32474, -23344471//811850, 34153068//2029625, -90278249//12177750, -598847//811850, 4166018//1217775, -26961711//4059250, 70409003//12177750, -7999697//2435550, 110529203//24355500]
12; 5; 2; 5; 8; 1; 1; 6; 1; 1; [-2034446//663325, -19017182//3316625, 13436764//3316625, 45968436//3316625, 13732864//3316625, -1553908//3316625, 111384894//3316625, 211679362//3316625, 178041962//3316625, 33635928//663325, 56691264//663325, 62697023//663325, 1841946//663325, 26646843//663325, 602364242//3316625, -422274479//3316625, -1760949046//3316625, -1252258629//3316625, -570115357//3316625, -2792486334//3316625, -6043030372//3316625, -6590311587//3316625, -590563647//663325, 278027799//663325, -34816987//663325, -107729184//663325, 34475394//132665, -844919809//3316625, 691796173//3316625, -557860198//3316625, 192514948//3316625, -93367476//3316625, -177764367//3316625, -163803431//3316625, -421407421//3316625, -5568468//663325, -2600304//663325, 6972157//663325, -8041791//663325, 7144206//663325, -25443269//3316625, 14910958//3316625, -7581283//3316625, -1522792//3316625, 3669644//3316625, -7880832//3316625, 26204//3316625, -9635381//3316625]
12; 5; 2; 5; 5; 1; 1; 11; 1; 1; [1059393209//9949875, 431446838//3316625, 218957346//3316625, -89558912//1989975, 92947278//3316625, 10324771//132665, -205031396//765375, -5731388831//9949875, -3681044602//9949875, -371364458//1989975, -561139266//663325, -17241742//12675, 203380252//397995, -8001744903//3316625, -39118776454//9949875, -23578227193//9949875, 609576954//132665, 53398251506//9949875, 356567971//153075, 30338034836//3316625, 66390611572//3316625, 150335954947//9949875, -14024544773//1989975, -15528407743//1989975, 29410683736//1989975, -6376319848//397995, 134241257753//9949875, -32162564959//3316625, 51516258191//9949875, -1050122612//663325, -1145057544//3316625, 3900714568//1989975, -18034790231//9949875, 28997405608//9949875, -7978064639//9949875, 1142457253//1989975, -1444510772//1989975, 1332577379//1989975, -201964457//397995, 3102037283//9949875, -1423367542//9949875, 91477586//9949875, 46106001//663325, -922926557//9949875, 196418452//1989975, -692523386//9949875, 678230818//9949875, -127695569//9949875]
12; 5; 2; 5; 8; 1; 1; 5; 1; 2; [-1148374//190125, 0, 1898966//190125, 13771//190125, 27542//190125, 500336//190125, -1771126//190125, -5090686//190125, -3028616//63375, 0, -13771//38025, -2771798//38025, -55084//38025, 50221384//190125, -27542//12675, -43438726//190125, -840031//190125, -1129222//190125, 8927936//21125, 54796202//63375, 253947866//190125, 322289738//190125, 110168//7605, 1019054//38025, -1857838//38025, 1804001//38025, -5203948//190125, 1019054//38025, -523082//21125, 261649//63375, 399359//190125, 2535922//190125, 8710688//190125, 799586//14625, 15409874//190125, -13771//7605, 27542//12675, -76832//38025, 55084//38025, -122648//190125, 13771//38025, -36848//190125, -13771//63375, 55084//190125, 14522//190125, 182708//190125, 189788//190125, 288584//190125]
12; 5; 2; 5; 12; 1; 1; 9; 1; 1; [-270879//255125, -1657938//3316625, -8315531//3316625, -9817917//3316625, 140302//3316625, -3104804//3316625, 18438731//3316625, 29068831//3316625, 17683516//3316625, 416986//26533, 2624157//663325, 5175769//663325, 12209854//663325, 107389882//3316625, 59017888//3316625, 274424091//3316625, 91381437//3316625, -181862842//3316625, -225023206//3316625, -1108132231//3316625, -892841541//3316625, -711368796//3316625, -3350608//10205, 169541512//663325, -107653311//663325, 51582649//663325, -35235929//3316625, -89952396//3316625, 164002083//3316625, -151960969//3316625, 9226638//255125, -97051403//3316625, -4338198//3316625, -53539783//3316625, -40761758//3316625, -1198922//132665, 3291098//663325, -1064054//663325, -419664//663325, 6172121//3316625, -7121381//3316625, 6635968//3316625, -4622099//3316625, 2637114//3316625, -1329563//3316625, -992778//3316625, -38918//3316625, -1584428//3316625]
12; 5; 2; 5; 4; 1; 1; 7; 1; 1; [-15824579//9949875, -580431//255125, -41343439//9949875, -46856137//9949875, -48760916//9949875, -70924538//9949875, -96952192//9949875, -20196392//1989975, -55538909//9949875, 2303352//663325, 6001188//663325, 11094238//1989975, 8491247//397995, 54201073//765375, 381411663//3316625, 662117293//3316625, 672881739//3316625, 603013947//3316625, 503281711//3316625, 2019184012//9949875, 114412274//397995, 3393398779//9949875, 21767597//663325, 23340829//1989975, -22809574//663325, 1297004//30615, -112795666//3316625, 325471927//9949875, -73908148//9949875, 12274877//765375, 27612951//3316625, 9237608//3316625, 147474931//9949875, 15171469//1989975, 195750617//9949875, -2442106//1989975, 3621236//1989975, -3562583//1989975, 192616//132665, -2927306//3316625, 5689537//9949875, 207014//3316625, 159892//3316625, 3896008//9949875, -1239376//9949875, 3868126//9949875, 190168//1989975, 3726172//9949875]
12; 5; 2; 5; 5; 1; 2; 7; 1; 1; [1863756//663325, 36199//79599, 2306119//1989975, -731113//9949875, 113398//765375, -40512659//9949875, -8331997//9949875, -29903839//9949875, -126470477//9949875, -4182512//1989975, 304718//132665, -20051841//663325, -822884//51025, -23159021//397995, 11585603//397995, -48817738//1989975, 240536203//9949875, 312265262//3316625, 592404533//3316625, -632209193//9949875, 2074921169//9949875, 1567094489//3316625, -350665487//1989975, -160474279//397995, 1312270877//1989975, -1356513731//1989975, 1107741499//1989975, -150372737//397995, 396354524//1989975, -186112977//3316625, -108830269//3316625, 307323454//3316625, -75360953//765375, 307500864//3316625, -382059269//9949875, 52733297//1989975, -4149266//132665, 4271051//153075, -13616103//663325, 24161153//1989975, -656241//132665, -428798//1989975, 31609204//9949875, -41567297//9949875, 41955902//9949875, -31937849//9949875, 7258034//3316625, -5448764//9949875]
12; 5; 2; 5; 9; 1; 1; 9; 1; 1; [1773277//663325, 14278089//3316625, 19742218//3316625, 12295559//3316625, -11489576//3316625, -40008122//3316625, -56268352//3316625, -49485689//3316625, -7031876//663325, -1129226//132665, -9845922//663325, -2402286//132665, -5376101//663325, -65553909//663325, -395639329//3316625, -425917018//3316625, 145337486//3316625, 1140432871//3316625, 1996145967//3316625, 2008540042//3316625, 1034278469//3316625, -116047566//663325, -51802691//132665, -42449547//663325, 639638//2041, -264498426//663325, 241960127//663325, -946675277//3316625, 3288399//19625, -250497802//3316625, 73732978//3316625, 209143921//3316625, -86187619//3316625, 223378042//3316625, -33547574//663325, 1394931//132665, -11369368//663325, 2334069//132665, -9583644//663325, 6426991//663325, -17416842//3316625, 4464216//3316625, 3353938//3316625, -6303582//3316625, 9908391//3316625, -5416989//3316625, 6001052//3316625, -137471//132665]
12; 5; 2; 5; 2; 1; 1; 2; 1; 1; [-1096162//3316625, 923557//3316625, 4817759//9949875, 10484536//9949875, 17918638//9949875, 420061//132665, 5621537//9949875, -19231609//9949875, -6254277//3316625, -7596652//1989975, -89004//26533, -3172121//1989975, -897089//1989975, 14640317//3316625, -220623961//9949875, -74202758//3316625, -128883647//3316625, -156074721//3316625, -242829//4225, 185067101//3316625, 805126849//9949875, 276223852//3316625, 168533363//1989975, -1613447//132665, -65111821//1989975, 34603677//663325, -528485872//9949875, 423125617//9949875, -301860662//9949875, 45014319//3316625, -63076829//9949875, -3771068//663325, 30619973//3316625, -38136388//9949875, 34046266//3316625, -527731//663325, 836962//397995, -4890499//1989975, 1444948//663325, -15792422//9949875, 3048664//3316625, -3924902//9949875, -578813//9949875, 2112206//9949875, -254992//663325, 3633904//9949875, -1751498//9949875, 750526//3316625]
12; 5; 2; 5; 7; 1; 1; 11; 1; 1; [-6062818//663325, -8300064//663325, -40014249//3316625, 19903614//3316625, 91970746//3316625, 122443307//3316625, 72283407//3316625, -23034057//3316625, -17983062//3316625, 5503154//132665, 63647001//663325, 46498157//663325, -81073689//663325, 66049612//663325, 102976418//663325, 82981778//255125, -435678604//3316625, -3080144211//3316625, -5475769892//3316625, -4776446897//3316625, 23018174//255125, 5373913602//3316625, 249065324//132665, 125783696//663325, -890509983//663325, 1161129401//663325, -1091785132//663325, 844422416//663325, -2587194393//3316625, 91751046//255125, -288021283//3316625, -746659141//3316625, 560237304//3316625, -772438839//3316625, 67764672//255125, -5788924//132665, 316622//4225, -51905062//663325, 43033929//663325, -5894458//132665, 15952408//663325, -23191678//3316625, -13037942//3316625, 28910067//3316625, -41008231//3316625, 27913849//3316625, -22955914//3316625, 18155866//3316625]
12; 5; 2; 5; 11; 1; 1; 4; 1; 1; [-265297589//105540500, -563739803//105540500, -267462349//26385125, -1169667461//105540500, -169421232//26385125, 385225817//105540500, 1528525683//105540500, 1132660643//52770250, 1140177149//52770250, 26538983//2110810, 286845027//21108100, 763792687//21108100, 249626083//5277025, 4037492766//26385125, 23825008703//105540500, 15938858693//52770250, 4839860894//26385125, -11241182907//105540500, -1824544847//4059250, -69539632913//105540500, -30015926633//52770250, -12394063489//52770250, 547452809//2110810, 47552511//405925, -6543878843//21108100, 1931809443//5277025, -16680706519//52770250, 12994937287//52770250, -3313860273//26385125, 1692744632//26385125, -66445893//52770250, -3045206583//52770250, 1045057303//52770250, -3845154809//52770250, 1356535393//52770250, -9536805//844324, 84730162//5277025, -164896331//10554050, 65453082//5277025, -416880359//52770250, 436439089//105540500, -14198673//26385125, -108642297//105540500, 212643999//105540500, -68885404//26385125, 34256744//26385125, -46729122//26385125, 26218603//52770250]
12; 5; 2; 5; 3; 1; 1; 3; 1; 1; [-111095811//259458875, 23577329606//33470194875, 157438848038//33470194875, 98903198588//11156731625, 32436873964//2574630375, 355579577017//33470194875, -24060962671//33470194875, -231365608516//33470194875, -203229029408//33470194875, -1421163412//2231346325, 27690240624//2231346325, -104285618267//6694038975, -121870835108//2231346325, -613172767652//11156731625, -957351362822//11156731625, -4419850955428//33470194875, -6443649127949//33470194875, -3255160914259//11156731625, -2205894958334//11156731625, 1277637818117//11156731625, 11838401820496//33470194875, 6628554905316//11156731625, 887817901058//2231346325, -463904451626//2231346325, 381121592003//6694038975, 86482556362//2231346325, -3114814405723//33470194875, 3266810453942//33470194875, -3144237692944//33470194875, 1812291656803//33470194875, -1647603802076//33470194875, 146476268929//33470194875, 84931983366//11156731625, 54864042586//11156731625, 1368452118304//33470194875, 11416061432//2231346325, 722526356//2231346325, -22881860188//6694038975, 10012102758//2231346325, -145537276403//33470194875, 108808189007//33470194875, -74262307204//33470194875, 27490540828//33470194875, -13128094621//33470194875, -6071471037//11156731625, 23427440143//33470194875, -10508101372//33470194875, 33841202114//33470194875]
12; 5; 2; 5; 6; 1; 1; 2; 1; 1; [696194//1989975, -6029864//3316625, -77081//255125, -1364332//9949875, -7483564//3316625, -279219//255125, 9108877//3316625, 5117998//3316625, 2130627//3316625, 26396684//1989975, 7623121//663325, -670712//79599, 30185047//1989975, -2127647//663325, 628137512//9949875, -62324137//3316625, -13165731//3316625, 14427143//255125, -1505999//21125, -1375080571//9949875, -209987783//3316625, -1538505671//9949875, -841791841//1989975, -70989109//663325, 52341732//132665, -320906796//663325, 878497901//1989975, -3257426219//9949875, 663527284//3316625, -287379123//3316625, 18720157//3316625, 141679286//3316625, -713195513//9949875, 202468281//3316625, -572423213//9949875, 9079832//663325, -41841148//1989975, 8430613//397995, -873408//51025, 4543397//397995, -19275833//3316625, 4898154//3316625, 13287041//9949875, -8863988//3316625, 9717576//3316625, -26664863//9949875, 5827336//3316625, -3822646//3316625]
12; 5; 2; 5; 5; 1; 1; 5; 1; 1; [-54013//190125, -14749//190125, -4526//7605, -17084//63375, -24854//63375, -662//1625, 1333//4225, -189431//190125, 94904//190125, 24272//38025, -52483//38025, 81607//38025, -164584//38025, 1301453//190125, -995671//190125, 69037//12675, -12731//63375, -193961//14625, 94699//190125, -299341//7605, -399044//190125, -2684089//190125, -604111//12675, 771859//12675, -165641//2925, 1633766//38025, -560284//21125, 250533//21125, -35119//38025, -1028879//190125, 159749//21125, -119096//14625, 182021//38025, -846052//190125, 299983//190125, -102697//38025, 84478//38025, -57337//38025, 10093//12675, -14282//63375, -9431//63375, 12884//38025, -72079//190125, 4672//14625, -15056//63375, 304//2925, -3424//63375, -413//21125]
12; 5; 2; 5; 2; 1; 1; 10; 1; 1; [-597326//1989975, 7427//26533, -5732669//3316625, -107072//663325, -11776304//3316625, 22211438//9949875, -18872977//9949875, 64697552//9949875, 585773//765375, 12149174//1989975, -932479//663325, -335711//153075, -1165686//663325, 9143054//663325, -3317893//1989975, 229423434//3316625, 22146798//663325, 27054078//255125, -155005506//3316625, -50958263//9949875, -1446814097//9949875, -1219901074//9949875, -102985126//1989975, -143120084//663325, 654358087//1989975, -219130556//663325, 177111433//663325, -352616018//1989975, 310900867//3316625, -14004698//663325, -4203016//255125, 402875141//9949875, -466461124//9949875, 331043564//9949875, -335005742//9949875, 8914077//663325, -2343296//153075, 26657198//1989975, -6412394//663325, 286633//51025, -1427464//663325, -722368//3316625, 220336//132665, -6663458//3316625, 6368137//3316625, -4973003//3316625, 8039344//9949875, -5250737//9949875]
12; 5; 2; 5; 4; 1; 1; 12; 1; 1; [510578//1989975, -3698237//3316625, -5207708//1989975, -46030142//9949875, -49794314//9949875, -4444663//3316625, 33800408//9949875, 62713661//9949875, 47700167//3316625, 10282944//663325, -128384//26533, -594170//79599, 15905014//1989975, 23017979//1989975, 440077661//9949875, 1345079//26533, 359057059//3316625, -281726191//9949875, -777345947//3316625, -1134368036//3316625, -3359034286//9949875, -4284339041//9949875, -341476631//663325, 47571431//397995, 10600168//79599, -505585391//1989975, 182646326//663325, -2296954687//9949875, 328721521//1989975, -850293229//9949875, 97112369//3316625, -4523743//9949875, -470658289//9949875, 75820454//3316625, -536147873//9949875, 4198433//1989975, -3922342//397995, 988519//79599, -7614983//663325, 5772668//663325, -53035832//9949875, 1611724//663325, -945739//9949875, -3813646//3316625, 14607887//9949875, -19387879//9949875, 3438794//3316625, -950296//765375]
12; 5; 2; 5; 5; 1; 2; 12; 1; 1; [31627066//9949875, -783128//397995, -21536711//9949875, 94574707//9949875, 56727764//9949875, -184080697//9949875, -84133766//9949875, 158743622//9949875, -155812369//9949875, -5564848//153075, 12692854//663325, 54753538//1989975, -5107017//663325, -497724022//3316625, 188337404//1989975, 265621172//3316625, -2634090682//9949875, -114576603//3316625, 5888355082//9949875, 2479757836//9949875, -1381416227//9949875, 914341743//3316625, -491012914//1989975, -323571046//663325, 544136486//663325, -564427492//663325, 6920033872//9949875, -314672262//663325, 2574266543//9949875, -868724806//9949875, -451767832//9949875, 100460947//765375, -1073415652//9949875, 976041344//9949875, -625613413//9949875, 21648158//663325, -25836724//663325, 69685682//1989975, -17142223//663325, 152537492//9949875, -12586399//1989975, -369712//9949875, 12071603//3316625, -52957337//9949875, 55626751//9949875, -37364537//9949875, 24117244//9949875, -9765263//9949875]
12; 5; 2; 5; 7; 1; 1; 5; 1; 1; [-25556//190125, 44789//38025, 63472//63375, 176818//63375, 48502//12675, 1483289//190125, 317849//38025, 6182//507, 16983//1625, 198292//38025, 56171//7605, 154562//12675, 709681//38025, 3782276//190125, -53123//2535, -7320401//190125, -25257019//190125, -2573336//12675, -86491334//190125, -20619977//38025, -26997448//38025, -8354302//14625, -11756438//38025, 1067944//7605, -524194//38025, -2306249//38025, 5982056//63375, -3601438//38025, 14034112//190125, -3562549//63375, 41672//2535, -1708969//63375, -233096//7605, -254116//12675, -2479726//63375, -102542//38025, -12322//7605, 145694//38025, -164701//38025, 726008//190125, -104881//38025, 295552//190125, -137012//190125, -9676//38025, 1607//21125, -13433//12675, -1912//38025, -19267//21125]
12; 5; 2; 5; 10; 1; 1; 2; 1; 1; [1713091//3316625, 1842576//3316625, 28582//51025, 439613//3316625, 1819512//3316625, 2585534//3316625, -7479454//3316625, -6438399//3316625, -7499814//3316625, -3497072//663325, -1587939//663325, -3752413//663325, -1843007//663325, -57002156//3316625, -4324712//255125, -468267//51025, 42468752//3316625, 240297//19625, 273768//21125, 280478904//3316625, 255152734//3316625, 413163109//3316625, 80478838//663325, -67236014//663325, 46019097//663325, -25048022//663325, 36174757//3316625, 1250874//255125, -9987098//663325, 58242736//3316625, -47964841//3316625, 38207713//3316625, -8592568//3316625, 20004977//3316625, 19396207//3316625, 2480312//663325, -1503616//663325, 635208//663325, -13353//663325, -1820743//3316625, 2440192//3316625, -488598//663325, 1938491//3316625, -1196311//3316625, 3767//19625, 123527//3316625, 30552//3316625, 680162//3316625]
12; 5; 2; 5; 8; 1; 1; 4; 1; 1; [-24062747//21108100, -390145859//105540500, -134014917//21108100, -134539217//21108100, -113108763//26385125, 10818647//52770250, 1038736711//105540500, 1810291983//105540500, 470699793//26385125, 212110901//10554050, 126047397//4221620, 930641473//21108100, 57041809//844324, 2796517927//21108100, 21939393559//105540500, 5637123533//21108100, 4538970337//21108100, 6997953777//105540500, -8842033729//105540500, -25602966361//105540500, -7689667417//26385125, -10089949837//105540500, 2154493177//21108100, 5788813//324740, -1679324577//21108100, 22466465//211081, -1895577719//21108100, 8661281147//105540500, -346968689//10554050, 630006321//21108100, 33960154//26385125, -106224099//8118500, 23284049//8118500, -1426111887//52770250, 709123409//105540500, -57295337//21108100, 4717871//1055405, -95651313//21108100, 1606047//422162, -51129619//21108100, 159705717//105540500, -314829//2110810, -364776//5277025, 16522894//26385125, -75279237//105540500, 18501241//52770250, -17141536//26385125, 15605779//105540500]
12; 5; 2; 5; 11; 1; 1; 3; 1; 1; [-79729464767//145037511125, -265988561504//145037511125, -584980979603//145037511125, -664660523932//145037511125, -465331919146//145037511125, 20244458363//29007502225, 137789547553//29007502225, 1310856152238//145037511125, 1037657966841//145037511125, 4441475084//2231346325, 9651781014//5801500445, 247678309316//29007502225, 294481520641//29007502225, 5697134653497//145037511125, 12053371946314//145037511125, 17521339681208//145037511125, 10385553515017//145037511125, -4498983044229//145037511125, -5281880645871//29007502225, -8215161705089//29007502225, -41841720904863//145037511125, -13063821228236//145037511125, 2963525917847//29007502225, 164920181511//5801500445, -2847106667134//29007502225, 3494194981551//29007502225, -15545727665209//145037511125, 12325964401167//145037511125, -6342376159296//145037511125, 270296821807//11156731625, -272927339257//145037511125, -573269848492//29007502225, 19712359051//5801500445, -321997451483//11156731625, 1211309130502//145037511125, -99654333537//29007502225, 30303594122//5801500445, -151668720821//29007502225, 122625860634//29007502225, -401524233059//145037511125, 217792201942//145037511125, -36384225666//145037511125, -40463490969//145037511125, 94355344348//145037511125, -25970822736//29007502225, 262797004//674593075, -100305271394//145037511125, 24993642462//145037511125]
12; 5; 2; 5; 2; 1; 1; 8; 1; 1; [710357//9949875, -680698//1989975, 2335373//9949875, 7108154//9949875, -1690064//9949875, -6564//3316625, 8261582//9949875, -8048711//3316625, 3160888//765375, -633238//132665, -61227//26533, -2749//51025, 478111//663325, 2211831//3316625, 7711746//663325, 59294002//9949875, -70633699//9949875, 26651468//765375, -104341051//3316625, 147358028//9949875, -38165329//3316625, -377390183//3316625, 2968945//26533, -1903839//26533, 22632613//663325, -3725994//663325, -119001881//9949875, 40621079//1989975, -67351928//3316625, 165435473//9949875, -7612886//765375, 15561172//3316625, -11038721//9949875, -5327052//3316625, -26046107//9949875, 290157//132665, -1480//2041, -179753//663325, 527844//663325, -721957//765375, 1702049//1989975, -2048308//3316625, 3634993//9949875, -1224413//9949875, -102628//3316625, 1064549//9949875, -457892//3316625, 254933//9949875]
12; 5; 2; 5; 6; 1; 1; 10; 1; 1; [3493777//9949875, 13886903//9949875, 24455584//9949875, 1634926//663325, 18888202//9949875, -4336266//3316625, -10094074//3316625, -50979857//9949875, -56923786//9949875, -16944046//1989975, -8770516//663325, -7874694//663325, -2691128//663325, -1792607//9949875, -241534333//9949875, -668735669//9949875, -134883571//1989975, -198519637//9949875, 113423761//765375, 959082084//3316625, 1133658844//3316625, 2354373611//9949875, 1401923//153075, 20513197//1989975, -14053204//663325, 43936411//1989975, -187536446//9949875, 120014671//9949875, -102845257//9949875, -411759//663325, -224417//3316625, 41075404//9949875, 161092931//9949875, 126393106//9949875, 9780451//765375, -1607764//1989975, 1981598//1989975, -1870423//1989975, 463913//663325, -4313896//9949875, 568172//3316625, -238244//3316625, -297761//1989975, 391978//3316625, -25082//3316625, 3523906//9949875, 56494//255125, 788331//3316625]
12; 5; 2; 5; 6; 1; 1; 8; 1; 1; [144563//1989975, 263738//1989975, 2516077//9949875, -1255311//3316625, -562664//9949875, 35393//9949875, -7353626//3316625, -3627809//9949875, -12641359//1989975, -42268//397995, -1531419//132665, 5515931//1989975, -18068471//1989975, -7557722//1989975, 303434//132665, -13715729//3316625, 527232073//9949875, -114618536//9949875, 590775832//9949875, 235973586//3316625, -360446096//9949875, 76294772//397995, -68578948//397995, 123233992//397995, -218468573//663325, 548778374//1989975, -380732753//1989975, 69284988//663325, -335267501//9949875, -117302971//9949875, 383933312//9949875, -430151569//9949875, 438882304//9949875, -314365183//9949875, 17532196//663325, -5961682//397995, 1813688//132665, -20389186//1989975, 4139487//663325, -1076657//397995, 76626//663325, 4670378//3316625, -6552837//3316625, 19593832//9949875, -15089209//9949875, 10765634//9949875, -5323528//9949875, 13729//51025]
12; 5; 2; 5; 10; 1; 1; 10; 1; 1; [-208087//132665, -4178274//3316625, -9803279//3316625, -72359//3316625, 5801566//3316625, 194243//51025, 20768992//3316625, -5705821//3316625, 6607957//3316625, 6527552//663325, 4196886//663325, 15290664//663325, 1544856//663325, 17911223//663325, 21471284//3316625, 222416839//3316625, -86613341//3316625, -196487501//3316625, -136729221//663325, -74645234//255125, -74911804//3316625, -494877207//3316625, 93232577//663325, 158819221//663325, -272957226//663325, 286927321//663325, -237545437//663325, 818581877//3316625, -430137808//3316625, 130958397//3316625, 59935287//3316625, -40926684//663325, 156556039//3316625, -180242682//3316625, 106066669//3316625, -10833187//663325, 13103514//663325, -11834779//663325, 8802159//663325, -5292863//663325, 11221552//3316625, 87492//3316625, -6437058//3316625, 8703902//3316625, -367024//132665, 5917154//3316625, -4417602//3316625, 1689334//3316625]
12; 5; 2; 5; 10; 1; 1; 8; 1; 1; [-36799926//3316625, 70547//663325, -43408618//3316625, -57679937//3316625, 9351148//663325, -85300522//3316625, 85703716//3316625, 158350667//3316625, -116892//19625, 7062386//51025, 18773814//663325, 6783519//663325, 24613891//132665, 975506671//3316625, -104659//2041, 1751288183//3316625, -107397133//3316625, -28847633//51025, 1448070967//3316625, -499786262//255125, -2795594407//3316625, -2183220237//3316625, -2729385367//663325, 1569573709//663325, -584843791//663325, -18999868//132665, 2439581903//3316625, -606602629//663325, 2878087809//3316625, -2123914349//3316625, 48982321//132665, -517313079//3316625, -247378043//3316625, 146747774//3316625, -504910551//3316625, -43002613//663325, 6449076//663325, 16113731//663325, -5187588//132665, 134397043//3316625, -21899918//663325, 75381094//3316625, -38909024//3316625, 1850722//663325, 8747091//3316625, -22250893//3316625, 16376744//3316625, -18158341//3316625]
12; 5; 2; 5; 5; 1; 1; 2; 1; 1; [-296210614//9949875, -86151082//3316625, -106491952//3316625, -731667782//9949875, -418680718//9949875, 188873993//3316625, 205810316//3316625, 667671676//9949875, 2608707808//9949875, 578654594//1989975, 12211142//132665, 238318996//663325, 184265897//397995, 10513844359//9949875, 3141623176//9949875, 2653671532//3316625, 5601438549//3316625, -547065814//765375, -11448639273//3316625, -10813832346//3316625, -57407866751//9949875, -100153438168//9949875, -2155561107//663325, 1775627953//397995, -8480859292//1989975, 102783712//30615, -20778459068//9949875, 10301275873//9949875, -1365183337//9949875, -915598793//3316625, 5539863619//9949875, -7635924122//9949875, 272804777//765375, -2005600761//3316625, -2720057824//9949875, -133466653//663325, 13545494//79599, -235348643//1989975, 1746798//26533, -207632888//9949875, -25138494//3316625, 240763888//9949875, -264270199//9949875, 81326653//3316625, -71268104//3316625, 82545116//9949875, -31540196//3316625, -86496269//9949875]
12; 5; 2; 5; 8; 1; 1; 3; 1; 1; [-111574451708//145037511125, -268968857577//145037511125, -371315352634//145037511125, -9896869319//3372965375, -11314255444//3372965375, -233964106596//145037511125, 211551240412//145037511125, 2099548872//446269265, 142360409504//29007502225, 125220391922//29007502225, 13822227561//2231346325, 341832362471//29007502225, 15893420938//1160300089, 5866611859323//145037511125, 10752166231757//145037511125, 12400886983239//145037511125, 8280992771117//145037511125, 4051845482067//145037511125, -7222665226359//145037511125, -15973489860992//145037511125, -5955887420001//29007502225, -4167269667032//29007502225, -955925843233//29007502225, 1219044996063//29007502225, -25653252493//674593075, 34555858086//1160300089, -2343914486096//145037511125, 1645250397721//145037511125, 473709143827//145037511125, -174653847139//145037511125, 997255266161//145037511125, -1133477572437//145037511125, -6048666427//11156731625, -354819915161//29007502225, -29227089744//5801500445, -4100201169//2231346325, 43827979452//29007502225, -29177199011//29007502225, 631541637//1160300089, -1261849072//11156731625, -6009770604//145037511125, 44085109462//145037511125, -30459909954//145037511125, 36030275896//145037511125, -29435528547//145037511125, -308837726//145037511125, -6079778264//29007502225, -3740621489//29007502225]
12; 5; 2; 5; 7; 1; 1; 2; 1; 1; [754248//3316625, 950093//3316625, 2995801//3316625, 2491702//3316625, 65966//132665, -168698//3316625, -8627083//3316625, -2012559//3316625, -8913298//3316625, -517966//132665, -539298//663325, -5124113//663325, -565352//663325, -35542438//3316625, -3999083//3316625, -18993031//3316625, -63727752//3316625, 10151646//663325, 629674//21125, 356272183//3316625, 329687099//3316625, 318899183//3316625, 3817828//26533, -62170708//663325, 30341107//663325, -6277387//663325, -47086799//3316625, 80948766//3316625, -86813113//3316625, 69029134//3316625, -9478164//663325, 31525729//3316625, 7537014//3316625, 857199//255125, 24695419//3316625, 385574//132665, -684342//663325, -178062//663325, 49014//51025, -303193//255125, 3561556//3316625, -2682308//3316625, 1567374//3316625, -130946//663325, 109229//3316625, 675404//3316625, -246598//3316625, 788564//3316625]
12; 5; 2; 5; 5; 1; 1; 10; 1; 1; [36846962//9949875, 13741606//1989975, 3618177//663325, -432333//26533, -170281052//3316625, -34448932//765375, 375894356//9949875, 493608268//9949875, 1402226//3316625, 11644408//1989975, -69353383//1989975, -16566952//663325, 177486163//663325, 1725870368//9949875, 65429684//1989975, -810760694//1989975, 32938933//1989975, 4382942222//3316625, 5635447232//3316625, -4774305386//9949875, -12342352118//9949875, -34057503398//9949875, -7356380432//1989975, 562469542//1989975, 3486643934//1989975, -395084662//153075, 25679242834//9949875, -4091456488//1989975, 2660308699//1989975, -451978329//663325, 2164833383//9949875, 2534747858//9949875, -3576972428//9949875, 3067189906//9949875, -1537812798//3316625, 32102269//663325, -212498102//1989975, 79415152//663325, -206184169//1989975, 740451664//9949875, -28210661//663325, 6153256//397995, 1880339//663325, -118952432//9949875, 178460678//9949875, -3990332//255125, 104060516//9949875, -99808544//9949875]
12; 5; 2; 5; 4; 1; 1; 6; 1; 1; [307826//51025, 1979027//255125, 5087566//765375, 8992702//765375, -14603912//765375, -22518337//765375, -489937//11775, -56466218//765375, -12152774//765375, -6651674//153075, -3657018//51025, 1183349//153075, -4251606//51025, -11436856//51025, -30124687//255125, -45080396//765375, 133314668//765375, 306187734//255125, 5301466//4875, 90121589//51025, 1327885658//765375, -466811866//765375, 147839476//153075, 11610622//51025, -134898041//153075, 55266184//51025, -51199983//51025, 188552524//255125, -349638008//765375, 156544004//765375, 35008111//765375, -40538579//765375, 11564288//51025, -49756916//765375, 21997334//255125, -1552127//51025, 7203784//153075, -7287764//153075, 1964856//51025, -1325043//51025, 3366234//255125, -2674928//765375, -714932//255125, 5443016//765375, -4428419//765375, 1113652//153075, -1991056//765375, 1369652//765375]
12; 5; 2; 5; 5; 1; 2; 6; 1; 1; [242114//10205, -2840624//255125, 8321509//765375, 347116//255125, -11255618//765375, 32011126//765375, -40606772//765375, -15501397//765375, -841387//58875, -10101498//51025, 4870456//51025, -13226933//153075, -4241281//51025, -27289469//51025, 80925974//255125, -489515569//765375, 205594509//255125, 147855316//255125, -186115637//255125, 543636014//255125, -353328698//765375, 1823037686//765375, 162544877//51025, -321803389//51025, 351111549//51025, -299720851//51025, 48362446//11775, -586375633//255125, 197678056//255125, 67943347//255125, -580753226//765375, 704644132//765375, -196034743//255125, 476931506//765375, -215636972//765375, 15822538//51025, -14735946//51025, 33649463//153075, -537148//3925, 9379952//153075, -1478388//255125, -549388//19625, 10771967//255125, -31446271//765375, 8378874//255125, -15598534//765375, 642862//58875, -566552//765375]
12; 5; 2; 5; 5; 1; 1; 8; 1; 1; [-58832809//663325, -724261457//9949875, -227254272//3316625, -2157975791//9949875, 242884344//3316625, 28967623//3316625, 238740284//1989975, 308371903//663325, 75239488//1989975, 137367804//132665, 46233017//51025, -185336719//1989975, 205725879//132665, 1896395921//663325, 2867338269//3316625, 25898600456//9949875, 35003279306//9949875, -62420895902//9949875, -1931951413//765375, -9435638424//663325, -30604921028//1989975, -1335622221//663325, -12038098219//397995, 11349671953//1989975, 6464430337//663325, -2218184913//132665, 35263722952//1989975, -144991722469//9949875, 100872349993//9949875, -17353873494//3316625, 13576195499//9949875, 2433169441//3316625, -368271329//132665, 1169224028//663325, -4496816539//1989975, 1248529//6123, -440802936//663325, 532913243//663325, -57714100//79599, 71881884//132665, -3228096634//9949875, 462128406//3316625, 6477606//3316625, -276975757//3316625, 1061583253//9949875, -77945838//663325, 138413822//1989975, -109591849//1989975]
12; 5; 2; 5; 7; 1; 1; 10; 1; 1; [-16777286//3316625, -4597428//663325, -18572353//3316625, 7900817//3316625, 9420162//663325, 64946156//3316625, 36316828//3316625, -11405036//3316625, -1998894//663325, 11106154//663325, 24845724//663325, 19405174//663325, -43426132//663325, 236949216//3316625, 13154494//132665, 536461438//3316625, -179181807//3316625, -67645349//132665, -2937137646//3316625, -2229099648//3316625, 6704246//3316625, 110215008//132665, 616453744//663325, 106291284//663325, -502434436//663325, 633994563//663325, -2931570432//3316625, 448636516//663325, -1352976141//3316625, 605336799//3316625, -25284699//663325, -420370513//3316625, 325782306//3316625, -423877352//3316625, 92885298//663325, -16905204//663325, 27390486//663325, -28064224//663325, 22958502//663325, -77496462//3316625, 8223762//663325, -10976646//3316625, -8030281//3316625, 3220757//663325, -22239513//3316625, 15227981//3316625, -12263242//3316625, 1879146//663325]
12; 5; 2; 5; 12; 1; 1; 7; 1; 1; [986633//3316625, 1501//255125, 355429//255125, 1890251//663325, 12018436//3316625, 23973198//3316625, 28141829//3316625, 24732089//3316625, 11153872//663325, -2412682//663325, 10378704//663325, -1687394//663325, -1803442//663325, -70715898//3316625, -80935633//3316625, -289083997//3316625, -64705627//663325, -413617016//3316625, -870223638//3316625, -625219119//3316625, -939283094//3316625, -7242452//26533, 180112748//663325, -216040626//663325, 15008742//51025, -144670782//663325, 431260196//3316625, -185536024//3316625, -13516311//3316625, 18305981//663325, -165563318//3316625, 102225876//3316625, -139274172//3316625, 28797133//3316625, -15094624//663325, 9402357//663325, -7520964//663325, 4965434//663325, -2507568//663325, 2871136//3316625, 3147226//3316625, -6403506//3316625, 1276363//663325, -5999538//3316625, 3208716//3316625, -2730062//3316625, -57852//3316625, -106378//663325]
12; 5; 2; 5; 9; 1; 1; 7; 1; 1; [9487902//3316625, 13046621//3316625, 6890103//3316625, -1612432//3316625, -2351198//663325, -13809461//3316625, -1622299//3316625, -11306481//3316625, -59981848//3316625, -10915126//663325, -5564454//663325, -12587936//663325, 174827//51025, -238864657//3316625, -299908771//3316625, -75590758//3316625, 147299622//3316625, 92721484//663325, 1039976481//3316625, 1090579829//3316625, 322176251//3316625, 404112668//3316625, 12636719//663325, -128491579//663325, 169401074//663325, -160818739//663325, 609962929//3316625, -406081693//3316625, 179626296//3316625, -18929504//3316625, -1993473//132665, 160090733//3316625, -65936353//3316625, 108705418//3316625, -44983046//3316625, 7203916//663325, -7620026//663325, 488217//51025, -4380426//663325, 11682179//3316625, -3993623//3316625, -137818//255125, 4687351//3316625, -983647//663325, 5599423//3316625, -2507093//3316625, 2301258//3316625, -461671//3316625]
12; 5; 2; 5; 4; 1; 1; 5; 1; 2; [218377//570375, 197//845, 59777//570375, 257788//570375, 517252//570375, -976181//570375, 529144//570375, -181//21125, -844466//570375, -106304//114075, 489121//114075, -662369//114075, 433132//114075, -7398007//570375, -483359//38025, -2771557//570375, 981169//190125, -15241892//570375, 45819931//570375, 8558332//190125, 23771987//570375, 59051626//570375, 20143441//114075, -1118813//8775, 8443051//114075, -3255878//114075, -2255921//570375, 2368273//114075, -15864196//570375, 1651349//63375, -11949656//570375, 9115073//570375, -2048287//570375, 1434896//570375, 1347646//190125, 491809//114075, -26194//12675, 40849//114075, 80153//114075, -679021//570375, 138752//114075, -581096//570375, 397511//570375, -224011//570375, 101953//570375, 6382//63375, -2422//21125, 423//1625]
12; 5; 2; 5; 5; 1; 2; 5; 1; 2; [-11686//63375, -4796//38025, 38959//190125, -43534//190125, 16558//63375, 209659//190125, 165119//190125, 120577//63375, 120218//38025, 28144//12675, 83971//38025, 12281//2925, 22624//38025, 297826//63375, 134362//38025, -2553289//190125, -1413046//190125, -153638//14625, -8529424//190125, -8724319//190125, -5537771//190125, -3213206//38025, -820198//38025, 1329776//38025, -1350587//38025, 123496//4225, -3706216//190125, 44336//4225, -16943//4875, -449858//190125, 58501//14625, -11461//1625, 144116//63375, -843113//190125, -77822//38025, -62432//38025, 1426//975, -13496//12675, 24026//38025, -47516//190125, -151//12675, 29788//190125, -43828//190125, 38758//190125, -12859//63375, 4126//63375, -14038//190125, -2476//38025]
12; 5; 2; 5; 7; 1; 1; 8; 1; 1; [3761428//3316625, 7785478//3316625, 2200719//663325, 9881536//3316625, -350054//3316625, -5570934//3316625, -2266536//663325, -12938184//3316625, -2285212//663325, -92592//10205, -11341074//663325, -12819823//663325, -7575701//663325, -87692323//3316625, -150423488//3316625, -50972886//663325, -224804611//3316625, 163714179//3316625, 443182359//3316625, 173847962//663325, 852135134//3316625, 70504234//663325, 1021263//26533, -13434229//663325, 2327837//663325, 3132809//663325, -36482319//3316625, 28106291//3316625, -8210174//663325, 10373787//3316625, -3937468//3316625, 23854822//3316625, 626673//51025, 34527647//3316625, 4166508//663325, 58379//132665, 48254//663325, -263707//663325, 309936//663325, -1531869//3316625, 970296//3316625, -35762//132665, 105707//3316625, 708//19625, 233392//3316625, 191042//663325, 517642//3316625, 93819//663325]
12; 5; 2; 5; 3; 1; 1; 11; 1; 1; [128860028//9949875, 75280879//3316625, 288927472//9949875, 12603761//3316625, -325919144//9949875, -494714861//9949875, -323726261//9949875, 16605229//9949875, 3812852//9949875, -117368432//1989975, -99521489//663325, -90602758//663325, 239258714//1989975, -584071346//3316625, -288912269//765375, -7850059147//9949875, -440225661//3316625, 12795591769//9949875, 25891756456//9949875, 24895842221//9949875, 4928735216//9949875, -20551066907//9949875, -5577127802//1989975, -76810634//663325, 3523530106//1989975, -1586641452//663325, 7563055172//3316625, -17850448756//9949875, 3635783208//3316625, -1797136513//3316625, 1422959377//9949875, 1033821736//3316625, -2032418402//9949875, 267678601//765375, -1201879307//3316625, 36759544//663325, -201687328//1989975, 71543378//663325, -60128348//663325, 208377132//3316625, -115562657//3316625, 35025438//3316625, 14501957//3316625, -38598101//3316625, 171710398//9949875, -37434539//3316625, 102319928//9949875, -75857096//9949875]
12; 5; 2; 5; 12; 1; 1; 12; 1; 1; [-199139//255125, 4979601//3316625, 191782//663325, 5024711//3316625, 14617494//3316625, 523058//255125, -82047//19625, -16503011//3316625, -20107832//3316625, -12581116//663325, -1667646//132665, 6640122//663325, -7560447//663325, 46287152//3316625, -160404591//3316625, 18090584//663325, -181893191//3316625, -250979784//3316625, 383319136//3316625, 874216133//3316625, 971051851//3316625, 1218473577//3316625, 428959064//663325, 374570//26533, -262614628//663325, 27546671//51025, -1716581999//3316625, 1332154652//3316625, -34113004//132665, 400698107//3316625, -80110592//3316625, -124938967//3316625, 21274418//255125, -201547347//3316625, 257641801//3316625, -8114789//663325, 3016554//132665, -16186082//663325, 13654617//663325, -47543029//3316625, 26094752//3316625, -1724002//663325, -3343513//3316625, 711586//255125, -10930267//3316625, 10840269//3316625, -6611622//3316625, 5484996//3316625]
12; 5; 2; 5; 9; 1; 1; 12; 1; 1; [770843//663325, -6032404//3316625, -13454704//3316625, -13598581//3316625, -1000854//663325, -522144//3316625, 179359//663325, 1875834//663325, 1238829//132665, 10528766//663325, 5293146//663325, 1558276//663325, 4138939//132665, -10182896//663325, 224433894//3316625, 340472539//3316625, 468056591//3316625, 10544044//663325, -608200386//3316625, -139135003//663325, -95536988//663325, -204146452//663325, -355133434//663325, -41414734//663325, 264255686//663325, -68148059//132665, 319310413//663325, -1212012278//3316625, 779568992//3316625, -327312267//3316625, 8265797//663325, 9301594//255125, -51943236//663325, 41638784//663325, -46406842//663325, 8668054//663325, -14599066//663325, 15197274//663325, -2509353//132665, 8567339//663325, -22711913//3316625, 7109992//3316625, 4256943//3316625, -1851138//663325, 10121752//3316625, -1985888//663325, 1268262//663325, -959743//663325]
12; 5; 2; 5; 2; 1; 1; 9; 1; 1; [1007352//3316625, 288508//397995, 39677//63375, -194453//9949875, -19333534//9949875, -29318806//9949875, -2800597//1989975, 14011493//9949875, 400108//58875, 4385796//663325, 4354932//663325, -1361072//153075, -5038924//397995, -376726226//9949875, -64950994//1989975, -75432153//3316625, 340345948//9949875, 22800461//255125, 1471406026//9949875, 29066207//397995, 378866012//9949875, -371155409//3316625, -10852834//663325, -205716284//1989975, 101388758//663325, -12147281//79599, 1192384507//9949875, -162249004//1989975, 390528143//9949875, -25695702//3316625, -4949366//765375, 88428031//3316625, -12091972//663325, 198585911//9949875, -177340991//9949875, 12568277//1989975, -1082282//153075, 12193396//1989975, -583478//132665, 1898909//765375, -1912211//1989975, -619504//3316625, 2662473//3316625, -2977501//3316625, 3403511//3316625, -1230007//1989975, 4500686//9949875, -2807126//9949875]
12; 5; 2; 5; 4; 1; 1; 4; 1; 1; [-7105463//12177750, 1641429//8118500, 64764127//24355500, 9517673//1623700, 5422709//1217775, -23718293//24355500, -87064577//6088875, -200360131//8118500, -120600256//6088875, -5907267//405925, -2444213//324740, -117164033//4871100, -13956677//194844, -446048683//8118500, -1798316227//24355500, -1486066217//24355500, -320199749//4871100, -173392823//4871100, 273114511//8118500, 170914054//468375, 4987757721//8118500, 3824672986//6088875, 57491749//124900, -17115509//324740, -955923383//4871100, 24147024//81185, -572474909//1873500, 5888681239//24355500, -2024414803//12177750, 394880323//4871100, -1124659//48711, -427383041//24355500, 1349824739//24355500, -181680143//12177750, 132172626//2029625, -2055263//405925, 198749//16237, -68429677//4871100, 994822//81185, -218124637//24355500, 10399032//2029625, -25107343//12177750, -347288//1217775, 1769801//1217775, -15371027//8118500, 25722377//12177750, -5184484//6088875, 34061017//24355500]
12; 5; 2; 5; 5; 1; 2; 4; 1; 1; [2589391//1217775, 23205391//6088875, 31951744//6088875, 35036866//6088875, 17198494//6088875, -56109491//12177750, -30139567//8118500, -143729741//24355500, -56238149//1873500, -38916782//1217775, -21073901//1623700, -67496057//1623700, -3421388//81185, -378829393//4871100, -537529436//6088875, -803800964//6088875, -2843899499//24355500, 1279538677//12177750, 8472440777//24355500, 2126357557//8118500, 4499223437//8118500, 29590585957//24355500, 2177536897//4871100, -2103684833//4871100, 1631656199//4871100, -4083481//18735, 121871381//1217775, -41251409//1873500, -1003340413//24355500, 437833451//8118500, -230636863//4059250, 1622979701//24355500, -556322197//24355500, 265612562//6088875, 1207042691//24355500, 20867117//1217775, -14606068//1217775, 32116361//4871100, -733119//324740, -1021772//1217775, 55639973//24355500, -5952109//2029625, 19765401//8118500, -14475581//8118500, 34553971//24355500, -2948341//12177750, 2844547//6088875, 16042643//12177750]
12; 5; 2; 5; 11; 1; 1; 11; 1; 1; [-2346//26533, -4576054//3316625, -561448//132665, -18092989//3316625, -3058556//663325, -9276011//3316625, 3163441//663325, 37050734//3316625, 15808934//3316625, -1217208//663325, -2430288//663325, -86719//26533, 10501238//663325, 24738528//663325, 24137098//255125, 92534109//663325, 237811819//3316625, -15738701//663325, -337474474//3316625, -185630131//663325, -68073428//255125, -114561714//3316625, 16676142//663325, -46083018//663325, 63731//785, -47543802//663325, 36293213//663325, -89915198//3316625, 970028//51025, 12976867//3316625, -6201974//663325, 21495203//3316625, -1184876//51025, -13041952//3316625, -22398802//3316625, 2373798//663325, -2326812//663325, 367712//132665, -1189848//663325, 612637//663325, -347143//3316625, -93994//663325, 1759527//3316625, -13749//26533, 1096703//3316625, -350178//663325, -234212//3316625, -266012//3316625]
12; 5; 2; 5; 3; 1; 1; 5; 1; 1; [-79622//570375, -18476//63375, -12934//21125, -145798//190125, -752702//570375, -808594//570375, -731579//570375, -1484269//570375, -82336//114075, -35696//22815, -476//675, 59438//22815, 580282//114075, 2853614//190125, 1446976//63375, 20563028//570375, 19337714//570375, 25826962//570375, 8281828//190125, 319497//21125, 30883174//570375, -296632//22815, 5396//7605, -3550544//114075, 974774//22815, -4645088//114075, 6207407//190125, -11099428//570375, 241902//21125, -30326//190125, -741899//570375, 4336042//570375, -2943478//570375, 4154807//570375, -442688//114075, 349//195, -73312//38025, 7444//4563, -129202//114075, 365791//570375, -8366//43875, -8192//190125, 144502//570375, -130684//570375, 158482//570375, -31321//190125, 87092//570375, -6296//114075]
12; 5; 2; 5; 6; 1; 1; 9; 1; 1; [-16478663//9949875, -528311//153075, -1611086//397995, -33994166//9949875, 6406116//3316625, 80966359//9949875, 24434318//1989975, 127239026//9949875, 24673787//3316625, 4449398//663325, 6115002//663325, 34346122//1989975, 24916084//1989975, 47716606//765375, 6110339//79599, 26078072//663325, -191421683//3316625, -2125002938//9949875, -3804127334//9949875, -639049906//1989975, -1423405831//9949875, 1243257554//9949875, 118698688//663325, 34429006//1989975, -83801106//663325, 25533418//153075, -1528079756//9949875, 245856376//1989975, -48868048//663325, 24619451//765375, -139472974//9949875, -313435297//9949875, 15125858//1989975, -288011788//9949875, 237572402//9949875, -8177929//1989975, 4702988//663325, -14732702//1989975, 4093682//663325, -41500696//9949875, 1551014//663325, -1314436//1989975, -4053202//9949875, 2377472//3316625, -4523939//3316625, 1273114//1989975, -7826308//9949875, 4924217//9949875]
12; 5; 2; 5; 10; 1; 1; 9; 1; 1; [1245493//3316625, 4827298//3316625, -256311//663325, 3130854//3316625, 12491106//3316625, 2085026//3316625, -3398337//3316625, 3905402//3316625, 22311//132665, -1791138//663325, -239010//26533, 1373914//663325, 1437673//132665, -51938573//3316625, -137214748//3316625, 12326742//663325, -135944399//3316625, -251710136//3316625, 182928379//3316625, 286442607//3316625, 382051733//3316625, 84376091//663325, -20175183//663325, 9887411//132665, -57109736//663325, 10127369//132665, -184730074//3316625, 100274991//3316625, -7756936//663325, -10419777//3316625, 18629747//3316625, -30851778//3316625, 49723841//3316625, -10872431//3316625, 7354751//663325, -2534182//663325, 488198//132665, -1915709//663325, 49614//26533, -3025004//3316625, 427001//3316625, 205942//663325, -1785307//3316625, 1528827//3316625, -1290168//3316625, 1234711//3316625, -205286//3316625, 104194//663325]
12; 5; 2; 5; 4; 1; 1; 3; 1; 1; [2163972503//11156731625, 1065345527//2231346325, 23794388386//11156731625, 4594610684//1338807795, 101121633718//33470194875, 59300464507//33470194875, -14589168338//2574630375, -8528137178//1338807795, -256797947747//33470194875, -18403412392//6694038975, -1044481773//446269265, -40274967944//6694038975, -165702419837//6694038975, -1087232531914//33470194875, -232878068939//6694038975, -614495372001//11156731625, -51293802089//1338807795, -1123417028138//33470194875, 293591523336//11156731625, 6621062251394//33470194875, 1401230635877//6694038975, 8177216416367//33470194875, 686202659648//6694038975, -20649648794//1338807795, -258771881594//6694038975, 407883900143//6694038975, -2179536342902//33470194875, 112759063528//2231346325, -1261933958434//33470194875, 22435977569//1338807795, -224107482514//33470194875, -79954332166//33470194875, 566438569952//33470194875, 3630702272//6694038975, 210166539057//11156731625, -6121935803//6694038975, 3340199834//1338807795, -6545312862//2231346325, 5766211029//2231346325, -64778298112//33470194875, 1471712393//1338807795, -16830869384//33470194875, -76653724//1338807795, 9027217336//33470194875, -12610910006//33470194875, 18360891047//33470194875, -768470782//6694038975, 102563479//259458875]
12; 5; 2; 5; 8; 1; 1; 11; 1; 1; [-9344209//3316625, 21826176//3316625, 6242474//663325, 8285312//3316625, -19027092//3316625, 23715817//3316625, 65340407//3316625, -34025714//3316625, -192467453//3316625, -31101268//663325, 339042//132665, -31171363//663325, -97529989//663325, 353290484//3316625, -417623356//3316625, -190190732//663325, -58976919//255125, 1128183087//3316625, 1213191078//3316625, -898501767//3316625, 754009699//3316625, 7195410693//3316625, 1622490992//663325, -27139184//132665, -756355813//663325, 1119940676//663325, -5577537178//3316625, 4462916112//3316625, -120073102//132665, 1460167069//3316625, -301034969//3316625, -325479166//3316625, 690522484//3316625, -757668878//3316625, 998035939//3316625, -20646212//663325, 1848220//26533, -52039822//663325, 45118779//663325, -161676158//3316625, 92720792//3316625, -7131244//663325, -6451346//3316625, 29224201//3316625, -34736516//3316625, 32358969//3316625, -24461828//3316625, 21682599//3316625]
12; 5; 2; 5; 5; 1; 2; 3; 1; 1; [7083318794//11156731625, 10497897974//33470194875, -3687329771//11156731625, -528022809//858210125, 457732742//6694038975, 10094600804//33470194875, -37422342803//33470194875, -38128744789//6694038975, -13345823737//11156731625, 10489773904//1338807795, 10056180409//2231346325, -45665490193//2231346325, 17333691242//2231346325, -6753970073//858210125, 295008428116//33470194875, 238482224378//33470194875, 330616127366//33470194875, 3916509298//171642025, -209963694029//33470194875, 1362196972583//33470194875, 1054992877327//6694038975, 104559888597//11156731625, -442389338447//1338807795, -7752110447//51891775, 2666442116941//6694038975, -1039145037893//2231346325, 13830824168104//33470194875, -10099066525127//33470194875, 5976910199644//33470194875, -2375146396252//33470194875, -23964968122//6694038975, 1592245337443//33470194875, -2066864080271//33470194875, 6944051486//102985215, -514662353219//11156731625, 6468898191//446269265, -137532305582//6694038975, 44687969753//2231346325, -35300439757//2231346325, 343796653874//33470194875, -168568841377//33470194875, 34229425954//33470194875, 51194471948//33470194875, -3584513761//1338807795, 95262184423//33470194875, -26198442122//11156731625, 305363266//171642025, -9877407054//11156731625]
12; 5; 2; 5; 11; 1; 1; 5; 1; 1; [-25094//63375, -5453//4225, 638//4875, -12774//4225, -47454//21125, -24977//63375, -29039//12675, -54218//12675, 23386//12675, 34406//12675, -84964//12675, 28556//4225, -86246//12675, -1090871//63375, 185231//4225, -2292574//63375, 202276//12675, 105784//4875, -2938451//21125, -1285747//12675, -248176//4225, -87886//507, -5270179//12675, 1343311//12675, 1199498//12675, -2441986//12675, 1027799//4875, -2273509//12675, 8025743//63375, -13964//195, 563467//21125, 8386//63375, -2131//75, 337183//12675, -145914//4225, 14359//12675, -93116//12675, 120607//12675, -112969//12675, 430837//63375, -53557//12675, 40486//21125, -2633//12675, -51049//63375, 5612//4875, -5774//4225, 2498//2535, -3543//4225]
12; 5; 2; 5; 12; 1; 1; 6; 1; 1; [-4842026//255125, -1720119//663325, -15144567//3316625, -120044049//3316625, 134280366//3316625, -106290476//3316625, 20441034//3316625, 448538938//3316625, -5928844//255125, 152732376//663325, 100590024//663325, -98183333//663325, 224462171//663325, 1840390403//3316625, -48441267//663325, 1825395082//3316625, 634593014//3316625, -6455301586//3316625, 3221004491//3316625, -8573372274//3316625, -9157785668//3316625, 3949424127//3316625, -5546035179//663325, 1084601249//663325, 1724382407//663325, -3011210989//663325, 15985029969//3316625, -2652082109//663325, 9197668126//3316625, -28996572//19625, 1241003377//3316625, 884688723//3316625, -2301745187//3316625, 138904807//255125, -137364613//255125, 34898029//663325, -119218494//663325, 144949743//663325, -131383206//663325, 491550279//3316625, -59348837//663325, 9823362//255125, -1952078//3316625, -5792901//255125, 100858023//3316625, -102654427//3316625, 67223686//3316625, -45213169//3316625]
12; 5; 2; 5; 3; 1; 1; 2; 1; 1; [-28071254//9949875, -36345488//9949875, -2294221//765375, -20116277//3316625, -52432564//9949875, 7326034//1989975, 110232853//9949875, 63755038//9949875, 185246693//9949875, 5934296//153075, 1600734//132665, 16338474//663325, 112535567//1989975, 83939633//765375, 64499216//765375, 140433216//3316625, 1239814211//9949875, -125377166//9949875, -4484939//12675, -4288847513//9949875, -4029445298//9949875, -2999977531//3316625, -1507968667//1989975, 163416859//397995, -250149178//1989975, -119246488//1989975, 1643178757//9949875, -1808096501//9949875, 550097478//3316625, -376918199//3316625, 17717463//255125, -86982361//1989975, -72468053//3316625, 9334061//9949875, -660109819//9949875, -20771558//1989975, 23188//132665, 11688643//1989975, -5407814//663325, 80118977//9949875, -20521192//3316625, 3125348//765375, -18540752//9949875, 1218979//3316625, 211039//663325, -4799443//3316625, 7837016//9949875, -17078284//9949875]
12; 5; 2; 5; 12; 1; 1; 5; 1; 2; [24101//63375, -110219//63375, -3851//2535, -64177//12675, -498514//63375, -231199//21125, -16897//975, -1503091//63375, -1502936//63375, -397562//12675, -394562//12675, -39318//4225, -624487//12675, -250837//21125, 287883//21125, 476159//12675, 457378//4225, 323541//1625, 9783617//63375, 1858249//4225, 19000991//63375, 9610092//21125, 4034503//12675, 287251//975, -7554854//12675, 8248078//12675, -11807756//21125, 25018957//63375, -929052//4225, 1050878//12675, 627049//21125, -4239704//63375, 1397899//12675, -1449274//21125, 5197628//63375, -289258//12675, 372022//12675, -348001//12675, 265042//12675, -63806//4875, 377492//63375, -7684//12675, -31376//12675, 259672//63375, -241784//63375, 45152//12675, -3028//1625, 93503//63375]
12; 5; 2; 5; 5; 1; 1; 9; 1; 1; [-61212868//3316625, -12622631//1989975, -28605518//3316625, -42930911//9949875, 539800934//9949875, 293120513//9949875, 194717317//3316625, 35869336//663325, -346614511//3316625, 292702//12675, 73710362//1989975, -29451163//1989975, 89398901//1989975, 5505018539//9949875, -17856977//1989975, 349898548//3316625, -9493096634//9949875, -20067455444//9949875, -2190726133//9949875, -17818212031//9949875, 1188212866//1989975, 44666726713//9949875, -127079791//1989975, 2463756917//1989975, -3333676543//1989975, 3190170376//1989975, -12137227283//9949875, 63196931//79599, -3704926853//9949875, 59115606//3316625, 142933881//3316625, -2305300624//9949875, 1470060287//9949875, -64201417//397995, 3295783819//9949875, -140505674//1989975, 150306268//1989975, -42160479//663325, 29318698//663325, -78882211//3316625, 5268277//663325, 31510562//9949875, -32143354//3316625, 87396143//9949875, -95375824//9949875, 53533817//9949875, -2392886//663325, 54941774//9949875]
12; 5; 2; 5; 8; 1; 1; 5; 1; 1; [146651//190125, 502052//190125, 22682//4225, 82306//12675, 670682//63375, 2546566//190125, 4248212//190125, 1586939//63375, 26463//845, 1225148//38025, 15793//585, 163493//12675, 25901//1521, -6388961//190125, -5186944//63375, -6175577//38025, -1715723//7605, -20055247//63375, -67917751//190125, -124190852//190125, -115433212//190125, -22201996//38025, -15578677//38025, -674287//7605, 13834309//38025, -3422816//7605, 26105219//63375, -59788771//190125, 6955717//38025, -1182457//12675, -621271//63375, 1632304//63375, -17175211//190125, 680666//21125, -312444//4225, 36449//2925, -148172//7605, 753091//38025, -122218//7605, 2044447//190125, -82792//14625, 10214//7605, 38083//38025, -529528//190125, 157384//63375, -187622//63375, 225824//190125, -6206//4225]
12; 5; 2; 5; 9; 1; 1; 5; 1; 2; [405221//190125, 21559//12675, 579863//190125, 1198909//190125, 1580396//190125, 586888//190125, 2260064//190125, 288989//38025, -86621//21125, -64802//7605, -117032//38025, -713768//12675, -1162996//38025, -27935176//190125, -6259943//38025, -41434283//190125, -49413859//190125, -72790651//190125, -16329058//190125, -43709984//190125, -6660061//38025, 31564769//190125, 71382//169, -443828//975, 14532046//38025, -10263776//38025, 26965652//190125, -2173382//38025, -5184649//190125, 7828703//190125, -15319973//190125, 10062451//190125, -3320444//63375, 217847//12675, -184111//63375, 144398//7605, -181846//12675, 334124//38025, -49838//12675, 29132//190125, 13244//7605, -561724//190125, 478883//190125, -478243//190125, 259601//190125, -174662//190125, 22//1521, 4879//14625]
