2; 12; 10; 11; 6; 1; 1; 7; 1; 1; [20520818362//3304377375, 1853890321//220291825, 7787365189//3304377375, -1922023559//1101459125, 36831975964//3304377375, 6415294876//1101459125, -55723999151//3304377375, -41551014534//1101459125, -34189811186//1101459125, 6185694988//660875475, -10878442947//220291825, -5079100958//50836575, 26194466183//660875475, -564403144622//3304377375, -185662393243//660875475, -424395449//6342375, 291197016269//1101459125, 145757869422//1101459125, 65700066444//1101459125, 1151322637871//3304377375, 5173811602357//3304377375, 4798202764748//3304377375, -610411337342//660875475, -214534950146//660875475, 215562549262//220291825, -774815774192//660875475, 3461482060294//3304377375, -174542014748//220291825, 1532612607373//3304377375, -600904156129//3304377375, 3642496631//1101459125, 393037875611//3304377375, -158218064574//1101459125, 741009566096//3304377375, -178194225496//3304377375, 23089974632//660875475, -2615314588//50836575, 33584391994//660875475, -8946442041//220291825, 87844246754//3304377375, -9024664819//660875475, 9912244958//3304377375, 12498998071//3304377375, -21770541812//3304377375, 24007015301//3304377375, -19172072957//3304377375, 6164433732//1101459125, -3682480036//3304377375]
2; 12; 10; 11; 10; 1; 1; 7; 1; 1; [5355252801//2863793725, 110648729304//14318968625, 107189638744//14318968625, 165314110537//14318968625, -23026472644//14318968625, 17820951231//2863793725, 3728846144//572758745, -456689303552//14318968625, -3861731290//114551749, -148681805148//2863793725, -9592172496//220291825, -77757610248//2863793725, -726727584//5496725, -209744551188//2863793725, -2430289884924//14318968625, -286022348838//1101459125, -4211097407937//14318968625, 5517606852604//14318968625, 108182150958//572758745, 1066853919588//2863793725, 15193237793702//14318968625, 724473044194//572758745, 6407121267252//2863793725, -274603131108//2863793725, -3355507530828//2863793725, 4781148538986//2863793725, -941617304172//572758745, 18493035366348//14318968625, -12289671956152//14318968625, 5792703942279//14318968625, -998014122238//14318968625, -324811547202//2863793725, 676936235748//2863793725, -2650316535684//14318968625, 144777435746//572758745, -7468007724//220291825, 199180197108//2863793725, -219752472852//2863793725, 188192211984//2863793725, -133680134736//2863793725, 374988449943//14318968625, -137758831072//14318968625, -36184207481//14318968625, 9844929824//1101459125, -29898513804//2863793725, 28637723492//2863793725, -90861798524//14318968625, 3151748642//572758745]
2; 12; 10; 11; 12; 1; 1; 3; 1; 1; [9417854290187//10821324163325, 42385820919424//54106620816625, 55719531481216//54106620816625, 1794666206057//2164264832665, 4613522531572//54106620816625, 14738848056641//10821324163325, -30175116622152//10821324163325, -304672081352408//54106620816625, -251837490248469//54106620816625, -76103116981128//10821324163325, -67213504696446//10821324163325, -81054698742816//10821324163325, -137746409430008//10821324163325, -211965126703116//10821324163325, -1615733231974444//54106620816625, -1131641842134636//54106620816625, 66374709778419//10821324163325, 2355294858078008//54106620816625, 152807771456026//10821324163325, 1368877083099198//10821324163325, 8622610721279648//54106620816625, 803514482961093//4162047755125, 917510654412072//10821324163325, -19354810965132//832409551025, -194225976400476//10821324163325, 402004413297342//10821324163325, -92862656959836//2164264832665, 1890069488398388//54106620816625, -1449992660455948//54106620816625, 162383507324979//10821324163325, -184820284585121//54106620816625, -4923105181286//10821324163325, 112250985475662//10821324163325, 77369003006604//54106620816625, 761594509004967//54106620816625, -1800440798982//10821324163325, 15365979145916//10821324163325, -20421043618284//10821324163325, 19111151478648//10821324163325, -14992330836072//10821324163325, 3488332694191//4162047755125, -22678827128788//54106620816625, 642591917611//10821324163325, 10557989798884//54106620816625, -515610364012//2164264832665, 12083605689//33296382041, -3858492806036//54106620816625, 16474932418107//54106620816625]
2; 12; 10; 11; 4; 1; 1; 11; 1; 1; [-36463826//28523625, -2166888//1901575, -7645292//5704725, -14179858//5704725, 143606//380315, 44830672//9507875, 4078012//731375, 56260728//9507875, 39663107//5704725, 15456864//1901575, 2147796//380315, 30763968//1901575, 8839528//1901575, 356720082//9507875, 11320326//1901575, 52413846//1901575, 147415146//1901575, -137267374//1901575, -1897569442//9507875, -1876737066//9507875, -1780316598//9507875, -1160563039//5704725, 198833244//1901575, 4700418//29255, -536104882//1901575, 567636273//1901575, -2351004174//9507875, 326775882//1901575, -523605598//5704725, 4786616//146275, 19590616//1901575, -425958046//9507875, 310845942//9507875, -431532294//9507875, 100989997//5704725, -21170319//1901575, 15512734//1140945, -23465358//1901575, 17532492//1901575, -52837944//9507875, 4552461//1901575, -44594//1140945, -7040536//5704725, 3376624//1901575, -18634516//9507875, 11812382//9507875, -10223094//9507875, 1563181//5704725]
2; 12; 10; 11; 5; 1; 1; 7; 1; 1; [290769262//132175095, -23734255939//3304377375, 2023428851//660875475, -348004693//132175095, -6332780446//1101459125, 1839575463//220291825, -53722238033//3304377375, 18444978654//1101459125, 78466603502//3304377375, -24488000974//660875475, 10644173751//220291825, 2198858378//660875475, -18273311//26435019, -13260155408//660875475, 16239378171//84727625, -14904558824//132175095, 46990907741//220291825, -480702218572//3304377375, -55187227832//220291825, 1994916411253//3304377375, -3062615775547//3304377375, -315883362104//1101459125, 319594099076//660875475, -974641637692//660875475, 388545940436//220291825, -209470243169//132175095, 773003594512//660875475, -2287161890258//3304377375, 62946199841//220291825, 9150835913//660875475, -598981409381//3304377375, 150772132301//660875475, -223456246222//1101459125, 35020921138//254182875, -423888411226//3304377375, 51007948894//660875475, -16831777626//220291825, 40337655872//660875475, -1768182579//44058365, 13296206078//660875475, -14598734648//3304377375, -3597804374//660875475, 6773072177//660875475, -12071360832//1101459125, 1182463699//132175095, -6474333222//1101459125, 3022007718//1101459125, -4722193066//3304377375]
2; 12; 10; 11; 4; 1; 1; 5; 1; 1; [-1902728//3316625, -13980524//9949875, -137744//79599, -7695124//9949875, 6376//10205, 8444803//1989975, 15804969//3316625, 44023784//9949875, 37861768//9949875, -2542396//1989975, 5188382//663325, 5137537//397995, 45987//10205, 316459969//9949875, 461959624//9949875, 83469709//1989975, -27551392//3316625, -9195728//132665, -21778921//132665, -2278273177//9949875, -2686441564//9949875, -924863788//9949875, 422498189//1989975, -33440009//1989975, -39391141//397995, 58920782//397995, -1447579693//9949875, 1191325267//9949875, -50200417//663325, 385657592//9949875, -977978//79599, -34819666//1989975, 2262141//255125, -2093761//63375, 44531312//3316625, -5437294//1989975, 12112384//1989975, -69629//10205, 787708//132665, -42006893//9949875, 24659912//9949875, -1739434//1989975, -540621//3316625, 272699//397995, -2150432//1989975, 6709454//9949875, -8849812//9949875, 3260011//9949875]
2; 12; 10; 11; 2; 1; 1; 6; 1; 1; [6452668//9949875, -20808516//3316625, 46086601//9949875, -102108811//9949875, -838626//3316625, 19860647//1989975, -53533742//3316625, 482463//19625, 7598732//9949875, -43230574//1989975, 45148082//663325, -93103558//1989975, 2629412//79599, 456431317//9949875, 1315605938//9949875, -1369838101//9949875, 1096556457//3316625, -991525134//3316625, -286940491//1989975, 3265984496//9949875, -788235197//765375, 2067825066//3316625, -243312619//1989975, -3492875849//1989975, 4981665952//1989975, -974006677//397995, 19286994191//9949875, -12473325301//9949875, 6106816642//9949875, -1116322327//9949875, -1964501056//9949875, 128151776//397995, -1105454749//3316625, 2435317502//9949875, -1722966376//9949875, 207300584//1989975, -75959662//663325, 65089001//663325, -708109//10205, 389726881//9949875, -136983266//9949875, -35991688//9949875, 43744136//3316625, -160166131//9949875, 9499576//663325, -104711182//9949875, 18888854//3316625, -7627007//3316625]
2; 12; 10; 11; 3; 1; 1; 9; 1; 1; [39497//51025, 261068//255125, -29044//58875, -30077//765375, 96704//51025, -274178//765375, -1875444//255125, -619828//51025, -1810027//255125, 24294//51025, -21409//10205, -12964//10205, 105556//30615, -398432//51025, 17236292//255125, 22247359//255125, 1145379//255125, -3700828//51025, 748436//58875, 36800714//255125, 303341//3925, -45704053//255125, -18331906//51025, 1246576//10205, 1202588//30615, -1278808//10205, 7682364//51025, -33953184//255125, 80252506//765375, -15430033//255125, 1130664//51025, 440264//765375, -2100778//255125, 94108//3925, -7108239//255125, -40289//51025, -288//65, 67264//10205, -66892//10205, 267724//51025, -869969//255125, 1397506//765375, -312359//765375, -1996//3925, 664724//765375, -205373//255125, 43584//51025, -179719//255125]
2; 12; 10; 11; 6; 1; 1; 6; 1; 1; [-798223//765375, 1310992//765375, -490723//765375, -3297401//765375, -621752//765375, -8770477//765375, 47744//51025, 609592//765375, -1035352//765375, 4232744//153075, 401199//51025, -17707//2041, 2925706//153075, 18223468//765375, -10309984//255125, 64746223//765375, 78016216//765375, 21489959//255125, 207628232//765375, -1830022//6123, -33235504//255125, -13736446//58875, -125963836//153075, 34282012//153075, 5159249//30615, -4273148//11775, 103775668//255125, -20748892//58875, 194237059//765375, -35192584//255125, 14313822//255125, 1334567//58875, -8918194//153075, 38282044//765375, -47477234//765375, 230996//153075, -2100512//153075, 555442//30615, -874942//51025, 260036//19625, -6421186//765375, 3031274//765375, -113759//255125, -1108049//765375, 2025271//765375, -138581//51025, 483408//255125, -395008//255125]
2; 12; 10; 11; 4; 1; 1; 2; 1; 1; [-79132759//199150575, -26571844//25532125, -193889752//199150575, -1622994008//995752875, -1398829954//995752875, 1857584621//995752875, 3182771768//995752875, 436316204//995752875, 1310625408//331917625, 444560778//66383525, 402324009//66383525, 492399124//66383525, 2335106116//199150575, 1302041734//66383525, 3675291582//331917625, 1117715988//66383525, 13970967736//331917625, 10022069854//995752875, -104249022596//995752875, -43662303556//331917625, -122986901114//995752875, -66488951988//331917625, -3413023722//66383525, 1090606814//66383525, 530790014//66383525, -1291699953//66383525, 64054522//2655341, -6660261314//331917625, 3138119638//199150575, -2294409462//331917625, 3949095482//995752875, -4460944268//995752875, -2775648448//331917625, -803280814//331917625, -4008212994//331917625, -1611968//66383525, -143979142//199150575, 68517726//66383525, -65574032//66383525, 53300588//66383525, -12761273//25532125, 52424134//199150575, -983942//76596375, -67917748//995752875, 45152452//995752875, -253384409//995752875, 12933458//995752875, -83877074//331917625]
2; 12; 10; 11; 10; 1; 1; 6; 1; 1; [1024929//255125, 7733682//3316625, 92663//663325, 36534141//3316625, 7094352//3316625, 19159606//3316625, 16797561//3316625, -63504757//3316625, -17005034//3316625, -6212748//132665, -22164747//663325, 2574313//132665, -797554//10205, -443134407//3316625, -55039502//3316625, -12387182//132665, -961283731//3316625, 386644558//3316625, -17933347//255125, 1152318509//3316625, 2360575417//3316625, 1284662474//3316625, 199294911//132665, -154752087//663325, -73191461//132665, 118908828//132665, -3088961646//3316625, 2514486449//3316625, -343537036//663325, 854196257//3316625, -18192237//255125, -13857556//255125, 434486557//3316625, -324037134//3316625, 33313674//255125, -344634//26533, 23955112//663325, -86777//2041, 5021307//132665, -92615946//3316625, 54665904//3316625, -4494892//663325, -1835218//3316625, 1125403//255125, -19415848//3316625, 19290862//3316625, -12177844//3316625, 10125227//3316625]
2; 12; 10; 11; 12; 1; 1; 11; 1; 1; [26171//21125, 8584//4225, 67076//21125, 42139//21125, -33432//21125, -22489//4225, -298144//21125, -413044//21125, -422447//21125, -3384//169, -5493//325, -110808//4225, -125356//4225, -1391796//21125, -364528//4225, -133032//1625, 869421//21125, 4182012//21125, 1294798//4225, 10197774//21125, 10137469//21125, 8066827//21125, 73212//845, -600084//4225, 606752//4225, -506316//4225, 1627332//21125, -193996//4225, 168952//21125, 212073//21125, -193464//21125, 144646//4225, 89082//21125, 726552//21125, 212681//21125, 432//65, -25096//4225, 18228//4225, -10944//4225, 20652//21125, -68//4225, -15848//21125, 19933//21125, -1128//1625, 3928//4225, -233//21125, 12872//21125, 6281//21125]
2; 12; 10; 11; 2; 1; 1; 4; 1; 1; [-444823155646//960411861825, -1463598421184//4802059309125, -2770416934436//4802059309125, -776894707778//4802059309125, 197279919626//960411861825, 579330064124//1600686436375, 12795437097532//4802059309125, 21398343058232//4802059309125, 14798394211579//4802059309125, 1201415923428//320137287275, 115571282596//64027457455, 92575806712//12805491491, 32378918488//12805491491, 4861922810962//320137287275, 77058412863554//4802059309125, 20283204398867//1600686436375, -31063841096494//1600686436375, -31872553795766//960411861825, -61427656296594//1600686436375, -11144571421078//123129725875, -5653001254988//60785560875, -418651348834319//4802059309125, -15530091219272//320137287275, 7356029504866//64027457455, -5009433716878//38416474473, 1466051848121//12805491491, -26184612192214//320137287275, 17929059073334//369389177625, -85195592681572//4802059309125, -5243948296712//1600686436375, 11960184161327//960411861825, -31491487492262//1600686436375, 20220589828178//1600686436375, -27174344241742//1600686436375, 19217771881253//4802059309125, -1858840197893//320137287275, 1070772471902//192082372365, -55552509926//12805491491, 35629749316//12805491491, -420841818264//320137287275, 1141665607072//4802059309125, 174155089556//369389177625, -289812619352//369389177625, 737389504652//960411861825, -84877170084//123129725875, 1774754892344//4802059309125, -1523606010946//4802059309125, -23414656987//4802059309125]
2; 12; 10; 11; 8; 1; 1; 9; 1; 1; [18810132//3316625, 19598388//3316625, 18133772//3316625, 3893613//3316625, 13121868//3316625, 37224422//3316625, -27193156//3316625, -130068028//3316625, -149554527//3316625, -5496534//132665, -1655163//51025, -43735452//663325, -6074812//132665, -527664252//3316625, -192752568//3316625, 5539086//255125, 863406327//3316625, 433087692//3316625, -342032//3316625, 2012409636//3316625, 3300378763//3316625, 2397036567//3316625, -3137598//26533, -338134764//663325, 509771208//663325, -102860766//132665, 2041966824//3316625, -1380484284//3316625, 703281364//3316625, -133828689//3316625, -147437859//3316625, 331674364//3316625, -271255872//3316625, 458879784//3316625, -109124319//3316625, 321567//10205, -151628//4225, 20753892//663325, -600252//26533, 42912804//3316625, -16724139//3316625, -2188376//3316625, 13467291//3316625, -1227288//255125, 15212524//3316625, -9871802//3316625, 10039604//3316625, -1212039//3316625]
2; 12; 10; 11; 5; 1; 1; 6; 1; 1; [862011//255125, -1157878//255125, 386818//51025, -3274564//765375, -68612//11775, 493702//51025, -21121553//765375, 4393687//765375, -23516//30615, -7195046//153075, 2542063//51025, -7374814//153075, -876857//51025, -30324473//765375, 78668194//765375, -32946746//153075, 261319954//765375, -3181079//153075, -126059//11775, 701012263//765375, -161081559//255125, 21331678//30615, 79398559//153075, -302294801//153075, 124164142//51025, -340699256//153075, 1274448446//765375, -258145331//255125, 65823001//153075, -836566//255125, -35259382//153075, 16740837//51025, -16504457//58875, 173205764//765375, -823934//6123, 16161491//153075, -5440868//51025, 4406393//51025, -2945268//51025, 22741486//765375, -5814968//765375, -13908//2041, 10666717//765375, -2305922//153075, 1975373//153075, -492442//58875, 3543184//765375, -38309//30615]
2; 12; 10; 11; 6; 1; 1; 4; 1; 1; [-267214459176//123129725875, -1534612821112//369389177625, -66816738742//28414552125, -1251767953//9471517375, -764975528176//369389177625, -78934464169//28414552125, 49248201979//6969607125, 2583997858717//123129725875, 2639648944222//123129725875, 200650844336//14775567105, 579720196126//24625945175, 8033185574//187032495, 1525988946473//73877835525, 21466618728158//369389177625, 15671304131984//123129725875, 28290309927781//369389177625, -9239894188086//123129725875, -1350866498606//9471517375, -36422891342698//369389177625, -86492479156547//369389177625, -262316895232816//369389177625, -318017398775771//369389177625, -695075819882//2955113421, 14240232005738//73877835525, -1870248328178//14775567105, 384213403226//5682910425, -5567355876746//369389177625, -3113628130814//369389177625, 12342948596378//369389177625, -13527360444314//369389177625, 2729397167641//123129725875, -9163887961469//369389177625, 116323161998//123129725875, -4478493117591//123129725875, -14746287058433//369389177625, -103072022464//14775567105, 101356621904//24625945175, -7771021326//4925189035, -3075561531//24625945175, 437544889334//369389177625, -509786465159//369389177625, 542408319538//369389177625, -421970828629//369389177625, 205746056348//369389177625, -48976010523//123129725875, -59035695271//369389177625, -177584074648//369389177625, -345051678878//369389177625]
2; 12; 10; 11; 12; 1; 1; 5; 1; 1; [-7379401//3316625, 414873//663325, 2403377//663325, 4621088//3316625, -4490068//663325, -39540379//3316625, 1389096//3316625, 24587//3925, -2776723//3316625, -90230//26533, 19075443//663325, 10182092//663325, -22925277//663325, 8791411//3316625, -8279853//663325, -44893666//663325, -81844588//3316625, 103169098//663325, 1538071219//3316625, 12000578//255125, -225118851//663325, -1191900987//3316625, 37511423//132665, -19864997//663325, -79800128//663325, 122151208//663325, -619585082//3316625, 99809741//663325, -13755376//132665, 167545696//3316625, -4000536//663325, 30341697//3316625, 86763267//3316625, -176456//4225, 1611923//255125, -418421//132665, 5038972//663325, -5733237//663325, 5015742//663325, -18187522//3316625, 2108546//663325, -65784//51025, -557119//3316625, 697449//663325, -2620863//3316625, 3814517//3316625, -58072//51025, 740484//3316625]
2; 12; 10; 11; 2; 1; 1; 3; 1; 1; [-173911734727//6492794497995, -4170078747092//162319862449875, -7048506841664//162319862449875, -11016147031282//54106620816625, -20609958066664//162319862449875, 200694487263854//162319862449875, -100573542964268//162319862449875, 6832350563848//6492794497995, 159142763265016//162319862449875, 4714452708774//10821324163325, 14243018022224//10821324163325, -13661331525836//10821324163325, 33080829384072//10821324163325, -11590347493484//10821324163325, 1051845536932652//162319862449875, -63511647620797//54106620816625, 440918876217662//54106620816625, 316974010673704//162319862449875, -6367987906032944//162319862449875, 393302700079616//54106620816625, -485213850821969//32463972489975, 75024777054148//12486143265375, 105845755456474//10821324163325, -49872131249692//832409551025, 2510418724313612//32463972489975, -781377789541828//10821324163325, 597377476419176//10821324163325, -5553600948991804//162319862449875, 2540441113082282//162319862449875, -72544415838114//54106620816625, -1081443565885648//162319862449875, 1390157809719028//162319862449875, -545001663500992//54106620816625, 83568824853772//10821324163325, -863916657495388//162319862449875, 35820362772331//10821324163325, -111618026761112//32463972489975, 30732723057436//10821324163325, -20936896044332//10821324163325, 11171223867744//10821324163325, -3750482979578//12486143265375, -28789448707438//162319862449875, 23203038941086//54106620816625, -77939906611708//162319862449875, 63104110927888//162319862449875, -287003264734//960472558875, 5337714740024//32463972489975, -10258726472548//162319862449875]
2; 12; 10; 11; 10; 1; 1; 4; 1; 1; [114978545114//64027457455, 988281559036//1600686436375, 1675803393624//1600686436375, 81079430299//64027457455, -4283666968374//1600686436375, -1723690939431//320137287275, -1858652511704//1600686436375, 89794791572//1600686436375, -8705278383293//1600686436375, -272203964766//64027457455, -347673953403//320137287275, -6239524074828//320137287275, 3954925307836//320137287275, -13503042688362//320137287275, 33008776902734//1600686436375, -56960513467074//1600686436375, -10553206211823//320137287275, 224503484914494//1600686436375, 61748795991912//320137287275, 9823108866678//123129725875, 1830935735722//20261853625, 153074884871173//1600686436375, -25089589100466//64027457455, -83316118221138//320137287275, 187888828744542//320137287275, -212044192679889//320137287275, 184022342756058//320137287275, -50831361402586//123129725875, 378547518520758//1600686436375, -29123541639873//320137287275, -12795917697663//1600686436375, 25793785394304//320137287275, -140108120450358//1600686436375, 141827829844434//1600686436375, -95682873577351//1600686436375, 1406930183376//64027457455, -9460725621762//320137287275, 9010583846478//320137287275, -6989014174416//320137287275, 4436609889372//320137287275, -10470556780988//1600686436375, 121207573926//123129725875, 58488937031//24625945175, -6078960822408//1600686436375, 103297240884//24625945175, -5182573628158//1600686436375, 3706092059654//1600686436375, -1757664760771//1600686436375]
2; 12; 10; 11; 6; 1; 1; 3; 1; 1; [-3222234601133//4162047755125, -702847190719//499445730615, -390418872577//499445730615, -121866870701//12486143265375, -3964269031064//4162047755125, -3327093744787//2497228653075, 4310901068719//2497228653075, 27569486427531//4162047755125, 27760570796844//4162047755125, 701679339782//166481910205, 6332179859423//832409551025, 2350370562973//166481910205, 910527117194//166481910205, 273897154640014//12486143265375, 113156753793983//2497228653075, 55230193256819//2497228653075, -26617939973398//960472558875, -366675604540793//12486143265375, -28889162430818//2497228653075, -15124262614973//192094511775, -224669772192596//960472558875, -3288037459103947//12486143265375, -14739616899724//166481910205, 205750105294774//2497228653075, -787111777997//12806300785, 19282042222412//499445730615, -200621436048868//12486143265375, 8507200998568//2497228653075, 22565336025059//2497228653075, -164394021261542//12486143265375, 131130903917876//12486143265375, -24946276947049//2497228653075, 2225607329896//832409551025, -171636360315899//12486143265375, -139852827454321//12486143265375, -319799151247//99889146123, 5422024296976//2497228653075, -112334691412//99889146123, 53565703396//166481910205, 2992348984372//12486143265375, -375691705036//832409551025, 1421689708786//2497228653075, -6259486072487//12486143265375, 1318790194277//4162047755125, -514248977809//2497228653075, 4802624506//832409551025, -2337826709704//12486143265375, -3559630185076//12486143265375]
2; 12; 10; 11; 3; 1; 1; 7; 1; 1; [4431772763//3304377375, -2446611904//660875475, -1364431252//660875475, -5581084748//660875475, 1166760546//1101459125, 2460964612//660875475, -655625796//44058365, 10703412056//3304377375, 49987090033//3304377375, 304695324//16945525, 5052825042//220291825, -3095231912//220291825, 97612016//1268475, -1273169602//84727625, 31268467102//660875475, 444111663//8811673, 80015756888//220291825, -162773327346//1101459125, -152857249666//660875475, 27287718236//220291825, -1034867432591//3304377375, -1004583995933//3304377375, -237842400528//220291825, -120457424938//220291825, 305212625858//220291825, -352028642373//220291825, 1555571804702//1101459125, -135434910238//132175095, 399037060984//660875475, -9706458158//44058365, -30946123418//1101459125, 4141028522//26435019, -47009625924//220291825, 211575442814//1101459125, -43786071253//254182875, 11186115433//220291825, -46805282926//660875475, 15116170182//220291825, -11861003252//220291825, 38319422032//1101459125, -11137683721//660875475, 2134005448//660875475, 3772383718//660875475, -10410443648//1101459125, 6332776868//660875475, -1767336781//220291825, 1349981714//254182875, -829978333//254182875]
2; 12; 10; 11; 10; 1; 1; 3; 1; 1; [-16125870177//10821324163325, 7484461899292//54106620816625, -926181301404//10821324163325, -22400090949559//54106620816625, 7421795978822//54106620816625, 77752997732858//54106620816625, -106257559166712//54106620816625, 80184503542544//54106620816625, -2524567877129//2164264832665, 7774901043102//10821324163325, -12444729918966//10821324163325, 46622556925044//10821324163325, -36405219567688//10821324163325, 75069899194398//10821324163325, 463070497200698//54106620816625, -29249677464957//10821324163325, 1007622576523599//54106620816625, -546553427819402//54106620816625, -2488401788519138//54106620816625, 1612196673531252//54106620816625, -1103422791767624//54106620816625, -10674343545803//166481910205, -281798205941898//10821324163325, 101204653848078//832409551025, -1656860934064566//10821324163325, 1531511129440737//10821324163325, -1156488615839118//10821324163325, 3601026078997454//54106620816625, -319383089182584//10821324163325, 169096308733737//54106620816625, 727756714907519//54106620816625, -1226605166266994//54106620816625, 1178670194222436//54106620816625, -934313237763882//54106620816625, 17023143813593//2164264832665, -71441736946212//10821324163325, 73183654076786//10821324163325, -59835867757794//10821324163325, 40386478511328//10821324163325, -4227984956928//2164264832665, 2297660018353//4162047755125, 4124223876228//10821324163325, -44985346955023//54106620816625, 50977986035744//54106620816625, -46749743327324//54106620816625, 2561794926207//4162047755125, -19242883882342//54106620816625, 153744034097//2164264832665]
2; 12; 10; 11; 5; 1; 1; 4; 1; 1; [-731593002284//369389177625, -16576840324//369389177625, -8133941514//2323202375, -212012473724//73877835525, 8998951958//5682910425, -400396480462//123129725875, 81107487647//9471517375, 576443234077//73877835525, 97827935849//123129725875, 1720836225794//73877835525, 2494214824//4925189035, 606117349226//73877835525, 2262327591839//73877835525, 20759425789504//369389177625, 646653536354//369389177625, 40653858969221//369389177625, -721032247957//24625945175, -1971150793492//24625945175, -107552294494//369389177625, -163571386958593//369389177625, -120777337051//1136582085, -66512194118242//369389177625, -39631247745796//73877835525, 1367633257492//2955113421, -24261711878324//73877835525, 1068217038763//5682910425, -23984946557308//369389177625, -5474175004028//369389177625, 23938380559928//369389177625, -5578513874693//73877835525, 1585390223447//24625945175, -6293040548889//123129725875, 106217401134//9471517375, -454661463083//24625945175, -2742851228896//369389177625, -1286120814034//73877835525, 161970553562//14775567105, -124431115752//24625945175, 16454050627//24625945175, 59588877394//28414552125, -395132224631//123129725875, 412543993856//123129725875, -65756995946//24625945175, 25179430648//14775567105, -339368395727//369389177625, -50042280694//369389177625, 2611721614//24625945175, -209705357491//369389177625]
2; 12; 10; 11; 12; 1; 1; 2; 1; 1; [-67458492//862985825, -789001856//4314929125, -1400884//27483625, -1166035449//4314929125, 136965508//4314929125, -5813274137//4314929125, 3445687984//4314929125, 10745900716//4314929125, 6131379138//4314929125, 939430548//862985825, 61943997//66383525, -106971744//862985825, 3200409228//862985825, -62083344//862985825, 16489905236//4314929125, -2558963499//331917625, 35878180449//4314929125, -32487118648//4314929125, 135663822362//4314929125, -107007111534//4314929125, -138052725586//4314929125, -14437536618//4314929125, -67680823152//862985825, -3388855344//862985825, 44065035316//862985825, -58897657122//862985825, 11234600736//172597165, -216808510072//4314929125, 136679019754//4314929125, -63411334983//4314929125, 8354381596//4314929125, 30309559346//4314929125, -44013089322//4314929125, 33942921852//4314929125, -33601795434//4314929125, 106786824//66383525, -2497234356//862985825, 2653564344//862985825, -2221747968//862985825, 1539624852//862985825, -4188558077//4314929125, 1321412494//4314929125, 601805637//4314929125, -123270128//331917625, 1965266456//4314929125, -1737973717//4314929125, 1088094412//4314929125, -727132014//4314929125]
2; 12; 10; 11; 5; 1; 1; 3; 1; 1; [-182083612488//320157519625, 1856692640239//12486143265375, -327819067657//320157519625, -9981724719727//12486143265375, 11004296578//4162047755125, -6680396287561//4162047755125, 7139866142451//4162047755125, 24053261479811//12486143265375, 5632246992046//12486143265375, 6240320164814//832409551025, -138883462908//166481910205, 2720388329871//832409551025, 23324167941886//2497228653075, 192141302924192//12486143265375, -27317992764229//12486143265375, 381582301299623//12486143265375, -12613241323826//960472558875, -121173953853289//12486143265375, 42708294018376//4162047755125, -1330215991687553//12486143265375, -84215478271952//4162047755125, -775949262761671//12486143265375, -12364237778952//64031503925, 17933610350120//99889146123, -340155238260787//2497228653075, 212241646406321//2497228653075, -464921605584734//12486143265375, 41509770614398//12486143265375, 77708116930053//4162047755125, -331133682358924//12486143265375, 317496703474048//12486143265375, -253487747328041//12486143265375, 37100598604642//4162047755125, -98483820815683//12486143265375, -4755456275981//4162047755125, -17535554604362//2497228653075, 2378724496706//499445730615, -6274694073878//2497228653075, 603916125288//832409551025, 5995372742456//12486143265375, -4433797601514//4162047755125, 15328689166424//12486143265375, -13205709151759//12486143265375, 3093240723771//4162047755125, -5297064985091//12486143265375, 903242943286//12486143265375, 32886773934//4162047755125, -58555521732//320157519625]
2; 12; 10; 11; 8; 1; 1; 7; 1; 1; [-200646790848//14318968625, -38609746028//14318968625, -143499034932//14318968625, 101993080328//14318968625, -122430825082//14318968625, -431540265922//14318968625, 837092931568//14318968625, 677801033768//14318968625, 8765128286//572758745, 152041868946//2863793725, 1315334442//220291825, 467191189068//2863793725, -49641816//1099345, 4600276458078//14318968625, 2823013522178//14318968625, 384315475314//1101459125, -11908899153888//14318968625, -503058607898//14318968625, 6587590598782//14318968625, -24478081798908//14318968625, -17837438079143//14318968625, -6078130168346//2863793725, 549925305666//2863793725, 8840498541726//2863793725, -12536139040622//2863793725, 490054168137//114551749, -48205791588486//14318968625, 31587471234374//14318968625, -15227672502894//14318968625, 2594382087966//14318968625, 4611587576651//14318968625, -7938749135114//14318968625, 7607563876116//14318968625, -8097087435594//14318968625, 731074090304//2863793725, -40192578282//220291825, 573758921714//2863793725, -490678280778//2863793725, 69361150584//572758745, -972430657056//14318968625, 347298551389//14318968625, 93606927666//14318968625, -334163745754//14318968625, 30491617592//1101459125, -355761282524//14318968625, 249143078231//14318968625, -179407040134//14318968625, 8910360236//2863793725]
2; 12; 10; 11; 4; 1; 1; 9; 1; 1; [-921563//153075, -48580//6123, -1557068//255125, -252238//153075, -3597196//765375, -7163947//765375, 7055572//765375, 184748//3925, 52267286//765375, 2635602//51025, 2366511//51025, 4027476//51025, 3116668//51025, 31740//157, 1388312//30615, -40470582//255125, -16417338//51025, -136493324//765375, -108281198//765375, -190804024//255125, -63711881//51025, -472703746//765375, 31581402//51025, 15243756//51025, -39049464//51025, 45682818//51025, -39820848//51025, 17672516//30615, -88078756//255125, 6102554//51025, 1862573//765375, -75657794//765375, 22466908//255125, -8765304//51025, 46426702//765375, -1428537//51025, 38476//975, -1951476//51025, 1541892//51025, -75972//3925, 58577//6123, -507616//255125, -495814//153075, 3849968//765375, -4267544//765375, 2990264//765375, -42812//10205, 889042//765375]
2; 12; 10; 11; 2; 1; 1; 11; 1; 1; [51924858//123602375, 158195848//370807125, 300320188//370807125, 286305287//370807125, -5251316//74161425, -43146819//24720475, -1341519992//370807125, -2074951556//370807125, -1810780949//370807125, -25961448//4944095, -72117//29255, -259519992//24720475, -74768892//24720475, -2724321168//123602375, -8032074268//370807125, -12474579//731375, -505574349//123602375, 2827263068//74161425, 2210672622//24720475, 15437168654//123602375, 46990237646//370807125, 39920836729//370807125, 275485188//4944095, -164778384//988819, 4886111708//24720475, -4395809322//24720475, 16070723976//123602375, -29385116104//370807125, 11692813406//370807125, 64373123//123602375, -267172003//14832285, 153156966//4944095, -2492692598//123602375, 3198432996//123602375, -2966900953//370807125, 3301002//380315, -127258364//14832285, 168774552//24720475, -110970888//24720475, 274963356//123602375, -192865004//370807125, -230879854//370807125, 418953029//370807125, -6754028//5704725, 27265704//24720475, -225632449//370807125, 186450388//370807125, -14385793//370807125]
2; 12; 10; 11; 3; 1; 1; 6; 1; 1; [-18462032//9949875, -19021669//9949875, 428602//79599, -124277//58875, 16677512//3316625, 16952783//765375, 1920926//255125, 81420266//3316625, 378307484//9949875, 2900178//132665, 29515349//663325, -22015373//1989975, 30158208//663325, 869519272//9949875, -564724831//9949875, -3444726//26533, 374330863//9949875, -4536257816//9949875, -5150498714//9949875, -3128926664//9949875, -489867116//765375, -6495721624//9949875, -9336342//26533, 78660352//1989975, 303398897//1989975, -460791356//1989975, 2374679296//9949875, -1909833698//9949875, 3676598//30615, -208239007//3316625, -44682568//9949875, -27848564//3316625, -442807262//9949875, 13714302//3316625, -576551312//9949875, 1605739//397995, -18902392//1989975, 21623398//1989975, -6291328//663325, 69131576//9949875, -13388851//3316625, 188564//132665, 749823//3316625, -5133296//3316625, 3478686//3316625, -5511619//3316625, 5131336//9949875, -4053084//3316625]
2; 12; 10; 11; 6; 1; 1; 11; 1; 1; [-4011361//9507875, -8656808//9507875, -6135062//28523625, -2424236//28523625, -58348502//28523625, -131347162//28523625, -55491181//28523625, 22295953//28523625, 20181851//28523625, 9700668//1901575, 394234//76063, 2496568//380315, -10206151//5704725, 115540378//28523625, 963934754//28523625, 313325447//28523625, 92961616//28523625, 251019244//9507875, 3070505792//28523625, 75380407//2194125, -120315477//731375, -6781828951//28523625, -416069192//1901575, 1141222//17553, 43097794//1140945, -511144511//5704725, 2920641284//28523625, -193159306//2194125, 1859271406//28523625, -355823194//9507875, 148970307//9507875, 189930251//28523625, -265485542//28523625, 187241501//28523625, -680770283//28523625, 504161//5704725, -251606//76063, 5184406//1140945, -8296933//1901575, 97221334//28523625, -61435418//28523625, 30090896//28523625, -1689554//9507875, -9543254//28523625, 19725751//28523625, -16925507//28523625, 10665286//28523625, -5264521//9507875]
2; 12; 10; 11; 2; 1; 1; 5; 1; 1; [26167616//3316625, 34755416//9949875, -7562051//3316625, 428123//663325, 2645024//255125, 12576944//3316625, -231637678//9949875, -50801141//1989975, 29914244//3316625, 33399928//1989975, -5604397//132665, -22883038//397995, 178713824//1989975, -2348071183//9949875, -1432876516//9949875, 639964183//9949875, 191306837//663325, -125572352//3316625, -1951216277//9949875, 5304229438//9949875, 11930669//10205, 693174758//9949875, -2830024967//1989975, -219685757//397995, 630992422//397995, -3732696976//1989975, 16621021531//9949875, -12369135253//9949875, 7355429404//9949875, -574263397//1989975, -115208783//9949875, 596710708//3316625, -768056397//3316625, 3770996//12675, -1860712066//9949875, 113260672//1989975, -32858312//397995, 10771541//132665, -42793923//663325, 32200847//765375, -210535508//9949875, 15389978//3316625, 935596//153075, -107645573//9949875, 113066204//9949875, -92035696//9949875, 15411364//1989975, -36281381//9949875]
2; 12; 10; 11; 10; 1; 1; 11; 1; 1; [434063692//123602375, 542663052//123602375, 578107328//123602375, 1082438777//123602375, 105500932//24720475, -946845433//123602375, -977718388//123602375, -350488776//123602375, -2042045754//123602375, -746317422//24720475, -8187858//380315, -1131465588//24720475, -904634768//24720475, -13153370232//123602375, -5307436152//123602375, -1036758591//9507875, -33520863237//123602375, 890982212//24720475, 55478957458//123602375, 58186484808//123602375, 69114650976//123602375, 116213966814//123602375, 6128058798//24720475, -2308115112//4944095, 12319547112//24720475, -10485486738//24720475, 35808115524//123602375, -20331303216//123602375, 6071746246//123602375, 892144299//123602375, -1403776112//24720475, 11112024214//123602375, -5079389376//123602375, 8821994208//123602375, 1862831742//123602375, 43053159//1901575, -20655748//988819, 388168128//24720475, -240075852//24720475, 515962344//123602375, -39860376//123602375, -268780634//123602375, 348106259//123602375, -87244//29255, 344329204//123602375, -145259876//123602375, 156599388//123602375, 77362542//123602375]
2; 12; 10; 11; 6; 1; 1; 5; 1; 1; [7343086//765375, 503258//58875, 565298//255125, -137474//255125, 6924292//765375, 3045622//765375, -24284087//765375, -7935199//153075, -19199212//765375, -1402942//153075, -131960//2041, -16346738//153075, 6387287//153075, -210489571//765375, -71454198//255125, -35779019//765375, 292792832//765375, 219186943//765375, 12731701//255125, 644664767//765375, 295514021//153075, 981728522//765375, -117880207//153075, -21954767//30615, 219076262//153075, -240645568//153075, 1020568102//765375, -736741547//765375, 407050573//765375, -43508588//255125, -28272826//765375, 138107249//765375, -137474449//765375, 278492//975, -68750594//765375, 8412307//153075, -2169796//30615, 3371051//51025, -2574804//51025, 23941142//765375, -11144612//765375, 29302//19625, 4990201//765375, -7059206//765375, 7314739//765375, -5326099//765375, 206944//30615, -1164079//765375]
2; 12; 10; 11; 10; 1; 1; 5; 1; 1; [281547//255125, 5755474//663325, 39708709//3316625, 5775182//663325, 1237504//255125, 5858108//663325, 28207467//3316625, -2709043//132665, -26902011//663325, -20329986//663325, -3863487//132665, -52318529//663325, -62148638//663325, -52849581//3316625, -150886134//663325, -1249636459//3316625, -186823732//663325, 332157898//3316625, 138651859//663325, 511123003//3316625, 561361868//663325, 1129507747//663325, 780133899//663325, -22838889//132665, -298981779//663325, 473769132//663325, -2441234058//3316625, 391911463//663325, -1401549822//3316625, 132488684//663325, -180032891//3316625, -21554192//663325, 329058659//3316625, -274806//4225, 110625349//663325, -7147929//663325, 3837896//132665, -22501951//663325, 19895013//663325, -72969198//3316625, 8485543//663325, -18372942//3316625, -369221//663325, 11782149//3316625, -2945216//663325, 14969684//3316625, -1767068//663325, 2388852//663325]
2; 12; 10; 11; 3; 1; 1; 4; 1; 1; [-743851279333//369389177625, 167215685204//369389177625, 560081752//4925189035, 94623333656//123129725875, 52668361842//24625945175, 1958114553//24625945175, -721116745896//123129725875, -3418972098268//369389177625, -1391039797337//369389177625, -109525005774//24625945175, -33705672033//4925189035, 244323310804//24625945175, -2044196984468//73877835525, 2062080318806//123129725875, -18880250823014//369389177625, 719305862151//24625945175, -2082932258936//123129725875, -1492283313702//24625945175, 636940083376//24625945175, 17965693251286//123129725875, 568612853272//4675812375, 19478877225577//369389177625, 11224391904966//24625945175, 1193833711006//4925189035, -1137450242042//1894303475, 16991840911479//24625945175, -74813325952342//123129725875, 162081839839858//369389177625, -6311076454924//24625945175, 12292901569322//123129725875, 185070694994//24625945175, -351955831624//4925189035, 12465792153258//123129725875, -10263163245262//123129725875, 26048718985961//369389177625, -544102253636//24625945175, 90468506906//2955113421, -728155718874//24625945175, 570248415616//24625945175, -1836113014652//123129725875, 2647454698208//369389177625, -31853607936//24625945175, -292534284898//123129725875, 98109297284//24625945175, -103325494788//24625945175, 446035283758//123129725875, -846062935486//369389177625, 491409744341//369389177625]
2; 12; 10; 11; 8; 1; 1; 6; 1; 1; [-5809503//3316625, 24182874//3316625, -40398733//3316625, 37567809//3316625, 876438//255125, -65882902//3316625, 108182146//3316625, -69023408//3316625, -7743128//663325, 33993016//663325, -10972284//132665, 9923741//132665, -4279007//663325, -102623232//3316625, -350296884//3316625, 1080206873//3316625, -1865967279//3316625, 959810686//3316625, 639391732//3316625, -3213159956//3316625, 4377298073//3316625, -499030407//663325, -342424364//663325, 65971338//26533, -417105499//132665, 148612131//51025, -7321850311//3316625, 346741446//255125, -1966556521//3316625, 79943883//3316625, 986060703//3316625, -1371891629//3316625, 1247110322//3316625, -916972246//3316625, 124565209//663325, -89811711//663325, 18429586//132665, -15093356//132665, 51030897//663325, -134233301//3316625, 37298823//3316625, 26751164//3316625, -59195247//3316625, 65591548//3316625, -55705829//3316625, 37545262//3316625, -19394286//3316625, 1302284//663325]
2; 12; 10; 11; 5; 1; 1; 11; 1; 1; [-2807757//9507875, 393356//731375, -14382262//28523625, -1739376//1901575, -26215688//28523625, -50617761//9507875, -23101361//9507875, -170443993//28523625, -6088477//1140945, -79098//146275, -1712852//380315, -698268//1901575, 16111109//1901575, 151260656//28523625, -243956684//28523625, 765315607//28523625, 138033508//5704725, 1811796898//28523625, 4222854008//28523625, 240102233//28523625, 1192035296//9507875, -77158051//1140945, -240542494//1901575, 31131500//228189, -660583604//5704725, 464269802//5704725, -1275059222//28523625, 422596228//28523625, 178497416//28523625, -27981132//1901575, 623138639//28523625, -296010211//28523625, 371780714//28523625, -54513611//28523625, 133951//1140945, -32583323//5704725, 1642408//380315, -15230876//5704725, 2271021//1901575, -2544262//28523625, -16168042//28523625, 24308086//28523625, -4580116//5704725, 20343634//28523625, -225089//731375, 2150268//9507875, 1607864//28523625, -130237//1140945]
2; 12; 10; 11; 12; 1; 1; 9; 1; 1; [18114787//3316625, 22689024//3316625, 19966384//3316625, 8917759//3316625, 12156408//3316625, 24023433//3316625, -44871296//3316625, -28133312//663325, -177449011//3316625, -31418136//663325, -1992558//51025, -46008192//663325, -1601096//26533, -568558032//3316625, -244029384//3316625, 12422427//255125, 725006601//3316625, 601908492//3316625, 528736302//3316625, 2553679026//3316625, 743577503//663325, 2527030391//3316625, -34456416//663325, -289553424//663325, 416469368//663325, -82799484//132665, 1613125584//3316625, -1083987552//3316625, 541446338//3316625, -83892987//3316625, -121305039//3316625, 297407046//3316625, -176801502//3316625, 82956912//663325, -56541107//3316625, 1330152//51025, -122648//4225, 16540032//663325, -2365152//132665, 33026664//3316625, -12383802//3316625, -2463202//3316625, 11289373//3316625, -981108//255125, 12628236//3316625, -6978607//3316625, 351752//132665, -291887//3316625]
2; 12; 10; 11; 2; 1; 1; 2; 1; 1; [1905583934//12944787375, -95383864//862985825, -1515205784//12944787375, -1373237321//2588957475, -5041458998//4314929125, 7914763777//12944787375, 6679146268//4314929125, -35672492//517791495, 2995072417//4314929125, 1071877764//862985825, 103602703//66383525, 444793072//862985825, 1712361124//517791495, 10553129642//4314929125, 7252372122//862985825, -1931730494//331917625, 18018479631//862985825, 161675079238//4314929125, -352204417912//12944787375, -183796611208//4314929125, -57836245238//2588957475, -165829850357//4314929125, -4284196156//862985825, -22499431366//862985825, 101339060086//2588957475, -6704627773//172597165, 135480909546//4314929125, -3504493406//172597165, 132224768222//12944787375, -268063311//172597165, -3992563551//4314929125, 49858000124//12944787375, -204714412//27483625, 3173733694//862985825, -21707853701//4314929125, 106652437//66383525, -1562469474//862985825, 1361216738//862985825, -194836996//172597165, 2820380516//4314929125, -205372866//862985825, -566979358//12944787375, 553999051//2588957475, -5541764//25532125, 2689907684//12944787375, -913724319//4314929125, 231931418//2588957475, -351619881//4314929125]
2; 12; 10; 11; 4; 1; 1; 7; 1; 1; [-517330456//660875475, -477638168//660875475, -2997663688//3304377375, -992052524//1101459125, -4851023864//3304377375, 2001864503//3304377375, 1739727736//660875475, 456455936//1101459125, 3781761032//1101459125, 102817884//16945525, 923370824//220291825, 2201498984//220291825, 7977776//1268475, 5069232608//220291825, 10616414048//660875475, 16417500131//1101459125, 5044502964//1101459125, 53961442364//3304377375, -210659715038//3304377375, -25390700516//220291825, -123647938936//1101459125, -207781701952//1101459125, -5638960508//220291825, 23474351104//220291825, -87125622928//660875475, 26813231732//220291825, -19894303608//220291825, 37487985104//660875475, -78727250666//3304377375, 1787696732//1101459125, 42989662987//3304377375, -68399441534//3304377375, 108566220//8811673, -20967243488//1101459125, 647734424//1101459125, -1258970302//220291825, 3843156088//660875475, -1039391984//220291825, 699783608//220291825, -14339584//8811673, 299459869//660875475, 1191786514//3304377375, -807386628//1101459125, 2751124732//3304377375, -2511746804//3304377375, 266629154//660875475, -419871768//1101459125, -63304296//1101459125]
2; 12; 10; 11; 6; 1; 1; 2; 1; 1; [95008803//331917625, 105037174//995752875, 360178313//995752875, -31283831//331917625, -67558672//331917625, -670377//1021285, 3857178//5106425, 43407539//199150575, -740155397//199150575, -105178402//66383525, 186010043//66383525, -96679666//13276705, -909100654//199150575, 318617147//331917625, -682119434//995752875, -5795023056//331917625, 9226887728//995752875, 2124806482//331917625, 6983903929//199150575, -247328742//13276705, 320860226//39830115, 25286648968//199150575, -1380108747//66383525, -5945723047//66383525, 1082711846//7966023, -9081713348//66383525, 109633354253//995752875, -24271619759//331917625, 36371011816//995752875, -8777670496//995752875, -2851375114//331917625, 3833693174//199150575, -1337386873//66383525, 257969704//15319275, -1165683028//199150575, 369659527//66383525, -1260978184//199150575, 73439849//13276705, -265185057//66383525, 2302150333//995752875, -880048352//995752875, -10251728//76596375, 682566524//995752875, -22055073//25532125, 167360356//199150575, -42051226//66383525, 25987388//66383525, -2608928//39830115]
2; 12; 10; 11; 3; 1; 1; 3; 1; 1; [-1854088231972//4162047755125, -477724646864//4162047755125, -4855260098356//12486143265375, 531642167214//4162047755125, -9356577603488//12486143265375, 2587633007059//2497228653075, 1593073630952//960472558875, 41802974315116//12486143265375, 27820113493409//12486143265375, 71477273004//33296382041, -691220268087//832409551025, 7197969171056//832409551025, -11294927588524//2497228653075, 5049388731844//320157519625, 15291337463424//4162047755125, 45029078519007//4162047755125, -100577178868294//4162047755125, 181256147958368//12486143265375, -113969914243498//2497228653075, -231798518645622//4162047755125, -724267256020561//12486143265375, -507596179124509//12486143265375, -1068996142704//166481910205, 163045488030388//832409551025, -222365162638864//832409551025, 213532982468712//832409551025, -830219320018124//4162047755125, 534087467089772//4162047755125, -758455078190762//12486143265375, 38657238745858//4162047755125, 272673392464609//12486143265375, -93467250780586//2497228653075, 142121991550334//4162047755125, -136857805379816//4162047755125, 234198149542153//12486143265375, -1873810408442//166481910205, 30190177423616//2497228653075, -8489827800996//832409551025, 5918650545608//832409551025, -16281510792364//4162047755125, 5444821097672//4162047755125, 6009848055538//12486143265375, -458541548154//320157519625, 21141485541964//12486143265375, -3863133888808//2497228653075, 13294425157327//12486143265375, -8920675754288//12486143265375, 2996004167833//12486143265375]
2; 12; 10; 11; 5; 1; 1; 5; 1; 1; [-736198//765375, -141272//30615, -644257//153075, -1861733//765375, -5455582//765375, -1987883//153075, -731348//153075, 597404//153075, 7320211//765375, -174212//153075, 114802//10205, 1659907//51025, 5375314//153075, 23902238//765375, 25469354//153075, 27862819//153075, 5554946//58875, 15351399//255125, 945946//3925, 17297986//153075, -53084827//153075, -40005797//58875, -25448192//153075, 369326//6123, 178417//11775, -7973221//153075, 17299258//255125, -8148986//153075, 8244883//153075, -6021332//255125, 3789382//255125, 105453//10205, -166838//153075, -1318//195, -30284713//765375, -85043//153075, -18718//10205, 444424//153075, -147038//51025, 609528//255125, -73413//51025, 148964//153075, -102211//765375, -96799//765375, 88373//153075, -48034//153075, 8686//153075, -211981//255125]
2; 12; 10; 11; 10; 1; 1; 2; 1; 1; [-1799708641//4314929125, 3173777148//4314929125, 2409800464//4314929125, 949309861//862985825, 3027643132//4314929125, -2816474922//4314929125, -9591288548//4314929125, 6322500144//4314929125, -12061392221//4314929125, -125884350//34519433, -435299622//66383525, 2790869868//862985825, -13798764224//862985825, 1052732016//4314929125, -46163943168//4314929125, -6629802873//331917625, -30475792977//862985825, -14898860572//4314929125, 203842053612//4314929125, 342225681678//4314929125, 250600840731//4314929125, 381433632421//4314929125, 6114733878//172597165, 184925146464//862985825, -274164609392//862985825, 271702590186//862985825, -1089262459572//4314929125, 715777956696//4314929125, -365522448622//4314929125, 15405271431//862985825, 93073570054//4314929125, -169339673784//4314929125, 208370988414//4314929125, -152054871552//4314929125, 131576267243//4314929125, -173702457//13276705, 12666311316//862985825, -10990781688//862985825, 7854451524//862985825, -22549722792//4314929125, 8351109471//4314929125, 1401193178//4314929125, -1409036417//862985825, 669773548//331917625, -7886445504//4314929125, 6391878719//4314929125, -3552504972//4314929125, 1999951223//4314929125]
2; 12; 10; 11; 8; 1; 1; 4; 1; 1; [1263463888849//320137287275, 3872561216688//1600686436375, 6244716914024//1600686436375, 602912062503//1600686436375, -3678606800608//1600686436375, 4546046829003//1600686436375, -19598069616176//1600686436375, -30491322451192//1600686436375, -23972505047077//1600686436375, -1453022900856//64027457455, -3428189121906//320137287275, -14270403555936//320137287275, -4527780833208//320137287275, -29924759644488//320137287275, -100217696635728//1600686436375, -217196494043364//1600686436375, 243873100092177//1600686436375, 388065774574108//1600686436375, 140858867988642//1600686436375, 58366248567522//123129725875, 10454097214468//20261853625, 1008758229536897//1600686436375, 17517590033184//64027457455, -227844171340776//320137287275, 263623100918304//320137287275, -233969431054608//320137287275, 168920861665464//320137287275, -2987471569176//9471517375, 188675235770968//1600686436375, 26659523945781//1600686436375, -119329553388361//1600686436375, 186904232101146//1600686436375, -136130437937382//1600686436375, 168742767098016//1600686436375, -37120526104589//1600686436375, 2333399730516//64027457455, -11346322922624//320137287275, 8918496872136//320137287275, -5784803515152//320137287275, 2794359933432//320137287275, -2827333154979//1600686436375, -27079325288//9471517375, 606218842737//123129725875, -7744670717596//1600686436375, 526847848932//123129725875, -3980598225847//1600686436375, 3209497891616//1600686436375, 83413384831//1600686436375]
2; 12; 10; 11; 5; 1; 1; 2; 1; 1; [910436639//995752875, 16963958//39830115, 96473683//199150575, 25186264//76596375, 40397226//331917625, -1233928688//995752875, -261994602//331917625, -1996145731//995752875, -349292116//995752875, -192436736//66383525, -14942842//2655341, -134648986//66383525, 498647714//199150575, -7304988773//331917625, -1470644564//199150575, -37072714//2655341, 13205908333//995752875, 9394640324//331917625, 18097505861//331917625, 22959564292//331917625, 85526640766//995752875, -22211436499//995752875, -1657038931//66383525, -226595719//13276705, 7489806092//199150575, -2810352117//66383525, 35744263033//995752875, -1777680623//66383525, 2900604554//199150575, -5069529641//995752875, 112216717//331917625, 7051900174//995752875, -897888569//331917625, 9260119558//995752875, -5086717487//995752875, 93544931//66383525, -75602006//39830115, 119524441//66383525, -92561943//66383525, 864919223//995752875, -84511676//199150575, 10291778//199150575, 165255119//995752875, -75331163//331917625, 101086608//331917625, -50564464//331917625, 71827306//331917625, -93895727//995752875]
2; 12; 10; 11; 8; 1; 1; 3; 1; 1; [81101633153312//54106620816625, 56935405330348//54106620816625, 89300265014312//54106620816625, 45493790823947//54106620816625, -1515530262666//54106620816625, 158663562076078//54106620816625, -323790610336656//54106620816625, -371803914876548//54106620816625, -12932397066343//2164264832665, -113908424180094//10821324163325, -62313545097537//10821324163325, -37606724884476//2164264832665, -118681566529724//10821324163325, -2005295069502342//54106620816625, -2146689420229078//54106620816625, -2536143682913862//54106620816625, 1677725810914533//54106620816625, 3814476059415726//54106620816625, -352841275737238//54106620816625, 12080665318901826//54106620816625, 12186271349531438//54106620816625, 258068123136703//832409551025, 2197979879877726//10821324163325, -220677036398334//832409551025, 107247315373930//432852966533, -2066032069508319//10821324163325, 6368546216037774//54106620816625, -3059737247606614//54106620816625, 236781072549154//54106620816625, 1309072069628679//54106620816625, -1739298200433012//54106620816625, 1915685787198866//54106620816625, -1017644816318682//54106620816625, 1597929727371174//54106620816625, 44147348589239//10821324163325, 127591751025774//10821324163325, -105876511301918//10821324163325, 14448738585954//2164264832665, -38922065327016//10821324163325, 56874389160324//54106620816625, 2287901558212//4162047755125, -79920968156606//54106620816625, 90771527574059//54106620816625, -75320271116052//54106620816625, 56632054109096//54106620816625, -1761571854534//4162047755125, 23366972439034//54106620816625, 3138631293011//10821324163325]
2; 12; 10; 11; 4; 1; 1; 6; 1; 1; [-100669//9949875, 358892//663325, 451916//1989975, -216063//3316625, 4021466//3316625, 43044169//9949875, 22775873//9949875, -29459408//9949875, 8721619//1989975, 20098516//1989975, -12614//26533, 4910443//1989975, 451649//132665, 60727889//9949875, -5816714//397995, -8715241//1989975, -49970897//3316625, -216459466//3316625, -504685093//3316625, -45405653//9949875, 945522208//9949875, -17142439//153075, -150555449//1989975, 3414859//30615, -219278857//1989975, 35074399//397995, -572154353//9949875, 56258003//1989975, -4454401//663325, -84163193//9949875, 115387216//9949875, -224224612//9949875, 43109837//3316625, -48777161//9949875, 203//26533, -10211141//1989975, 589582//132665, -2101661//663325, 240488//132665, -6568123//9949875, -21743//153075, 1118392//1989975, -7175338//9949875, 5936101//9949875, -6191012//9949875, 228662//765375, -519746//9949875, -172574//1989975]
2; 12; 10; 11; 12; 1; 1; 7; 1; 1; [-53028310866//14318968625, -20020292012//14318968625, -8857558196//2863793725, 10852069598//14318968625, -12937778356//14318968625, -69709164702//14318968625, 49134932012//2863793725, 246316049036//14318968625, 110086540032//14318968625, 49928965506//2863793725, 1195347141//220291825, 119891303172//2863793725, 4179828//5496725, 1209217707396//14318968625, 846524573192//14318968625, 4736321712//44058365, -2557772077698//14318968625, -1187012748464//14318968625, 129355741752//14318968625, -1476085158168//2863793725, -5916345706046//14318968625, -8578531232412//14318968625, -393893469054//2863793725, 2143026602388//2863793725, -2731388185848//2863793725, 2546236034298//2863793725, -9629449798392//14318968625, 6057262425476//14318968625, -528430627888//2863793725, 144721563666//14318968625, 1160221188128//14318968625, -1826545314684//14318968625, 299667419268//2863793725, -1742366104848//14318968625, 588612471864//14318968625, -9027370557//220291825, 121272415492//2863793725, -99654438492//2863793725, 67739243652//2863793725, -178367361372//14318968625, 52499131501//14318968625, 6757792124//2863793725, -77221079074//14318968625, 6465221996//1101459125, -74112247524//14318968625, 1883581088//572758745, -35909900908//14318968625, 4386856164//14318968625]
2; 12; 10; 11; 3; 1; 1; 11; 1; 1; [-225727459//28523625, -260430952//28523625, -112136192//9507875, -419790793//28523625, 2930974//5704725, 821478484//28523625, 360874044//9507875, 1101230804//28523625, 621737758//9507875, 139685868//1901575, 21824967//380315, 214893472//1901575, 493231156//5704725, 2591714738//9507875, 5351494942//28523625, 2735622387//9507875, 2566529311//9507875, -2988885766//5704725, -39770837974//28523625, -1110031268//731375, -44864709974//28523625, -15777545918//9507875, 13985388//1901575, 335859034//380315, -2313488278//1901575, 2252540907//1901575, -667935382//731375, 17250361006//28523625, -2616745544//9507875, 47687881//731375, 401148661//5704725, -491857474//2194125, 946753608//9507875, -2005468834//9507875, 194181176//9507875, -97203023//1901575, 63335002//1140945, -89358582//1901575, 62902828//1901575, -13261292//731375, 183342461//28523625, 21213576//9507875, -175630981//28523625, 1653724//228189, -232115152//28523625, 36647743//9507875, -126785782//28523625, -1107744//9507875]
2; 12; 10; 11; 2; 1; 1; 9; 1; 1; [-15164//63375, -59392//63375, -89636//63375, -24589//21125, 22824//21125, 304588//63375, 717944//63375, 880748//63375, 142352//12675, 38892//4225, 2971//325, 8288//845, 210188//12675, 583508//21125, 2774632//63375, 49744//1625, -111651//21125, -2223484//21125, -13275388//63375, -6651348//21125, -15948698//63375, -310928//2535, -14488//4225, -97132//4225, 88952//2535, -142124//4225, 607524//21125, -1022924//63375, 666368//63375, -49703//21125, -150802//21125, -315604//63375, -404384//21125, -153928//21125, -107144//12675, 466//325, -6728//4225, 236//169, -4136//4225, 12524//21125, -11044//63375, -712//63375, 3597//21125, -504//1625, 1556//63375, -26822//63375, -7624//63375, -1868//12675]
2; 12; 10; 11; 4; 1; 1; 4; 1; 1; [-116071897012//369389177625, 567698672//1136582085, 14659300616//24625945175, 169281638//378860695, 53989738852//73877835525, -229936227602//369389177625, -286248318632//123129725875, -3072209984//985037807, -1616109369176//369389177625, -108792181008//24625945175, -26602983424//4925189035, 6863287776//24625945175, -1080866528432//73877835525, -417432799116//123129725875, -2092307362732//73877835525, -364411719982//24625945175, 33141177962//4925189035, -3558950932//5682910425, 18605637939752//369389177625, 10775625344932//123129725875, 29694447506//311720825, 26279150328616//369389177625, 3350498655752//24625945175, 490903863492//4925189035, -16067134906172//73877835525, 5972331894346//24625945175, -1995051883676//9471517375, 11007533219948//73877835525, -2131715722464//24625945175, 157555152158//4925189035, 88171592384//14775567105, -9021419590384//369389177625, 4613129337956//123129725875, -654286435836//24625945175, 9806442551948//369389177625, -201806033022//24625945175, 160555451116//14775567105, -253601518156//24625945175, 15034962168//1894303475, -619550542928//123129725875, 171686775142//73877835525, -8479799472//24625945175, -4425079746//4925189035, 106696969408//73877835525, -529259331424//369389177625, 157562862416//123129725875, -1383101148//1894303475, 179225556548//369389177625]
2; 12; 10; 11; 6; 1; 1; 9; 1; 1; [64621//255125, -61183//765375, 65951//51025, 984016//765375, -2348134//765375, -4582082//765375, -1363763//255125, 799//6123, -2010007//765375, -631894//153075, 84997//10205, 1637033//153075, -1029913//153075, -35654233//765375, 10083713//765375, 2785312//153075, 103979//765375, 65007134//765375, 9530579//58875, 46849443//255125, -3057948//51025, -183450928//765375, -28878139//153075, 6863//6123, 1282241//11775, -23095123//153075, 109797776//765375, -86916931//765375, 3795672//51025, -9078461//255125, 2657849//255125, 4823992//255125, -8814173//765375, 2761496//153075, -21486554//765375, 499204//153075, -64278//10205, 1047977//153075, -296584//51025, 3085726//765375, -1726151//765375, 120946//153075, 186347//765375, -546683//765375, 277282//255125, -535408//765375, 89434//153075, -449374//765375]
2; 12; 10; 11; 3; 1; 1; 5; 1; 1; [-842369//663325, -26264833//3316625, -47586238//3316625, -30730144//3316625, 20144434//3316625, 167856922//9949875, 91035922//9949875, 80597794//3316625, 261212021//9949875, 5300682//132665, 237756//51025, 154302077//1989975, 131240332//1989975, 150618166//1989975, 1516699829//9949875, 85077851//255125, 1523027762//9949875, -3822780622//9949875, -10549085662//9949875, -6317320012//9949875, -7318638697//9949875, -3422106301//9949875, -124662718//132665, 908986214//1989975, -54446361//663325, -285790543//1989975, 101948198//397995, -855520576//3316625, 2339901662//9949875, -477581288//3316625, 635244139//9949875, -241800072//3316625, -412885066//9949875, -26576//21125, -523736273//9949875, -304432//30615, -6052414//1989975, 20054408//1989975, -7986564//663325, 21896012//1989975, -79536493//9949875, 51584632//9949875, -19263614//9949875, -79204//255125, 895318//3316625, -21699946//9949875, 9528074//9949875, -15324793//9949875]
2; 12; 10; 11; 10; 1; 1; 9; 1; 1; [2110188//663325, 1412784//3316625, -5483628//3316625, -6418824//3316625, 10962634//3316625, 19296094//3316625, 5354924//3316625, -50581584//3316625, -296154//26533, 4412844//663325, 405396//51025, -8427672//663325, 25647624//663325, -16216866//663325, 448588746//3316625, 46525176//255125, 241765884//3316625, -539805394//3316625, -684510994//3316625, -261322584//3316625, -9214731//3316625, -69897942//132665, -544786056//663325, -150229242//663325, 524465658//663325, -638315001//663325, 580088358//663325, -2144859642//3316625, 1339496334//3316625, -548848098//3316625, -11119982//3316625, 275581298//3316625, -444191952//3316625, 420359382//3316625, -16426584//132665, 1407897//51025, -177194//4225, 27899622//663325, -22468644//663325, 14927544//663325, -37777347//3316625, 9981954//3316625, 9257502//3316625, -1422464//255125, 19129628//3316625, -17055527//3316625, 11856582//3316625, -325764//132665]
2; 12; 10; 11; 4; 1; 1; 3; 1; 1; [-74789014799//499445730615, -1220996887996//12486143265375, -1504148487548//12486143265375, -281621088396//4162047755125, -145370649016//832409551025, 2438282516029//12486143265375, 552045621188//2497228653075, 13635104525948//12486143265375, 694706467922//499445730615, 814980175494//832409551025, -162406833473//166481910205, 160955615980//33296382041, -536766799172//166481910205, 1355798668568//166481910205, -32301553271324//12486143265375, -12482591912794//4162047755125, -14295286384024//4162047755125, 49892811396//166481910205, -154904373368674//12486143265375, -12368018758376//832409551025, -286284090926078//12486143265375, -3182781349654//499445730615, -19182398708306//832409551025, 21164226817672//166481910205, -16230952494268//99889146123, 1938095887876//12806300785, -19134817719356//166481910205, 894019988824648//12486143265375, -405795322774096//12486143265375, 12564031176048//4162047755125, 11996202619922//832409551025, -278993401115302//12486143265375, 17590551222652//832409551025, -77365858554388//4162047755125, 5669065943542//499445730615, -5806521224789//832409551025, 3601825055144//499445730615, -197552111048//33296382041, 671163313412//166481910205, -354971992836//166481910205, 7712018102093//12486143265375, 4759920100604//12486143265375, -3722328860332//4162047755125, 842332159164//832409551025, -11162403724432//12486143265375, 1556344039846//2497228653075, -4836090173944//12486143265375, 67152408706//499445730615]
2; 12; 10; 11; 8; 1; 1; 11; 1; 1; [129500564//24720475, 98703832//24720475, 135550848//24720475, 702184414//123602375, -126019654//123602375, -656295158//123602375, -1072126916//123602375, -805051532//123602375, -3051139382//123602375, -804058236//24720475, -40677891//1901575, -1474753248//24720475, -631854524//24720475, -3354803046//24720475, -1655804422//24720475, -295460922//1901575, -8734398474//123602375, 32643580474//123602375, 49869188978//123602375, 64199305836//123602375, 78280862432//123602375, 106217579302//123602375, -1082614836//24720475, -16586559918//24720475, 23477934322//24720475, -23017460649//24720475, 18012585066//24720475, -11881480366//24720475, 5628258138//24720475, -6294997872//123602375, -7199618098//123602375, 17702350934//123602375, -13439431152//123602375, 17217854406//123602375, -4627536724//123602375, 75311757//1901575, -1076418482//24720475, 919897098//24720475, -651427956//24720475, 72725628//4944095, -131003936//24720475, -36643866//24720475, 599758828//123602375, -55094536//9507875, 720467984//123602375, -451828837//123602375, 374908966//123602375, -41599204//123602375]
2; 12; 10; 11; 12; 1; 1; 6; 1; 1; [-7599958//3316625, 615291//3316625, -14863889//3316625, -8055238//3316625, -3149804//663325, -55539637//3316625, -7329432//3316625, -38976491//3316625, -45186001//3316625, 2810798//663325, -24079188//663325, 4494364//663325, 405461//51025, 112658753//3316625, 84157209//3316625, 503073764//3316625, 19217626//255125, 38167702//132665, 1168379857//3316625, -96527858//3316625, 1176971461//3316625, -328381289//3316625, -93511807//663325, 411017657//663325, -516145416//663325, 476013248//663325, -1790143066//3316625, 1108621547//3316625, -35749876//255125, 44964254//3316625, 55950603//663325, -294121309//3316625, 338975241//3316625, -220581152//3316625, 12704961//255125, -22275203//663325, 22717988//663325, -1426923//51025, 12495282//663325, -2501882//255125, 8981117//3316625, 7034332//3316625, -14106031//3316625, 3362211//663325, -12837589//3316625, 9792031//3316625, -4633112//3316625, 1797428//3316625]
2; 12; 10; 11; 3; 1; 1; 2; 1; 1; [-572745269//995752875, -53661576//66383525, -61861144//66383525, -1847499619//995752875, -1314521618//995752875, 2143416302//995752875, 2686172068//995752875, 3539884//2655341, 5983554518//995752875, 18893100//2655341, 326153863//66383525, 25244032//2655341, 2064757028//199150575, 7211057018//331917625, 1705332698//66383525, 6570814//1021285, 17663991453//331917625, 4984665098//995752875, -114004240322//995752875, -41406102596//331917625, -8821432068//66383525, -154001372038//995752875, -1827154916//13276705, 7270243658//66383525, -2821142242//39830115, 2369110231//66383525, -2127441846//331917625, -120118798//13276705, 1243214218//66383525, -5705375661//331917625, 16597380349//995752875, -105107198//6342375, 188603112//331917625, -532561778//66383525, -7815043364//995752875, -52004983//13276705, 147519982//66383525, -10428662//13276705, -11955716//66383525, 245974004//331917625, -57680804//66383525, 54415526//66383525, -562335643//995752875, 375036604//995752875, -257972456//995752875, -99063439//995752875, -1971922//66383525, -19334828//76596375]
2; 12; 10; 11; 5; 1; 1; 9; 1; 1; [-24331//19625, 433663//765375, -392311//255125, -451124//255125, -1423024//765375, -5248136//765375, -1232393//255125, -4007587//765375, -8623607//765375, 26938//11775, -59629//3925, -33409//2355, 22951//3925, 1625083//58875, -181223//765375, 70655803//765375, 39989077//765375, 33048368//255125, 177247511//765375, 11541623//255125, 112897217//765375, 6391222//765375, -4938017//11775, 3047323//11775, -274163//2355, 116818//11775, 3244534//58875, -61388039//765375, 21422328//255125, -15704573//255125, 36787747//765375, -8283062//765375, 5413547//765375, 9272126//765375, -7684954//765375, -90643//11775, 25352//11775, 3437//2355, -12916//3925, 219794//58875, -2467459//765375, 1828534//765375, -981769//765375, 154969//255125, 214918//765375, -278888//765375, 487076//765375, -355874//765375]
2; 12; 10; 11; 8; 1; 1; 5; 1; 1; [-38369679//3316625, -23226254//3316625, 14460361//3316625, 9113924//3316625, -51116346//3316625, -35671692//3316625, 126241938//3316625, 200108788//3316625, 41583296//3316625, -7498258//663325, 50383821//663325, 59785259//663325, -55585597//663325, 1164011124//3316625, 996503804//3316625, -28004537//255125, -1922699514//3316625, -2202706//19625, 1230024012//3316625, -2838061858//3316625, -7649007778//3316625, -4112938601//3316625, 1005691802//663325, 482074986//663325, -1245930481//663325, 1448087463//663325, -6366474473//3316625, 363324014//255125, -2767489583//3316625, 1006195068//3316625, 66638508//3316625, -694643919//3316625, 862086076//3316625, -8171642//21125, 535084227//3316625, -45512172//663325, 64099794//663325, -62234624//663325, 49013787//663325, -157880743//3316625, 78427702//3316625, -15488048//3316625, -25672222//3316625, 41776508//3316625, -43286799//3316625, 34533151//3316625, -2459758//255125, 10254832//3316625]
2; 12; 10; 11; 2; 1; 1; 7; 1; 1; [375971057209//42956905875, 18852361312//42956905875, 213508301512//42956905875, -269615825731//42956905875, 272003353948//42956905875, 584423966657//42956905875, -1737387779368//42956905875, -856949078312//42956905875, -64066102686//14318968625, -69674671824//2863793725, 734511694//220291825, -11709092976//114551749, 946545032//16490175, -2872549773948//14318968625, -3432691558852//42956905875, -165570980813//1101459125, 8107991663297//14318968625, -2907589785148//42956905875, -8408557410782//42956905875, 15261324070796//14318968625, 25022570593502//42956905875, 16082910714726//14318968625, -2224265506144//2863793725, -5522607249948//2863793725, 5355159620492//1718276235, -9164167700306//2863793725, 37425110205556//14318968625, -76295898779236//42956905875, 39728781346034//42956905875, -3369683908439//14318968625, -7846559546234//42956905875, 16812275362594//42956905875, -5752063731212//14318968625, 5973903727212//14318968625, -3279333651322//14318968625, 27654476718//220291825, -1265684644076//8591381175, 75047311492//572758745, -274869108984//2863793725, 811609288456//14318968625, -989639106866//42956905875, -57205425586//42956905875, 665326561043//42956905875, -66546675848//3304377375, 813130681684//42956905875, -595998632336//42956905875, 424640327716//42956905875, -49474815522//14318968625]
2; 12; 10; 11; 12; 1; 1; 4; 1; 1; [3192734488899//1600686436375, 2364455401608//1600686436375, 3530411694804//1600686436375, 1748696711084//1600686436375, 4009972594776//1600686436375, 16031537426392//1600686436375, 5272396582432//1600686436375, -5806631928772//1600686436375, -3113445482066//1600686436375, -847702189512//64027457455, -1897510038933//320137287275, -6449905155864//320137287275, -1037236202284//64027457455, -64014514337364//1600686436375, -72276872670528//1600686436375, -149185227963324//1600686436375, 53284949280756//1600686436375, -22729311139656//1600686436375, -309765307998052//1600686436375, 8428983601716//123129725875, 4965176965063//20261853625, 831148914653266//1600686436375, 30604603088796//64027457455, -125158567440948//320137287275, 83948293102256//320137287275, -8853788062212//64027457455, 57421283490468//1600686436375, 3156693546132//123129725875, -103157219983152//1600686436375, 110175988723068//1600686436375, -94299821720163//1600686436375, 52536780029804//1600686436375, -33095500917816//1600686436375, 31801552102056//1600686436375, 40304682794078//1600686436375, 913435642416//64027457455, -2696225690072//320137287275, 1071957555444//320137287275, 2725630656//12805491491, -3685552547172//1600686436375, 4755810945066//1600686436375, -27756872928//9471517375, 274434443936//123129725875, -2247490952508//1600686436375, 59616635228//123129725875, -53315575306//1600686436375, -65786222344//1600686436375, 1349976922058//1600686436375]
2; 12; 10; 11; 8; 1; 1; 2; 1; 1; [3735166711//4314929125, 3834209292//4314929125, 3933106912//4314929125, 6645439914//4314929125, 5931913058//4314929125, -3483575477//862985825, -13863914184//4314929125, -165863684//4314929125, -3868259058//862985825, -5217571782//862985825, -356410203//66383525, -8828537868//862985825, -5016234836//862985825, -111764755386//4314929125, -23840179722//4314929125, -2384392659//331917625, -169464065754//4314929125, -46835385638//4314929125, 141944521196//862985825, 558760092114//4314929125, 496275826559//4314929125, 29960121006//172597165, -98582477322//862985825, -38914393914//862985825, 110309577142//862985825, -131070952221//862985825, 579511399962//4314929125, -430753680666//4314929125, 254172505424//4314929125, -112125028152//4314929125, -5899452244//4314929125, 3921288532//172597165, -63716375298//4314929125, 107525047122//4314929125, -6428771844//862985825, 305246844//66383525, -5750794266//862985825, 5644242438//862985825, -4494190464//862985825, 14584723932//4314929125, -7314642741//4314929125, 1550161124//4314929125, 1907069508//4314929125, -292122148//331917625, 923703212//862985825, -2896659888//4314929125, 2766801742//4314929125, -129091068//862985825]
