3; 4; 8; 6; 6; 1; 1; 6; 2; 1; [-9226432//79155375, -552846//5277025, -15538447//79155375, -6069767//26385125, 41635102//79155375, 1250228//15831075, -1251314//79155375, -15681659//79155375, -101656012//79155375, -2853312//5277025, -1031418//1055405, 29592727//15831075, 4768256//5277025, 491660797//79155375, 59763316//15831075, 668707697//79155375, -129480419//79155375, -1276536452//79155375, 17644847//3166215, 1034194064//79155375, 1024402303//26385125, 5055194957//79155375, 202650473//5277025, 9441499//633243, -226591191//5277025, 806436013//15831075, -1193245093//26385125, 532464847//15831075, -515429658//26385125, 213141021//26385125, -11987122//26385125, -77011336//15831075, 15257183//2029625, -128269426//26385125, 636373441//79155375, -24425719//15831075, 7073386//3166215, -34792487//15831075, 9228559//5277025, -30036683//26385125, 696617//1217775, -9212264//79155375, -12706042//79155375, 22034099//79155375, -4867042//15831075, 21676732//79155375, -909466//6088875, 4084087//26385125]
3; 4; 8; 6; 5; 2; 1; 2; 1; 1; [11580472692//16438862375, 4919915324//49316587125, 25470057443//49316587125, 105733840313//49316587125, 16736924917//9863317425, -126780988573//49316587125, -327576398803//49316587125, -318759769678//49316587125, 102661252171//49316587125, -11650271272//9863317425, -11351380406//1972663485, 7004572948//9863317425, 1594099919//151743345, -588809009452//16438862375, -1039593267329//49316587125, -770291902828//49316587125, -376211699353//49316587125, 7915651962//657554495, 1284621181206//16438862375, 3608876179011//16438862375, 2863641604701//16438862375, -7929839904541//49316587125, -2038369778017//9863317425, -14687680009//394532697, 1688678630048//9863317425, -424346763848//1972663485, 3247367468329//16438862375, -7475653827922//49316587125, 1516361023082//16438862375, -683921907198//16438862375, 36516374321//9863317425, 26521094503//1146897375, -937212079871//49316587125, 1806062721524//49316587125, -1491955673413//49316587125, 56922221072//9863317425, -18329747336//1972663485, 7215589174//758716725, -15323292352//1972663485, 257292517217//49316587125, -136589402432//49316587125, 36986064151//49316587125, 26340631846//49316587125, -3885731566//3287772475, 69227109979//49316587125, -3685663132//3793583625, 48232431839//49316587125, -2322952231//3793583625]
3; 4; 8; 6; 2; 1; 1; 4; 1; 1; [7288//14625, 99094//190125, 25433//38025, -86//12675, -5968//14625, -28628//21125, -24124//21125, 383329//190125, -128507//190125, -44692//12675, -85669//38025, -50932//7605, 28007//12675, -1253149//190125, -128878//63375, -159988//12675, -22706//7605, 2491774//190125, 14091437//190125, 11857676//190125, -172118//14625, 8622337//190125, -207729//4225, -942713//12675, 8516//65, -5271424//38025, 7324256//63375, -1689963//21125, 108506//2535, -3106//225, -1076788//190125, 3795151//190125, -349293//21125, 3162688//190125, -1992839//190125, 196526//38025, -240346//38025, 43669//7605, -54362//12675, 494108//190125, -23598//21125, 812//38025, 22837//38025, -160223//190125, 170291//190125, -114752//190125, 8792//21125, -3596//21125]
3; 4; 8; 6; 8; 1; 1; 9; 1; 1; [236714797751//178767164875, 26445933214//178767164875, 44365979117//178767164875, 3287198388//35753432975, -144557230414//35753432975, -6857049648//2750264075, -1221595110979//178767164875, -486667914151//35753432975, -1996561120751//178767164875, -42818456364//2750264075, -422325164541//35753432975, -391346842798//35753432975, -68439252638//7150686595, -6385448320276//178767164875, 1670639825836//178767164875, 2257369277593//178767164875, 2390833874661//35753432975, 6109207248711//35753432975, 4849148305004//35753432975, 52983273425919//178767164875, 2246636321941//7150686595, 60028569864141//178767164875, 11039906377728//35753432975, -8480823639706//35753432975, 5275261870592//35753432975, -486406376933//7150686595, 1075834247017//178767164875, 5201347370138//178767164875, -7789098859651//178767164875, 339731973343//7150686595, -1009209273791//35753432975, 1077170252907//35753432975, 197161864072//178767164875, 47820668769//2750264075, 3221972896873//178767164875, 296481786397//35753432975, -159084849674//35753432975, 47037003458//35753432975, 5254565358//7150686595, -326942661313//178767164875, 369512195043//178767164875, -321149551256//178767164875, 48776027272//35753432975, -879205737//1430137319, 14674634587//35753432975, 51329951262//178767164875, 1816489494//35753432975, 101762786823//178767164875]
3; 4; 8; 6; 9; 1; 1; 11; 1; 1; [-4076041849851//14122606025125, -34078113039944//14122606025125, -24285462170163//14122606025125, 6153042898309//14122606025125, 4870687564706//14122606025125, 23504465983508//14122606025125, 81407743498439//14122606025125, 207357118750//112980848201, -40055833454371//14122606025125, 27259157234802//2824521205025, 46908157995264//2824521205025, 52489334964//2824521205025, -12037683823973//2824521205025, 96177929152126//14122606025125, 1013639327787434//14122606025125, 471539882426528//14122606025125, 34529683599366//14122606025125, -196787808490116//14122606025125, -2470346210478668//14122606025125, -4079485298651499//14122606025125, -75520437725399//2824521205025, 1783248548257581//14122606025125, -448349432444058//2824521205025, -189860314439546//2824521205025, 526954331932454//2824521205025, -618826361584583//2824521205025, 51992199759986//266464264625, -151463927276466//1086354309625, 1214269380177719//14122606025125, -480366112082872//14122606025125, -34209625653233//14122606025125, 202976666013051//14122606025125, -606205733503072//14122606025125, 76716458351456//2824521205025, -229448831966647//14122606025125, 19057826818208//2824521205025, -27177120375114//2824521205025, 26639550033086//2824521205025, -21097967294517//2824521205025, 68754995415788//14122606025125, -33009936633568//14122606025125, 7440680140254//14122606025125, 9955588418183//14122606025125, -18001254695718//14122606025125, 16822644763131//14122606025125, -19349461397872//14122606025125, 2130430478534//2824521205025, -4463912281437//14122606025125]
3; 4; 8; 6; 12; 1; 1; 11; 1; 1; [14081267004056//14122606025125, 17199558400189//14122606025125, 10111305723616//14122606025125, 186704305878//217270861925, -24359048706118//14122606025125, -25551271256697//14122606025125, -21522689588253//14122606025125, -49478166805744//14122606025125, 12405024330326//14122606025125, -17551345557026//2824521205025, -1566062619681//112980848201, 1094132865341//2824521205025, -1736822175428//2824521205025, -365223298512736//14122606025125, -4203560672603//266464264625, -323449323708611//14122606025125, -52244267270664//2824521205025, 1275105794172498//14122606025125, 1314041907790132//14122606025125, 1799937676300743//14122606025125, 1848531902211249//14122606025125, -1385596043022606//14122606025125, 7923736492618//217270861925, 12309221821486//564904241005, -147925336175959//2824521205025, 168077093409767//2824521205025, -751280624935053//14122606025125, 519172833388168//14122606025125, -321009316245048//14122606025125, 1616298758426//217270861925, 73770224963499//14122606025125, -30504383181864//14122606025125, 196937108720614//14122606025125, -23768271468018//14122606025125, 19150304086112//14122606025125, -5512412519414//2824521205025, 1488833151958//564904241005, -7162545517696//2824521205025, 5576801415528//2824521205025, -18139518508023//14122606025125, 8301535018488//14122606025125, -1685439603388//14122606025125, -640767471332//2824521205025, 6035039018204//14122606025125, -3995585756224//14122606025125, 5753870780699//14122606025125, -1287150185258//14122606025125, 338791440092//14122606025125]
3; 4; 8; 6; 10; 1; 1; 6; 2; 1; [34882194//26385125, -141288//2029625, 723057//405925, 11598622//5277025, -37789444//26385125, 65112402//26385125, -56376022//26385125, -88372247//26385125, -76861443//26385125, -78973498//5277025, -59344716//5277025, 456912//211081, -87972956//5277025, -1371085974//26385125, 22647004//26385125, -56042094//1055405, 107382177//5277025, 1599357759//26385125, -889527102//26385125, 5174746722//26385125, 3706677602//26385125, 4312927793//26385125, 1733666642//5277025, -619616376//5277025, -30784172//1055405, 568131294//5277025, -275020939//2029625, 3205223912//26385125, -37859619//405925, 296732793//5277025, -556512433//26385125, -1289157//2029625, 566959176//26385125, -306307569//26385125, 659082119//26385125, 5252133//5277025, 19740716//5277025, -6097656//1055405, 30668136//5277025, -125500367//26385125, 82937862//26385125, -8766804//5277025, 454076//1055405, 11036257//26385125, -20479851//26385125, 26111686//26385125, -1186388//2029625, 16834509//26385125]
3; 4; 8; 6; 4; 1; 1; 8; 1; 1; [-16852456//11975025, 66915584//59875125, -171882654//259458875, 449940376//778376625, 316930088//155675325, -842558654//259458875, 67418876//31135065, -2564654108//778376625, -3171300464//778376625, 154059728//31135065, -891724108//51891775, 248669768//155675325, -123640214//155675325, 760153606//51891775, -3713966864//59875125, 2947705034//259458875, -69180120476//778376625, -4584374576//155675325, 54443739122//778376625, -1510410244//10378355, 107667338378//778376625, -15700752332//259458875, -4499553862//31135065, 24303449762//51891775, -29348138624//51891775, 26510839392//51891775, -19637980382//51891775, 175537055374//778376625, -24790475288//259458875, -2785076708//778376625, 8379543098//155675325, -4399800188//59875125, 700863158//10378355, -40376528566//778376625, 27039993652//778376625, -256201116//10378355, 3827145224//155675325, -3071102378//155675325, 676530368//51891775, -26293454//3991675, 1179715694//778376625, 433232172//259458875, -2557513438//778376625, 41385758//11975025, -2255223904//778376625, 60697852//31135065, -268948672//259458875, 267361142//778376625]
3; 4; 8; 6; 6; 1; 1; 4; 1; 1; [2812//4225, -304708//190125, 20378//63375, -13564//190125, -49136//38025, 103178//63375, 88429//63375, 434362//190125, 182593//38025, 15736//2925, 92489//7605, -200411//38025, 367988//38025, 6959//12675, 10029038//190125, -6512249//190125, 2408278//63375, 216947//12675, -6790613//63375, -817279//14625, -77363//1125, -467534//7605, -7436347//38025, -310177//1521, 5027483//12675, -1818688//4225, 13928476//38025, -48412931//190125, 2993607//21125, -9016418//190125, -545822//38025, 8486848//190125, -11842261//190125, 9676669//190125, -543662//12675, 582172//38025, -147826//7605, 686021//38025, -520543//38025, 322876//38025, -714751//190125, 58748//190125, 112379//63375, -98582//38025, 476888//190125, -405766//190125, 27906//21125, -28592//38025]
3; 4; 8; 6; 5; 2; 1; 10; 1; 1; [1624531838881//536301494625, 539195439587//536301494625, -277693514972//536301494625, 241689160373//536301494625, -153525874627//35753432975, 5197127431501//536301494625, -18798976748//4290411957, -14394633711332//536301494625, -5647811705702//536301494625, -1284567769649//35753432975, -195719468284//8250792225, -102970373573//4290411957, -290472458649//7150686595, -726697201394//13751320375, 10672888864808//536301494625, -9198625006906//178767164875, 44192081086312//536301494625, 3928478939189//21452059785, -110805440005216//536301494625, 2829339898066//7150686595, 141119158500104//178767164875, 95804545758579//178767164875, 43998686989986//35753432975, -22102944187719//35753432975, 986862218034//7150686595, 1171947068099//7150686595, -167696244460633//536301494625, 20020888657//59875125, -50764564872863//178767164875, 107327342135401//536301494625, -10740776216233//107260298925, 4783273433409//178767164875, 662053907794//21452059785, -1671766816339//536301494625, 12626949544342//178767164875, 116858456869//8250792225, 97869478069//35753432975, -86392155778//7150686595, 323226508964//21452059785, -7484673014818//536301494625, 1879219451983//178767164875, -1162074404183//178767164875, 1564670685841//536301494625, -1331708072//35753432975, -837588207848//536301494625, 3387395073//1430137319, -714872136289//536301494625, 1104469557991//536301494625]
3; 4; 8; 6; 4; 2; 1; 6; 1; 1; [382493903//237466125, 666650638//237466125, 17330873//3653325, 4092083//1217775, 47821421//237466125, -200808194//237466125, -300094396//47493225, -2500135876//237466125, -1467074426//79155375, -1103402413//47493225, -353818136//47493225, -101534891//3166215, -2162375794//47493225, -15566397683//237466125, -22937603348//237466125, -7693299076//47493225, -1357950769//47493225, 36510503914//237466125, 48419508824//237466125, 10133919017//47493225, 59063635766//237466125, 54524482081//79155375, 7206391834//15831075, -5162726747//15831075, 1754815631//9498645, -3360151934//47493225, -421239731//26385125, 12706730386//237466125, -3797456734//47493225, 3118117792//47493225, -10351338658//237466125, 9585061957//237466125, -194118266//47493225, 969700091//79155375, 8989044464//237466125, 516766348//47493225, -26895686//5277025, 1314218//1899729, 10136916//5277025, -252337403//79155375, 740094266//237466125, -2902606//1055405, 82390421//47493225, -62414861//79155375, 101210342//237466125, 17443882//47493225, -5006178//26385125, 82223233//79155375]
3; 4; 8; 6; 5; 1; 1; 6; 1; 1; [-16113191//79155375, -71242448//79155375, -82438819//79155375, -33605852//15831075, -167791802//79155375, -252588634//79155375, -423985828//79155375, -159604916//79155375, -47485631//26385125, -1799087//3166215, 2281663//5277025, -9121997//15831075, 224586769//15831075, 1603799806//79155375, 2458571653//79155375, 1187299333//26385125, 1235633804//15831075, 2135617764//26385125, 2010088593//26385125, 7445508913//79155375, 518310571//79155375, 2089190406//26385125, -328593322//3166215, -10928197//1217775, 383540946//5277025, -500392142//5277025, 2398588756//26385125, -5365145086//79155375, 1203154869//26385125, -263001737//15831075, 496884256//79155375, 304499214//26385125, -222917847//26385125, 1045727258//79155375, -182346202//26385125, 7417132//3166215, -21434978//5277025, 22505429//5277025, -55975949//15831075, 194242268//79155375, -101921981//79155375, 35106092//79155375, 4256599//15831075, -35304764//79155375, 52341547//79155375, -35290321//79155375, 30747278//79155375, -12410891//79155375]
3; 4; 8; 6; 12; 1; 1; 5; 1; 1; [-62622154//79155375, -14318264//26385125, -7690871//3166215, -13401572//79155375, 2224699//3166215, -39612889//26385125, 350426606//79155375, 5740237//2029625, 550884928//79155375, 206654807//15831075, -11428689//5277025, 219051437//15831075, 202508363//15831075, 608813488//26385125, 871381114//26385125, 359654601//5277025, -4316085478//79155375, -45161128//1217775, -3174543908//79155375, -14165149886//79155375, -5225962483//79155375, -28632502573//79155375, -3435322778//15831075, 1609048256//5277025, -1558959541//5277025, 94766652//405925, -303534522//2029625, 1974218137//26385125, -58092039//5277025, -2020482524//79155375, 608485921//15831075, -3481407689//79155375, 2136690772//79155375, -2146642159//79155375, -266011844//79155375, -73215774//5277025, 187273082//15831075, -43850634//5277025, 73851692//15831075, -42042011//26385125, -34858729//79155375, 26026037//15831075, -155973089//79155375, 27100954//15831075, -105403279//79155375, 49976777//79155375, -30811319//79155375, -24035944//79155375]
3; 4; 8; 6; 5; 2; 1; 8; 1; 1; [8097281997//3372965375, 53862320428//10118896125, 19266407722//10118896125, 29474152662//3372965375, 22457076166//10118896125, 37220905508//3372965375, 80533084717//10118896125, -265886575757//10118896125, -4320002611//2023779225, -57988156312//2023779225, -58464407663//2023779225, -54089711212//2023779225, -102993191017//2023779225, -1007933830001//10118896125, -407599007656//3372965375, -1734439314122//10118896125, -1691426693981//10118896125, 988131030464//10118896125, -1602516110809//10118896125, 109536214356//3372965375, 3395099241334//3372965375, 39730860263//404755845, 233824915616//155675325, -1125703684483//2023779225, -213807195892//2023779225, 313401888621//674593075, -5974666672313//10118896125, 5412099890911//10118896125, -4207517473751//10118896125, 2466463287617//10118896125, -1079627089523//10118896125, 582928846//778376625, 556508587499//10118896125, -111764492758//3372965375, 166791067882//2023779225, 3914173594//674593075, 31930157018//2023779225, -51181439618//2023779225, 17386000339//674593075, -71388552141//3372965375, 10973842702//778376625, -76632963911//10118896125, 19179560927//10118896125, 15916319737//10118896125, -34225280702//10118896125, 37022095244//10118896125, -23104240154//10118896125, 1570914213//674593075]
3; 4; 8; 6; 2; 1; 1; 3; 1; 1; [43913//1119625, 2092252//671775, -719723//671775, 1697044//671775, 34552342//3358875, 11022392//3358875, -7578006//1119625, -622282//258375, -14242222//1119625, -24196682//671775, -2675629//223925, 10024747//671775, -10949013//223925, -192645689//3358875, -70841002//671775, 19087814//223925, -63344486//671775, -205332254//1119625, 481110173//3358875, 682363888//3358875, 396877661//3358875, 54976327//63375, 67579891//51675, -77116067//671775, -404047873//671775, 603268411//671775, -3021843887//3358875, 480174589//671775, -316897862//671775, 158890616//671775, -73468027//1119625, -181350046//3358875, 423993439//3358875, -408415877//3358875, 494255843//3358875, -11003788//671775, 24819482//671775, -27995117//671775, 8112428//223925, -87572257//3358875, 3333513//223925, -248874//44785, -131773//134355, 14641099//3358875, -18840236//3358875, 6144988//1119625, -13204562//3358875, 836861//258375]
3; 4; 8; 6; 9; 1; 1; 5; 1; 1; [-51726524//237466125, -85618393//237466125, -8769661//237466125, 87591226//79155375, 135644812//237466125, -176190161//47493225, -83386838//47493225, -392800511//237466125, -186512868//26385125, -380523782//47493225, 136712807//47493225, -7746917//15831075, -210945989//47493225, -329312746//237466125, 2853959378//237466125, -1317549709//237466125, -8606467993//237466125, 3730352528//237466125, 7339004249//47493225, 2218121161//47493225, 20640590536//237466125, 4368226663//26385125, 33168637//1217775, -270784006//15831075, 371013434//47493225, -49593064//47493225, -272714326//79155375, 1358248379//237466125, -1294680232//237466125, 606946861//237466125, -494595431//237466125, 400477321//47493225, 83466197//47493225, 285371471//79155375, 1941325051//237466125, 24158717//47493225, -2371414//15831075, -4229039//47493225, 3281728//15831075, -6388777//26385125, 52568749//237466125, -12437554//79155375, 13659326//237466125, -1634707//79155375, 18677//146133, 3114416//47493225, 3263081//79155375, 13651717//79155375]
3; 4; 8; 6; 7; 1; 1; 6; 1; 1; [-39881383//6088875, 7242754//6088875, -36003103//2029625, -36766328//2029625, -564048//156125, -41298706//2029625, 189937598//6088875, 127374178//6088875, 71129261//6088875, 16871536//243555, 41307//6245, 50973842//405925, 197176736//1217775, 1236845368//6088875, -326412314//6088875, 2898277469//6088875, 339122729//6088875, -7055152//156125, 430367406//2029625, -10589122718//6088875, -1996318521//2029625, -9760825486//6088875, -58149760//48711, 565105496//243555, -3059199374//1217775, 2614599736//1217775, -9084269476//6088875, 5078008708//6088875, -1613831143//6088875, -524949683//6088875, 1749428126//6088875, -2067534481//6088875, 1441627696//6088875, -565858278//2029625, 417332062//6088875, -2128208//18735, 25679216//243555, -97301956//1217775, 20182128//405925, -134133956//6088875, 11639183//6088875, 21492794//2029625, -30829726//2029625, 92255936//6088875, -73102591//6088875, 40016446//6088875, -29971504//6088875, -802131//2029625]
3; 4; 8; 6; 10; 1; 1; 4; 1; 1; [130999//63375, -87013//63375, -52229//63375, 203282//63375, -160294//63375, -5634//845, 428308//63375, -97//375, -1019717//63375, 22928//4225, 161126//12675, -199819//12675, -8914//2535, -3039599//63375, 5237683//63375, -566932//21125, -1551029//21125, 13208149//63375, 472019//4225, -5303976//21125, 4469346//21125, 16975537//63375, -6923471//12675, -2107519//12675, 6941921//12675, -112003//169, 37832933//63375, -27963851//63375, 5642994//21125, -2461987//21125, 1301//125, 22578//325, -6409159//63375, 6114364//63375, -3553819//63375, 244381//12675, -122072//4225, 365309//12675, -19563//845, 967913//63375, -487676//63375, 116552//63375, 39463//21125, -226708//63375, 52918//12675, -233434//63375, 165764//63375, -71524//63375]
3; 4; 8; 6; 6; 1; 1; 3; 1; 1; [-113719//51675, 5656//6625, -66802//17225, -236882//258375, 23446//51675, -2035262//258375, 2434808//258375, -343186//86125, -3451583//258375, 1929638//51675, -54628//3445, 80557//10335, 1313774//51675, 3099449//51675, -530878//19875, 1199846//10335, -18466558//258375, 5264228//51675, 19744817//258375, -39933746//86125, 88941883//258375, -4763484//86125, -50046037//51675, 10184117//10335, -2762681//3445, 27883969//51675, -4772806//17225, 19018973//258375, 3313627//51675, -2547968//19875, 7414961//51675, -30048224//258375, 16589831//258375, -8493661//258375, 3913654//258375, -39176//975, 302282//10335, -59139//3445, 117347//17225, 10664//17225, -1227962//258375, 108858//17225, -1531919//258375, 237773//51675, -717974//258375, 4492//4875, 10418//86125, -11372//19875]
3; 4; 8; 6; 5; 1; 1; 6; 2; 1; [-84133324//79155375, 28848827//79155375, -29388328//26385125, -26555983//15831075, 14198018//79155375, 2588188//26385125, 51554062//26385125, 310861//2029625, 152130033//26385125, 162432512//15831075, -24543398//15831075, 34219232//5277025, 144789524//15831075, 2545002934//79155375, -772647079//26385125, 3243496084//79155375, 361219162//15831075, -4108103953//79155375, 7255507//26385125, -11227660961//79155375, -140944343//26385125, -10766336014//79155375, -1422444016//5277025, 1517586844//5277025, -3819639524//15831075, 2658423364//15831075, -2381223841//26385125, 749390383//26385125, 367845724//26385125, -521835047//15831075, 2985276421//79155375, -2828255302//79155375, 1568000362//79155375, -417362919//26385125, 4499656//26385125, -189171677//15831075, 47346976//5277025, -86718886//15831075, 12615742//5277025, -2335116//26385125, -98793091//79155375, 142185442//79155375, -5412178//3166215, 105056951//79155375, -70862242//79155375, 8509419//26385125, -7837502//79155375, -19248797//79155375]
3; 4; 8; 6; 4; 2; 1; 6; 2; 1; [-37108986//26385125, -36752669//26385125, -30565492//79155375, -123240226//79155375, -6845979//26385125, 352392893//79155375, 12258396//5277025, -2729548//6088875, 259295928//26385125, 154104422//15831075, 40990951//15831075, 83287108//15831075, 35069929//5277025, 3346650778//79155375, 691153807//79155375, 839390557//79155375, 2249933636//79155375, -1803996841//26385125, -5004523646//26385125, -67400309//633243, -5608840351//79155375, -27765487844//79155375, 81149464//5277025, 210588722//1217775, -3922225367//15831075, 3853211707//15831075, -15097815866//79155375, 9976199006//79155375, -1626304258//26385125, 1136618968//79155375, 1177426486//79155375, -3251042089//79155375, 470471539//15831075, -2547525208//79155375, 330448318//79155375, -162821797//15831075, 59970283//5277025, -154407673//15831075, 109573813//15831075, -102244447//26385125, 2857944//2029625, 691279//2029625, -32931974//26385125, 119631491//79155375, -42138363//26385125, 15589643//15831075, -56748563//79155375, -405344//26385125]
3; 4; 8; 6; 3; 1; 1; 7; 1; 1; [74907437417//41253961125, 14705000053//41253961125, -41695854656//41253961125, 376881841532//41253961125, -135683935474//13751320375, -11153127353//2750264075, 85449341864//13751320375, -447136135724//13751320375, -17517002111//1650158445, -260648020042//8250792225, -104530394626//2750264075, 146966072501//8250792225, -641321207339//8250792225, -2630887410817//41253961125, 3046307622757//41253961125, -570083805038//13751320375, -2264247087744//13751320375, 19947298709527//41253961125, 1400617507//2750264075, 10454780189468//41253961125, 41922178740617//41253961125, -12904601074//550052815, 11567788921553//8250792225, 1050180784967//8250792225, -8191578535879//8250792225, 10706440754981//8250792225, -16884237644112//13751320375, 38950751266061//41253961125, -24484268087597//41253961125, 10954223906794//41253961125, -520202786969//41253961125, -913339399996//8250792225, 7625914999799//41253961125, -5353255697129//41253961125, 233921349436//1650158445, -265237335938//8250792225, 456916280878//8250792225, -479128883671//8250792225, 132559973098//2750264075, -456078652382//13751320375, 246030185642//13751320375, -75603988034//13751320375, -120818945291//41253961125, 307175847956//41253961125, -13399628744//1650158445, 101464542473//13751320375, -59607145778//13751320375, 1665194858//550052815]
3; 4; 8; 6; 10; 1; 1; 3; 1; 1; [4565536//1119625, 20373303//1119625, 4793249//1119625, 9880408//1119625, 27369456//1119625, -4972977//1119625, -36558146//1119625, -10106911//1119625, -33115344//1119625, -29927966//223925, -22836912//223925, 1473298//223925, -1247895//8957, -288246766//1119625, -551990603//1119625, 106975446//1119625, -370477708//1119625, -325666931//1119625, 1271690272//1119625, 1598571686//1119625, 615789966//1119625, 2240327079//1119625, 816443494//223925, -52907932//223925, -30998794//17225, 117377398//44785, -224341161//86125, 2287705426//1119625, -1512046647//1119625, 740937036//1119625, -183296873//1119625, -149037189//1119625, 456447608//1119625, -383929357//1119625, 448826037//1119625, -214483//4225, 24285912//223925, -27072648//223925, 4670709//44785, -83531913//1119625, 46985261//1119625, -17268232//1119625, -3834004//1119625, 14672447//1119625, -17577769//1119625, 349636//21125, -12407112//1119625, 9857362//1119625]
3; 4; 8; 6; 12; 1; 1; 5; 2; 1; [-6609916//79155375, 18592342//26385125, -22908087//26385125, 20744443//79155375, 26542664//26385125, -52369716//26385125, 176912//93675, -58148771//26385125, -236530363//79155375, 1441126//211081, -4369184//1055405, -29353771//5277025, 22266073//3166215, 22474827//26385125, -1678100276//79155375, 592828832//26385125, -576514808//79155375, 81936841//26385125, 2171659358//79155375, -478120209//5277025, 12930768703//79155375, 832753928//79155375, -196536679//1055405, 105907673//633243, -1960068818//15831075, 78316479//1055405, -2417252932//79155375, -40142886//26385125, 515878466//26385125, -2031950434//79155375, 148995958//6088875, -107990362//6088875, 42490714//5277025, 41832623//26385125, 116568994//79155375, -20387291//3166215, 13392923//3166215, -11214029//5277025, 1532359//3166215, 15038631//26385125, -85804663//79155375, 92200558//79155375, -77080319//79155375, 53613814//79155375, -9209237//26385125, 29572//633243, 4853943//26385125, -9855671//79155375]
3; 4; 8; 6; 7; 1; 1; 6; 2; 1; [-3644//4875, 2318//4875, -2864//975, -11216//4875, -4448//4875, -134//75, 6424//975, 42446//4875, 57658//4875, 8092//975, -2152//325, 382//75, 21104//975, 159854//4875, -5066//1625, 82816//975, -12478//1625, -2318//125, 1706//25, -13744//65, -317292//1625, -832696//1625, -191798//975, 308114//975, -105098//325, 258824//975, -66326//375, 454726//4875, -21406//975, -91922//4875, 14918//375, -13784//325, 29102//975, -180548//4875, -34544//4875, -14522//975, 992//75, -3142//325, 1862//325, -11038//4875, -704//4875, 8//5, -3314//1625, 3108//1625, -1396//975, 248//325, -2968//4875, -608//1625]
3; 4; 8; 6; 5; 1; 1; 4; 1; 1; [-281527//63375, 143737//190125, 4373//2535, 113422//38025, 151526//14625, 2329199//190125, -1247302//190125, -2284547//190125, 2228864//190125, 55064//38025, -736759//38025, 279326//38025, -2027458//38025, 12471821//190125, -18763577//190125, 1501336//38025, -265699//4225, -82184963//190125, -585187//1625, 61073962//190125, 80541397//190125, 5147444//21125, 13043833//12675, 16095121//38025, -45045374//38025, 52942372//38025, -235840012//190125, 172562089//190125, -20507284//38025, 1649183//7605, -1833679//190125, -3330833//21125, 997109//4875, -3418486//21125, 9594316//63375, -1622879//38025, 2331694//38025, -2287331//38025, 603971//12675, -5905862//190125, 2911859//190125, -122536//38025, -170617//38025, 161834//21125, -1683457//190125, 1415941//190125, -876214//190125, 556333//190125]
3; 4; 8; 6; 9; 1; 1; 5; 2; 1; [27561049//237466125, 64397707//79155375, 438884//1055405, 7031873//15831075, 85580743//237466125, 471779873//237466125, -94135868//79155375, -60525323//26385125, -82536146//47493225, -697718//93675, -195024371//47493225, -9590911//3166215, -143712722//47493225, -361383973//79155375, -2165482187//79155375, -505083697//47493225, 107104084//47493225, 166485244//18266625, -1804155878//237466125, 15891090454//237466125, 28758689662//237466125, 496497997//3653325, 13453672709//47493225, -5206932806//47493225, -125926763//9498645, 3874899193//47493225, -8372110829//79155375, 1780865759//18266625, -3605495317//47493225, 57522424//1217775, -5000739104//237466125, 159725012//79155375, 967696094//79155375, -227387896//26385125, 107394572//5277025, 65007911//47493225, 42410932//15831075, -42896552//9498645, 222759677//47493225, -921875492//237466125, 47901484//18266625, -67490368//47493225, 3998533//9498645, 58738826//237466125, -15348366//26385125, 1450256//2029625, -112303889//237466125, 25294853//47493225]
3; 4; 8; 6; 12; 1; 1; 2; 1; 1; [19694563102//16438862375, -12357098677//16438862375, 33823877878//16438862375, 11856068464//16438862375, -26604099506//16438862375, 45913267609//16438862375, -71854594432//16438862375, -7711474419//16438862375, -46940882451//16438862375, -1369910866//131510899, 12543688572//3287772475, -34605158814//3287772475, -26573018246//3287772475, -513877363537//16438862375, 323531211467//16438862375, -1016536770468//16438862375, 598827405851//16438862375, 14827272462//1264527875, 203786472431//16438862375, 3258019567602//16438862375, -1429524259681//16438862375, 4225406999496//16438862375, 109737854599//657554495, -1144029086983//3287772475, 1264046358556//3287772475, -1089271477711//3287772475, 3836268073299//16438862375, -2171191636669//16438862375, 739868430511//16438862375, 207970949853//16438862375, -698108956927//16438862375, 20536826976//382299125, -652163296649//16438862375, 535406683152//16438862375, -175284784422//16438862375, 11350411292//657554495, -53363229022//3287772475, 40914525469//3287772475, -25731667419//3287772475, 58700532609//16438862375, -6979844489//16438862375, -25161942174//16438862375, 892255571//382299125, -38154016497//16438862375, 31257694968//16438862375, -18013729404//16438862375, 221657954//382299125, 796787968//16438862375]
3; 4; 8; 6; 4; 2; 1; 4; 1; 1; [-538769//63375, 35246//21125, -93733//12675, 42778//21125, 170618//4875, 2227019//63375, -1852252//190125, -138833//21125, 3426179//190125, -1558894//38025, -1158//169, 265771//2535, -1783669//12675, 1569644//63375, -5511996//21125, 1638188//4225, -23200787//190125, -219294422//190125, -12853834//14625, 1402547//190125, -41674513//190125, 229262686//190125, 153869026//38025, 4088728//7605, -2611978//845, 50302241//12675, -704608894//190125, 178331671//63375, -1472844//845, 150538574//190125, -25497286//190125, -74054941//190125, 7782122//14625, -103295159//190125, 92108858//190125, -3890426//38025, 1294759//7605, -148977//845, 1841644//12675, -6269953//63375, 3319331//63375, -190747//12675, -197474//21125, 3944444//190125, -4844581//190125, 1371052//63375, -2999779//190125, 637661//63375]
3; 4; 8; 6; 11; 1; 1; 7; 1; 1; [-16731527568//3372965375, -37238804943//7150686595, -535687652982//178767164875, -47726052909//7150686595, 1128247561562//178767164875, -1150386918461//178767164875, 1232208525544//178767164875, 7731413373131//178767164875, 3302844122403//178767164875, 1798825455948//35753432975, 2028579468894//35753432975, 774202462102//35753432975, 3360112210319//35753432975, 23327002486524//178767164875, 3248253933929//35753432975, 24273709851322//178767164875, -236665120116//35753432975, -89585785812602//178767164875, 5670857570656//178767164875, -117997251896014//178767164875, -220330605373406//178767164875, -136245548142148//178767164875, -67563680273592//35753432975, 12402007793814//35753432975, 22268032097492//35753432975, -37786239986211//35753432975, 199204663617877//178767164875, -32704352652056//35753432975, 113515890804896//178767164875, -12070220430906//35753432975, 14169675808739//178767164875, 10029931679958//178767164875, -29462188323122//178767164875, 17738664302027//178767164875, -30565231154794//178767164875, 474229858317//35753432975, -1504826211154//35753432975, 1812583315058//35753432975, -1631581882329//35753432975, 6076664079107//178767164875, -725676766059//35753432975, 1547793874526//178767164875, -140131539//35753432975, -74125626832//13751320375, 1233281610898//178767164875, -1286817638052//178767164875, 740810802022//178767164875, -714551385669//178767164875]
3; 4; 8; 6; 9; 1; 1; 2; 1; 1; [8078113741//16438862375, 249690174//16438862375, 5886709022//16438862375, 5948522448//16438862375, -12788565958//16438862375, -24761797843//16438862375, -17321009943//16438862375, -35552771407//16438862375, -3701471292//3287772475, 570682602//131510899, 15478936233//3287772475, -9114725874//3287772475, 1667431572//657554495, -266671558286//16438862375, 127941701196//16438862375, -35455073402//16438862375, 213442646002//16438862375, 758271259353//16438862375, 863653642418//16438862375, 350989326983//16438862375, 432999941867//16438862375, -22759710612//657554495, -103810197798//657554495, -129959240582//3287772475, 482320684356//3287772475, -23691101045//131510899, 2690098398302//16438862375, -2015657655122//16438862375, 1228720551544//16438862375, -520365664284//16438862375, 53929375534//16438862375, 319808600219//16438862375, -384146934216//16438862375, 410706264641//16438862375, -66999371346//3287772475, 3343503196//657554495, -25713780218//3287772475, 25920408734//3287772475, -322475316//50581115, 69681450112//16438862375, -35827220432//16438862375, 9141316094//16438862375, 8348123726//16438862375, -15987280191//16438862375, 19033862509//16438862375, -15377081956//16438862375, 266470442//382299125, -1347150482//3287772475]
3; 4; 8; 6; 3; 1; 1; 12; 1; 1; [-1615177568//13751320375, 14182444313//41253961125, 396187028//2750264075, -21181902731//41253961125, 63294653794//41253961125, 119078855596//13751320375, -17612488471//41253961125, 126067770563//41253961125, 220315294959//13751320375, -265319018908//8250792225, -140039528906//2750264075, -242564345963//8250792225, -594981350251//8250792225, -1760237643122//13751320375, -7303853456443//41253961125, -219349680424//1650158445, -271005195661//1057793875, -19100805175304//41253961125, -6903654495706//13751320375, -13085106931919//41253961125, -29228217865313//41253961125, -32311801785362//41253961125, 323685180404//634676325, 88799552014//2750264075, -952258558781//2750264075, 1249465137183//2750264075, -18118505464738//41253961125, 4489502754372//13751320375, -1795235308558//8250792225, 1198439887121//13751320375, -1438693608212//41253961125, -836494113828//13751320375, 1916508575378//41253961125, -3886038201529//41253961125, 627566391124//41253961125, -30286376049//2750264075, 53271502546//2750264075, -169399733812//8250792225, 46930840027//2750264075, -491686294928//41253961125, 258185450036//41253961125, -17594251726//8250792225, -47222885387//41253961125, 28320312846//13751320375, -45252005038//13751320375, 31175054271//13751320375, -101389104194//41253961125, 5815215603//13751320375]
3; 4; 8; 6; 7; 1; 1; 4; 1; 1; [-264067//63375, 24081//21125, 4997//4225, -39054//4225, -96754//12675, 103438//21125, -9862//2535, -18578//63375, 2618153//63375, 283628//12675, -406973//12675, 100889//4225, 742127//12675, 3396739//21125, -435571//4875, 10423//12675, 2558359//12675, -213776//2535, -11296309//63375, 3684878//12675, -24277372//63375, -33086116//21125, -2714297//12675, 261163//325, -4177871//4225, 11484872//12675, -42400964//63375, 25855001//63375, -751268//4225, 205333//12675, 1137023//12675, -8978932//63375, 140291//975, -7655351//63375, -229244//63375, -544168//12675, 548878//12675, -444217//12675, 297248//12675, -754654//63375, 63707//21125, 34388//12675, -22727//4225, 25527//4225, -341912//63375, 50177//12675, -153436//63375, -37594//63375]
3; 4; 8; 6; 12; 1; 1; 10; 1; 1; [-8397412//26983723, -14212475439//3372965375, -24519770556//3372965375, -38503446661//3372965375, -20228224902//3372965375, 15691349653//3372965375, 43494276756//3372965375, 61218642146//3372965375, 50187304977//3372965375, 1762028662//134918615, 28229392473//674593075, 38401693178//674593075, 47022190721//674593075, 27668574961//674593075, 271032081369//3372965375, 2568253084//19958375, 870138120231//3372965375, 333053674742//3372965375, -898874642273//3372965375, -2563688725006//3372965375, -3846777475896//3372965375, -2751390074442//3372965375, -42497734553//134918615, -81898648387//674593075, 240551590208//674593075, -280301015119//674593075, 253707401216//674593075, -915771616933//3372965375, 571957060513//3372965375, -186466564667//3372965375, 7266325831//3372965375, 101319494806//3372965375, -308302737973//3372965375, 9364974807//3372965375, -267380228256//3372965375, 1714418078//134918615, -12378021818//674593075, 12234945497//674593075, -742820592//51891775, 6366782974//674593075, -1195097296//259458875, 3791695638//3372965375, 397248496//259458875, -7822170789//3372965375, 7892939006//3372965375, -9476724828//3372965375, 136566754//259458875, -5129291036//3372965375]
3; 4; 8; 6; 5; 1; 1; 3; 1; 1; [-21373//86125, -3072922//258375, 769373//258375, -322043//51675, -2621992//86125, -2118973//258375, 1172738//51675, -1980049//258375, 5393902//258375, 7036028//51675, 154464//3445, -1361201//17225, 7932736//51675, 16786808//86125, 98547002//258375, -25190316//86125, 16298873//51675, 4272279//6625, -158111192//258375, -12423932//17225, 104929729//258375, -175619719//86125, -244328062//51675, 1321462//3445, 38191149//17225, -56672208//17225, 282945269//86125, -224410598//86125, 443520391//258375, -44347651//51675, 20070846//86125, 50823544//258375, -7954724//17225, 41544449//86125, -2367907//4875, 1051754//17225, -280208//2067, 2623956//17225, -2276882//17225, 8174089//86125, -13964419//258375, 5176276//258375, 64643//17225, -1382389//86125, 5283214//258375, -1034351//51675, 3885032//258375, -2795446//258375]
3; 4; 8; 6; 9; 1; 1; 10; 1; 1; [76800472531//178767164875, 112029562674//35753432975, 931951385591//178767164875, 1460887513194//178767164875, 1531943031446//178767164875, -155387942131//178767164875, -84527926279//7150686595, -2715750473603//178767164875, -2706500414382//178767164875, -891974864938//35753432975, -226442630049//7150686595, -1694502130874//35753432975, -2139668659424//35753432975, -6521996037416//178767164875, -2316273141732//35753432975, -17002177428316//178767164875, -38137369342389//178767164875, -32978196914151//178767164875, 41931612448566//178767164875, 1869064878059//2750264075, 165008701501608//178767164875, 163856492972417//178767164875, 1686508257794//2750264075, -1025842170094//7150686595, -5799258554824//35753432975, 10776974660341//35753432975, -58975048048983//178767164875, 1966681628374//7150686595, -35514278572803//178767164875, 17530716493853//178767164875, -7991994539873//178767164875, -287484352067//178767164875, 2460918931472//35753432975, -672963813371//178767164875, 14758783693241//178767164875, -91521302692//35753432975, 84064348114//7150686595, -532180003106//35753432975, 488539785564//35753432975, -1860086999493//178767164875, 226922871896//35753432975, -522684862358//178767164875, 497993446//13751320375, 212728989657//178767164875, -320566593457//178767164875, 91482069548//35753432975, -141808434366//178767164875, 326256245906//178767164875]
3; 4; 8; 6; 4; 2; 1; 3; 1; 1; [-19608294//1119625, -101485481//3358875, 19910203//3358875, -21262679//671775, -80251058//1119625, 997733//44785, 220133579//3358875, -89574103//3358875, 157737349//1119625, 260239202//671775, 52850483//671775, -57926528//671775, 11336186//26871, 3209627737//3358875, 2397265346//3358875, -596433911//1119625, 57388831//51675, 2393366489//3358875, -1979631034//671775, -2227103423//1119625, 381043033//3358875, -25001277352//3358875, -6486593783//671775, 1947682853//671775, 1076940932//671775, -34824762//8957, 389368199//86125, -4366386704//1119625, 9476652671//3358875, -359835978//223925, 2267653057//3358875, -41156569//671775, -1892395897//3358875, 159838808//258375, -3063267956//3358875, 8562//4225, -96760363//671775, 133353148//671775, -394741//2067, 168475362//1119625, -320917312//3358875, 2902622//63375, -4886287//671775, -49917553//3358875, 15911639//671775, -97418137//3358875, 76223309//3358875, -24404477//1119625]
3; 4; 8; 6; 8; 1; 1; 7; 1; 1; [189042351//674593075, -3454279778//3372965375, 1680597258//3372965375, -46366199//26983723, 2627159658//3372965375, -1247926148//3372965375, -7700934656//3372965375, 848191296//259458875, 7255675623//3372965375, 406416576//674593075, 4701341631//674593075, -898224558//674593075, 7718057332//674593075, -3761198027//674593075, 84509386848//3372965375, -34093558293//3372965375, 47331425121//674593075, -256472406438//3372965375, 38158934703//3372965375, 11129389316//3372965375, -304920418993//3372965375, -10291707116//259458875, -121002478449//674593075, -71388960589//674593075, 13030406904//51891775, -192720821473//674593075, 168818461571//674593075, -605744003181//3372965375, 351991742951//3372965375, -24981826609//674593075, -29079433544//3372965375, 104673402464//3372965375, -131911435717//3372965375, 109792346071//3372965375, -100359473294//3372965375, 6280537219//674593075, -8574222746//674593075, 8232222703//674593075, -6413827107//674593075, 4107448333//674593075, -9750210681//3372965375, 1638656956//3372965375, 719264384//674593075, -5887923299//3372965375, 5912459194//3372965375, -4841193457//3372965375, 3042930546//3372965375, -1872749864//3372965375]
3; 4; 8; 6; 12; 1; 1; 8; 1; 1; [18847606073//3372965375, -12291625854//3372965375, 32592169877//3372965375, 3980186049//3372965375, -3741480502//674593075, 46730766324//3372965375, -78059099364//3372965375, -17816486347//3372965375, 3763214027//674593075, -48768570718//674593075, 791486304//26983723, -21222854863//674593075, -8096360398//134918615, -372911561723//3372965375, 304871161444//3372965375, -1081009132282//3372965375, 799106949306//3372965375, 35148250422//674593075, -527300376179//3372965375, 3799617987864//3372965375, -1222549050568//3372965375, 2417367516//3991675, 967085087237//674593075, -51299276969//26983723, 1213508062237//674593075, -187697024197//134918615, 2942677499891//3372965375, -1365307643553//3372965375, 142334711904//3372965375, 44004437276//259458875, -169049543934//674593075, 846511516753//3372965375, -537846335713//3372965375, 422461599286//3372965375, -6277199918//134918615, 57440622548//674593075, -1918107090//26983723, 33034563753//674593075, -21246381//798335, 27789801901//3372965375, 13359804412//3372965375, -35387434946//3372965375, 40802832958//3372965375, -7079830279//674593075, 25482737493//3372965375, -12026297993//3372965375, 5048133226//3372965375, 435307148//674593075]
3; 4; 8; 6; 7; 1; 1; 3; 1; 1; [1484311//1119625, 10409792//1119625, 69739//17225, -5295174//1119625, -51726//44785, -5081807//1119625, -16055132//1119625, 143038//21125, 3370867//223925, -8790698//223925, -14192799//223925, 599782//44785, 989484//44785, -29883901//1119625, -20773314//86125, -339416//8957, 59632849//1119625, 5919247//223925, 661801747//1119625, 911404762//1119625, -457980819//1119625, -129437842//223925, 148327237//223925, 38102291//223925, -27977476//44785, 34327963//44785, -60134656//86125, 570816199//1119625, -71244874//223925, 154788167//1119625, -707218//223925, -51581279//1119625, 157070061//1119625, -133729967//1119625, 11981304//223925, -4866782//223925, 7435414//223925, -1497941//44785, 1211073//44785, -20172578//1119625, 10101094//1119625, -529158//223925, -2334963//1119625, 968988//223925, -363373//86125, 5304636//1119625, -3587902//1119625, 249124//223925]
3; 4; 8; 6; 11; 1; 1; 12; 1; 1; [-4739474921//178767164875, -19951340301//178767164875, -1765764928//13751320375, 3022657019//7150686595, 128247919256//178767164875, 14713477581//35753432975, 82894756374//178767164875, 61201247113//35753432975, 535659413383//178767164875, 377382335162//35753432975, 155781867726//7150686595, 1211245931171//35753432975, 1795041789781//35753432975, 13095631916896//178767164875, 15956804073081//178767164875, 20710842674779//178767164875, 188810192323//1430137319, 26482736608849//178767164875, 1399658629068//7150686595, 43607567228106//178767164875, 7605928474732//35753432975, 40312610996907//178767164875, 4701838055552//35753432975, -306477979774//7150686595, -494474321479//35753432975, 1752304855426//35753432975, -9382645802157//178767164875, 9686088824488//178767164875, -5682799748948//178767164875, 201304239739//7150686595, -445920888818//178767164875, 312140792308//35753432975, 2962770318038//178767164875, 5646807717//2750264075, 3127140924601//178767164875, 9100175873//35753432975, 12012620064//7150686595, -86320702776//35753432975, 88014672699//35753432975, -334026945777//178767164875, 240600965233//178767164875, -96201272458//178767164875, 368444335//1430137319, 52852530817//178767164875, -5414233274//35753432975, 7577948866//13751320375, -3872187624//35753432975, 70558782481//178767164875]
3; 4; 8; 6; 4; 1; 1; 9; 1; 1; [-6849729632//3173381625, -65200656704//41253961125, -30289509294//13751320375, -53621025446//13751320375, -1201646572//3173381625, 99726004008//13751320375, 177896405512//13751320375, 514642728806//41253961125, 868228904482//41253961125, 47291203264//1650158445, 24296653246//2750264075, 14487824726//550052815, 62047988768//1650158445, 1041039890942//13751320375, 428024912388//13751320375, 2080112237252//41253961125, 1185283421618//41253961125, -6057826687534//41253961125, -15442394879954//41253961125, -19462293502316//41253961125, -18092481385586//41253961125, -2004316498624//3173381625, -533182097618//1650158445, 1005989436266//2750264075, -522166127686//1650158445, 126184889394//550052815, -404501427074//3173381625, 2081830438342//41253961125, 427621305676//41253961125, -121755927082//3173381625, 1798763634368//41253961125, -2620184385172//41253961125, 573946268882//41253961125, -1720921916128//41253961125, -259530276412//13751320375, -1704114478//110010563, 99269213452//8250792225, -838262122//110010563, 1998680598//550052815, -377640734//778376625, -53764071458//41253961125, 90930741196//41253961125, -90587881636//41253961125, 23307588796//13751320375, -4922727464//3173381625, 10111939712//41253961125, -23006696348//41253961125, -27364593436//41253961125]
3; 4; 8; 6; 9; 1; 1; 8; 1; 1; [-121460513//674593075, -163969722//674593075, -757826997//3372965375, 1214617394//3372965375, 544496814//3372965375, 4647738996//3372965375, -28436672//134918615, 1063776953//3372965375, -10065240169//3372965375, 222704758//134918615, -1246664553//674593075, 4352283207//674593075, -2894212316//674593075, 858543529//674593075, -2738090172//674593075, 41784227672//3372965375, -6725636479//3372965375, 761445536//3372965375, -234740015441//3372965375, -4786057474//674593075, 113246344797//3372965375, 449983050539//3372965375, -5397320327//134918615, 40386520247//674593075, -3085546521//51891775, 32206840349//674593075, -4267654973//134918615, 10702846027//674593075, -11005665174//3372965375, -13876367637//3372965375, 26317689388//3372965375, -39155569338//3372965375, 4630185441//674593075, -11872661374//3372965375, 29858969347//3372965375, -374411548//134918615, 1628847618//674593075, -1165888907//674593075, 670809741//674593075, -252499907//674593075, -8519383//134918615, 1049800886//3372965375, -1293258087//3372965375, 1194754443//3372965375, -1106680528//3372965375, 108202794//674593075, -154699314//3372965375, 406587002//3372965375]
3; 4; 8; 6; 5; 2; 1; 9; 1; 1; [-21827316661//107260298925, 202064642986//536301494625, -279300850508//536301494625, 4504627459042//536301494625, 5596529051576//536301494625, 9519189434494//536301494625, 3263666701034//178767164875, -4598741933078//536301494625, -1040560433702//35753432975, -889460523232//21452059785, -68929737584//2750264075, -945289262984//107260298925, -113202882394//2023779225, -20647714297//35753432975, -22546148754731//536301494625, -27623675021629//178767164875, -222624328929797//536301494625, -155043004518071//536301494625, -197958491761124//536301494625, -53299734285377//536301494625, 8044669241351//10118896125, 132614097929249//107260298925, 27673654774741//21452059785, -16056154808771//107260298925, -19480711679933//35753432975, 29952456201416//35753432975, -90908821470209//107260298925, 366762723367792//536301494625, -249145926148631//536301494625, 116185959898109//536301494625, -13134104230526//178767164875, -37466355321982//536301494625, 18610184879103//178767164875, -44820419554226//536301494625, 17006633199776//107260298925, -23245364608//1650158445, 3667177763296//107260298925, -4207400281091//107260298925, 3689671352282//107260298925, -178278425152//7150686595, 7769777338202//536301494625, -3093369474626//536301494625, -527241087991//536301494625, 2089372855082//536301494625, -3050784056617//536301494625, 884761265108//178767164875, -43641916499//13751320375, 14880919210//4290411957]
3; 4; 8; 6; 8; 1; 1; 12; 1; 1; [-17352029956//35753432975, -69258071283//35753432975, -478089329314//178767164875, -7842755246//3372965375, -1373434310224//178767164875, -22109754923//3372965375, -1115251223713//178767164875, -19014745901//2750264075, 1070700339152//178767164875, 3804692126//7150686595, 655395036291//35753432975, 2115168302804//35753432975, 112967150703//2750264075, 3662603152631//35753432975, 7883375791//42311755, 38221127913569//178767164875, 45420842241883//178767164875, 72399074061584//178767164875, 63861027451499//178767164875, 88132985571333//178767164875, 14137527281647//35753432975, 4011383825543//178767164875, 3528420123731//7150686595, 1308965780071//35753432975, -11919994085236//35753432975, 15963905368894//35753432975, -14872644210412//35753432975, 11896803707121//35753432975, -34894050965433//178767164875, 19113429665799//178767164875, 71351916754//13751320375, -3753053195293//178767164875, 14562810366149//178767164875, -1515399219712//35753432975, 8970440854729//178767164875, -76770562601//7150686595, 675557449544//35753432975, -54621102813//2750264075, 595154612406//35753432975, -405971010152//35753432975, 227368716467//35753432975, -314559460898//178767164875, -124005332951//178767164875, 37610373479//13751320375, -442354241933//178767164875, 515451458699//178767164875, -10425480092//7150686595, 192365990529//178767164875]
3; 4; 8; 6; 2; 1; 1; 11; 1; 1; [-68802440987//651812585775, -13591083873811//42367818075375, -43170466852//3259062928875, 4296163887154//42367818075375, 10593064341982//42367818075375, 29120568773533//42367818075375, 38142449843491//42367818075375, 41295678905191//42367818075375, 10899093277429//14122606025125, 9032840119674//2824521205025, 2601452975773//564904241005, 17128548152051//8473563615075, 32785132950839//8473563615075, 59813374422953//8473563615075, 520844855245561//42367818075375, 140163344384416//42367818075375, 78950782174217//14122606025125, -126446659679467//42367818075375, -854204586870023//42367818075375, -813176977563871//42367818075375, -57612148696812//14122606025125, 665017054604323//42367818075375, -97243243057551//2824521205025, -21079563759931//1694712723015, 319308132150151//8473563615075, -377415250722641//8473563615075, 68494010787698//1694712723015, -1228917955746337//42367818075375, 754457762643973//42367818075375, -297992431248427//42367818075375, -4209751007797//14122606025125, 150091653657521//42367818075375, -98114902622261//14122606025125, 79685842110634//14122606025125, -162384425873861//42367818075375, 11385324472568//8473563615075, -1104995096938//564904241005, 5472414921573//2824521205025, -4347803803958//2824521205025, 8628516348956//8473563615075, -538361427438//1086354309625, 4908979301498//42367818075375, 6020187037643//42367818075375, -3648948718152//14122606025125, 3633695108137//14122606025125, -10510008919628//42367818075375, 126193855654//799392793875, -3203456018116//42367818075375]
3; 4; 8; 6; 3; 1; 1; 6; 1; 1; [150187438//237466125, 3281782//18266625, -24499342//237466125, 333789584//237466125, 213700408//237466125, 91818496//79155375, 150188496//26385125, 134720672//18266625, 6640436//1217775, -464552//15831075, 34390418//5277025, 128177704//47493225, -152403346//9498645, -3342535618//237466125, 2032157464//237466125, -730853176//79155375, -12936419474//237466125, -13344414268//237466125, -15676494868//237466125, -43081359674//237466125, -45727606876//237466125, -1341815242//47493225, 1071873628//15831075, -266962876//3653325, 988075628//15831075, -140543738//3166215, 5617905116//237466125, -1877423398//237466125, -80295026//26385125, 1420598588//237466125, -3021604774//237466125, 1471975616//237466125, -274685144//18266625, -1098674128//237466125, -28584292//9498645, 145834606//47493225, -36769924//15831075, 22851722//15831075, -6245548//9498645, 10166986//237466125, 72470362//237466125, -107410684//237466125, 94023548//237466125, -95638144//237466125, 42249586//237466125, -64969772//237466125, -10814626//79155375, 89402//15831075]
3; 4; 8; 6; 6; 1; 1; 11; 1; 1; [4855708647662//3259062928875, 367141021492//217270861925, 119638667789//130362517155, 3848629935779//3259062928875, 1676112916536//1086354309625, 2784879214229//3259062928875, -14526280519522//3259062928875, -8367558303088//651812585775, -21843952932068//3259062928875, -233778371864//217270861925, -2978244813441//217270861925, -69676345572//4099450225, 1832100099907//651812585775, -48766832139364//1086354309625, -2594721727484//50139429675, -22486516069423//651812585775, 43613412110212//1086354309625, 93330585978239//1086354309625, 118697335444336//3259062928875, 536877223554172//3259062928875, 302292677572003//651812585775, 21355996703972//83565716125, -21203516312624//217270861925, -12158810746816//217270861925, 28790622547524//217270861925, -33093189636606//217270861925, 429167112203374//3259062928875, -64534597441504//651812585775, 11874620457149//217270861925, -21625201287164//1086354309625, 1441470169012//1086354309625, 58042688463283//3259062928875, -43766651036374//3259062928875, 498920231048//12298350675, -138709726004//41253961125, 1069657369204//217270861925, -4417140030112//651812585775, 26624897072//4099450225, -1104559990139//217270861925, 10512225571574//3259062928875, -349987833794//217270861925, 53177139146//217270861925, 1838634594083//3259062928875, -890663203143//1086354309625, 3129408210883//3259062928875, -681513838963//1086354309625, 200027645568//217270861925, -200475428956//3259062928875]
3; 4; 8; 6; 2; 1; 1; 5; 1; 1; [32653//190125, 4144//4225, -152//21125, -480503//190125, -284317//190125, 5257//7605, -11383//12675, 315712//63375, 1566329//190125, -193504//38025, -61619//12675, 8738//975, 463336//38025, 220184//63375, -367243//12675, 612656//63375, 10302238//190125, 811247//190125, 313121//12675, 1449536//38025, -52856576//190125, -52055504//190125, 4438426//38025, 49658//38025, -2647453//38025, 1225007//12675, -5846798//63375, 898258//12675, -2906452//63375, 360643//14625, -697334//190125, -81439//12675, 548204//38025, -4903103//190125, -286282//190125, -81586//38025, 1311//325, -55024//12675, 140239//38025, -162548//63375, 2123//1521, -88966//190125, -134//1125, 96841//190125, -7391//12675, 4378//7605, -121453//190125, 1198//190125]
3; 4; 8; 6; 10; 1; 1; 11; 1; 1; [980246801362//2824521205025, -15433807941952//14122606025125, -506191359542//2824521205025, 12293440636769//14122606025125, -45016769300444//14122606025125, -8448588616281//14122606025125, 11250670917614//2824521205025, -37339549030711//14122606025125, 6117711723587//14122606025125, 356123990306//43454172385, 5100902756751//2824521205025, -16521923549654//2824521205025, 7429160573481//2824521205025, -1457548896441//2824521205025, 631497285791992//14122606025125, -74648134057808//2824521205025, -16077854206884//14122606025125, 1695924131015874//14122606025125, -760606220819019//14122606025125, -269139163501764//2824521205025, 1876856675228686//14122606025125, -2128648436990977//14122606025125, -171820632134197//564904241005, 59329626724911//2824521205025, 416888766987906//2824521205025, -612358597480704//2824521205025, 24236963921596//112980848201, -2388576117584069//14122606025125, 314229680124121//2824521205025, -796360244092992//14122606025125, 256522888787782//14122606025125, 178753215212298//14122606025125, -92115513916197//2824521205025, 514600949399538//14122606025125, -459268005708611//14122606025125, 2337130666347//564904241005, -25274553144076//2824521205025, 28219845783179//2824521205025, -24415064677416//2824521205025, 17424245043668//2824521205025, -49215064938589//14122606025125, 3598287271576//2824521205025, 3520817797118//14122606025125, -14078445242383//14122606025125, 18802572892728//14122606025125, -3814427370437//2824521205025, 15127042476368//14122606025125, -10138993907066//14122606025125]
3; 4; 8; 6; 11; 1; 1; 6; 1; 1; [-32127029//26385125, 16559851//26385125, 134429431//26385125, 341357454//26385125, 58402748//5277025, 133141226//26385125, -17575236//2029625, -540276821//26385125, -140560622//5277025, -51762892//5277025, -3594408//405925, -40397297//1055405, -330303242//5277025, -177422936//26385125, -1337597931//26385125, -4098158816//26385125, -8558795444//26385125, -1308075414//5277025, -29076512//2029625, 14588974838//26385125, 31851422601//26385125, 6628305288//5277025, 2642895068//5277025, -1128615164//5277025, 594837//211081, 605947318//5277025, -4377159058//26385125, 4187342762//26385125, -3531514333//26385125, 1778801928//26385125, -54174372//1055405, 189475212//26385125, 988849314//26385125, 868778473//26385125, 2492788//31225, 1455164//405925, 18337844//5277025, -7326822//1055405, 39541782//5277025, -170040158//26385125, 9115934//2029625, -70551768//26385125, 16054538//26385125, 194042//5277025, -22992108//26385125, 40037939//26385125, 168036//2029625, 1878666//1055405]
3; 4; 8; 6; 3; 1; 1; 6; 2; 1; [28365878//18266625, -880868471//237466125, 1548310864//237466125, 326194694//79155375, -1395512029//237466125, 1332222421//237466125, 263804521//237466125, 177184//38025, -197587222//26385125, -1536627679//47493225, 2286357364//47493225, -65575807//5277025, -2721008902//47493225, -3499075679//237466125, 26960108026//237466125, -55100217929//237466125, 4121225818//237466125, 1125810628//18266625, -29712436576//237466125, 38495965429//237466125, -12376781891//47493225, 3878532472//6088875, 12610882082//15831075, -6108834809//5277025, 54246547357//47493225, -43298371892//47493225, 15691573947//26385125, -69222251627//237466125, 996837346//18266625, 19688404844//237466125, -35319471208//237466125, 37160777452//237466125, -30690433768//237466125, 438927573//5277025, -426990037//18266625, 2530693099//47493225, -242397041//5277025, 1553102663//47493225, -295299986//15831075, 534800161//79155375, 362330543//237466125, -483457064//79155375, 1749854134//237466125, -530369336//79155375, 1181342282//237466125, -707126473//237466125, 6025908//5277025, 12237896//26385125]
3; 4; 8; 6; 6; 1; 1; 5; 1; 1; [-266177//63375, -12048//1625, -6673//1625, -51052//63375, 670988//63375, 1022674//63375, 82138//12675, 177646//63375, 4386//4225, 9652//325, 750616//12675, 58876//4225, -292763//12675, 1506434//21125, 2438994//21125, 7015012//63375, 1046139//21125, -28564703//63375, -15795658//21125, -8023222//12675, -11464681//63375, 8184116//12675, 2379368//12675, -2274379//12675, 1833083//12675, -1200338//12675, 3125566//63375, -266164//63375, -549634//63375, 1691056//63375, -75271//1625, -59509//4875, -553223//12675, -876//21125, 67537//2535, 92852//12675, -64781//12675, 37022//12675, -13322//12675, -12674//63375, 67126//63375, -1761//1625, 23587//21125, -75329//63375, -9512//63375, -1904//2535, -9313//63375, 8402//12675]
3; 4; 8; 6; 10; 1; 1; 5; 1; 1; [-91327733//79155375, -15427222//15831075, -82759789//79155375, -43950503//26385125, -5749426//5277025, 42863369//15831075, 218844736//79155375, -8996621//26385125, 675236261//79155375, 112750589//15831075, -692369//15831075, 39463774//3166215, 101824402//15831075, 1157061916//26385125, -11806819//15831075, 2298680314//79155375, 3406819334//79155375, -203413497//5277025, -47488378//405925, -10706303471//79155375, -7330146422//79155375, -8262202387//26385125, -20760234//405925, 3957574636//15831075, -999745228//3166215, 4641496387//15831075, -446434189//2029625, 434570746//3166215, -4743382213//79155375, 185817924//26385125, 28250424//1055405, -151163692//3166215, 2856859852//79155375, -1003086777//26385125, 643955912//79155375, -71774793//5277025, 73737543//5277025, -7243672//633243, 40884806//5277025, -319458761//79155375, 18120767//15831075, 21217494//26385125, -135156308//79155375, 30557843//15831075, -28586989//15831075, 87605792//79155375, -4757192//6088875, -129631//26385125]
3; 4; 8; 6; 3; 1; 1; 4; 1; 1; [17923//2925, -51283//14625, -38729//14625, 158471//14625, 118882//14625, -100408//14625, 117034//14625, 53401//4875, -807271//14625, -81496//2925, 227797//2925, -5013//325, -18368//325, -1009//5, 2710613//14625, -75311//14625, -3548516//14625, 2407733//14625, 458397//1625, -8252494//14625, 95204//1125, 10802152//4875, 642509//2925, -4150753//2925, 414251//225, -561328//325, 3830884//2925, -1326959//1625, 1835114//4875, -783488//14625, -2227741//14625, 3784454//14625, -3999107//14625, 2987356//14625, -486172//14625, 230116//2925, -239482//2925, 198217//2925, -135523//2925, 71858//2925, -105676//14625, -60608//14625, 143522//14625, -55252//4875, 150814//14625, -113582//14625, 63056//14625, 3688//14625]
3; 4; 8; 6; 8; 1; 1; 6; 1; 1; [-541464146//79155375, -17378497//1217775, 388498564//26385125, 441049561//79155375, 329750416//26385125, 2283578777//79155375, -1205761216//79155375, -13922884//26385125, -370189571//15831075, 55041236//1217775, 1755626023//15831075, -623673581//5277025, -54245366//633243, 16528215976//79155375, 3777884431//15831075, -27932130532//79155375, 2015103533//26385125, -67315977173//79155375, -29309913944//26385125, 6431681167//26385125, 9978840752//79155375, 40580988397//15831075, -2139753259//5277025, -7747147549//5277025, 11986055589//5277025, -1457373091//633243, 147961925773//79155375, -6493833409//5277025, 16444123608//26385125, -4246313901//26385125, -4803804778//26385125, 19306451779//79155375, -1906329049//6088875, 22459594441//79155375, -1277682611//15831075, 1467505807//15831075, -1681319623//15831075, 1477088513//15831075, -42870575//633243, 3134155343//79155375, -239244182//15831075, -52217352//26385125, 297673924//26385125, -1210020124//79155375, 1005359554//79155375, -810603877//79155375, 526543451//79155375, -12761948//15831075]
3; 4; 8; 6; 11; 1; 1; 6; 2; 1; [56819957//26385125, 37718626//26385125, 17936226//5277025, 71162096//26385125, -7077596//5277025, 21468959//2029625, -504489367//26385125, 1961819//1055405, -84344232//26385125, -240725078//5277025, -5211264//1055405, 938820//211081, -19797606//405925, -1292592092//26385125, -1567673086//26385125, -432372888//5277025, 333582174//26385125, 139893216//5277025, -2178432582//26385125, 20105468857//26385125, -1612031051//5277025, 14869053957//26385125, 6808360192//5277025, -1013791354//1055405, 122377520//211081, -1304357198//5277025, 12669359//26385125, 3583615482//26385125, -208024952//1055405, 4959307802//26385125, -770495017//5277025, 2409077299//26385125, -306789824//26385125, -26982681//5277025, 1061896131//26385125, 174271103//5277025, -17720676//1055405, 65774//16237, 21641508//5277025, -214488881//26385125, 230699372//26385125, -39857036//5277025, 138964182//26385125, -15361962//5277025, 1907663//2029625, 25198156//26385125, -6694044//5277025, 44863016//26385125]
3; 4; 8; 6; 2; 1; 1; 5; 2; 1; [-2116//125, 109702//14625, 42277//14625, -5624//14625, 47789//1625, 233528//4875, -273718//14625, -124243//2925, 1151431//14625, 4627//2925, -5030//39, 1868//25, -26606//195, 1371779//4875, -7979272//14625, 246242//1625, -609862//4875, -1726057//1125, -21341849//14625, 13823983//14625, 1855669//2925, -5002862//4875, 11544047//2925, 1393694//585, -1818626//325, 413476//65, -81225434//14625, 58308989//14625, -33875936//14625, 12900832//14625, 56329//1125, -10928837//14625, 13406309//14625, -91946//117, 2799149//4875, -608077//2925, 12734//45, -88159//325, 13731//65, -657718//4875, 311873//4875, -155431//14625, -330953//14625, 528352//14625, -585227//14625, 479069//14625, -61982//2925, 156002//14625]
3; 4; 8; 6; 5; 1; 1; 11; 1; 1; [317918827787//1086354309625, 10118195799806//3259062928875, 5619819641866//3259062928875, 2058174233917//1086354309625, 17049562656098//3259062928875, 6626299505874//1086354309625, -2371747072447//651812585775, -33519811110233//3259062928875, -34428362987311//3259062928875, -354703638578//16713143225, -116898024673//8690834477, -8018116003379//651812585775, -9251950171226//217270861925, -122341049492026//3259062928875, -372705485057596//3259062928875, -93554228908061//3259062928875, -83029175667031//3259062928875, -161449451574058//3259062928875, -7502964952724//1086354309625, 8459478548189//43454172385, 1108474179695383//3259062928875, 754101459405712//1086354309625, 201366821502456//217270861925, -18628371616772//130362517155, -74360294467093//217270861925, 361037993405567//651812585775, -622520676989651//1086354309625, 116144495864024//250697148375, -345791675788916//1086354309625, 2280234440851//13751320375, -53676618275223//1086354309625, -8014823470502//250697148375, 52169242161794//651812585775, -211298196303211//3259062928875, 329901500658338//3259062928875, -5241895696568//651812585775, 54897891398//2459670135, -5709103536142//217270861925, 5077976500476//217270861925, -18681903284001//1086354309625, 2527191322024//250697148375, -13534786425688//3259062928875, -700674184883//3259062928875, 8546385333286//3259062928875, -11681950656236//3259062928875, 43959466366//12298350675, -7662530618746//3259062928875, 7406763805643//3259062928875]
3; 4; 8; 6; 12; 1; 1; 9; 1; 1; [412110186833//178767164875, -6090195726//35753432975, 49493598813//13751320375, 282348591744//178767164875, -101746397912//35753432975, 160534563521//178767164875, -1538380835281//178767164875, -480425406931//178767164875, 361492119386//178767164875, -728454829194//35753432975, -13356601473//35753432975, -13607517719//674593075, -431493534257//35753432975, -8352566299353//178767164875, 50757508954//2750264075, -20025503159659//178767164875, 8108519452221//178767164875, 2356879767663//35753432975, 8457894502829//178767164875, 79820416973261//178767164875, 6958895252926//178767164875, 11155220980049//178767164875, 7081580492661//35753432975, -19369500513663//35753432975, 22659584925063//35753432975, -20198285497242//35753432975, 5650853091357//13751320375, -8704290021451//35753432975, 16693223538508//178767164875, 25489992621//3372965375, -2209857999203//35753432975, 15853269044907//178767164875, -11081878411997//178767164875, 11687416551368//178767164875, -6708607379153//178767164875, 998783685579//35753432975, -18438575144//674593075, 772387301227//35753432975, -503417039988//35753432975, 1231787417841//178767164875, -50473369548//35753432975, -383160510182//178767164875, 662011960713//178767164875, -5476789150//1430137319, 45296326679//13751320375, -333905324677//178767164875, 225073836508//178767164875, -60439265603//178767164875]
3; 4; 8; 6; 4; 1; 1; 7; 1; 1; [11866581266//41253961125, -52426598786//41253961125, -90697715678//41253961125, 46682125436//41253961125, -139025953936//41253961125, 56028441394//41253961125, 262532699522//41253961125, 1684959392//330031689, 1667488674//259458875, 981622448//155675325, 2950372506//2750264075, 103318405396//8250792225, 1057434314//8250792225, -115315763096//41253961125, 1037982797902//13751320375, 1140474139808//41253961125, -461175780042//13751320375, 2335112008276//41253961125, -2515777010608//13751320375, -7444301349062//41253961125, -384421129876//2750264075, -7463733232036//41253961125, 60067311004//8250792225, 830581862548//8250792225, -392846910908//2750264075, 1156578918124//8250792225, -4578089946158//41253961125, 3115984782608//41253961125, -1412761131146//41253961125, 237952754522//41253961125, 539986853728//41253961125, -372522095644//13751320375, 484800405784//41253961125, -3583365836//155675325, 137344507652//41253961125, -49156619584//8250792225, 54116889232//8250792225, -46276216436//8250792225, 10929747282//2750264075, -7117016206//3173381625, 35453676998//41253961125, 9229874984//41253961125, -10551566676//13751320375, 39407124928//41253961125, -40556465992//41253961125, 1473231808//3173381625, -1364054624//2750264075, 307849262//41253961125]
3; 4; 8; 6; 4; 2; 1; 11; 1; 1; [4583117051053//14122606025125, 263164235136367//42367818075375, 97303284230086//42367818075375, 138478930391287//42367818075375, 13720495521729//1086354309625, 182623539827737//14122606025125, -6147962865559//42367818075375, -467076638820749//42367818075375, -1492889549665049//42367818075375, -11877781919912//217270861925, -99267826459456//8473563615075, -45925413059//6395142351, -173880018007661//1694712723015, -2822007563056189//42367818075375, -8447145773828602//42367818075375, -1868994794116501//42367818075375, -4476117110243902//42367818075375, -4353314684358856//42367818075375, 2226238100890114//42367818075375, -416625706060316//42367818075375, 8056927198341059//42367818075375, 25136095348056803//14122606025125, 19335484217469217//8473563615075, -1071006300776202//2824521205025, -1359905375910044//1694712723015, 449460140734301//338942544603, -58472337545867402//42367818075375, 47678393200386079//42367818075375, -32763591963965153//42367818075375, 17144688970854314//42367818075375, -5245699297882673//42367818075375, -994209915183971//14122606025125, 2393900104083024//14122606025125, -7816386328639498//42367818075375, 10566043135157902//42367818075375, -51294584311429//2824521205025, 150248776954312//2824521205025, -107054207451107//1694712723015, 31911858692438//564904241005, -1768122378688087//42367818075375, 348701568779188//14122606025125, -434994677033753//42367818075375, -15283232297816//42367818075375, 87933139126524//14122606025125, -120657662350481//14122606025125, 348180300296717//42367818075375, -264498830243998//42367818075375, 79296476341734//14122606025125]
3; 4; 8; 6; 2; 1; 1; 2; 1; 1; [141141682//49316587125, -1341659456//16438862375, -2267443287//16438862375, -2941119423//16438862375, -190464852//657554495, 3255879544//49316587125, 4762277721//16438862375, 28552389511//49316587125, 15721945209//16438862375, 932116084//3287772475, 2053645749//3287772475, 2433073562//9863317425, 4636820287//3287772475, 88625518418//49316587125, 77993057436//16438862375, 228359460061//49316587125, 234079285699//49316587125, 27578891641//9863317425, -583045909814//49316587125, -505619134973//49316587125, -954785455226//49316587125, -245941431234//16438862375, -6761928226//3287772475, -137710846138//9863317425, 67687683294//3287772475, -200306787244//9863317425, 806113691794//49316587125, -516801985066//49316587125, 274964719663//49316587125, -49592708293//49316587125, -12804732559//9863317425, 105890014378//49316587125, -55104767988//16438862375, 25704676549//16438862375, -39164877922//16438862375, 8370295048//9863317425, -9353322812//9863317425, 8103409538//9863317425, -1924362727//3287772475, 16611143534//49316587125, -5903357656//49316587125, -318178394//16438862375, 1778845189//16438862375, -421820977//3287772475, 5445859898//49316587125, -4920641984//49316587125, 649437924//16438862375, -1853774801//49316587125]
3; 4; 8; 6; 7; 1; 1; 11; 1; 1; [19501876522599//14122606025125, -28071904733037//14122606025125, -6739477136348//14122606025125, 50977850600841//14122606025125, -21513002860316//14122606025125, -53712734173626//14122606025125, 69606938778978//14122606025125, -1459762831509//1086354309625, -175149635605294//14122606025125, 12781872796//2131714117, 51974540127903//2824521205025, -9549072847198//564904241005, -26870507205026//2824521205025, -420232212827949//14122606025125, 1185746085961377//14122606025125, -364241492128747//14122606025125, -965568675595306//14122606025125, 1622953654822811//14122606025125, 198987482431841//14122606025125, -3334077124841798//14122606025125, 2795710561763322//14122606025125, 4592916695478749//14122606025125, -287479904192267//564904241005, -559914695623137//2824521205025, 322330009288818//564904241005, -1909648858117986//2824521205025, 8510049849780708//14122606025125, -6217003746924639//14122606025125, 3714950313409989//14122606025125, -1570015847187718//14122606025125, 1566096269446//1086354309625, 968964123275773//14122606025125, -1449526720064719//14122606025125, 1367444012258716//14122606025125, -756187662565193//14122606025125, 11578546794324//564904241005, -83760728211588//2824521205025, 16482015555391//564904241005, -65542572215199//2824521205025, 213932286897588//14122606025125, -105521477124684//14122606025125, 22789684588794//14122606025125, 29046489505682//14122606025125, -53397827192312//14122606025125, 58694555149223//14122606025125, -52083076862944//14122606025125, 36587260252216//14122606025125, -14845256557133//14122606025125]
3; 4; 8; 6; 6; 1; 1; 5; 2; 1; [21220052//79155375, 40065412//237466125, -35430812//237466125, 1498353//5277025, 108114392//237466125, -36938783//47493225, 1259459//3166215, 21031001//15831075, -434614187//237466125, 1192703//47493225, 6080258//3653325, -96749947//47493225, -29610193//15831075, -200089537//18266625, 155800526//79155375, 1415983052//237466125, -218416921//15831075, 1227148348//237466125, 132988916//5277025, -356373289//9498645, -769331584//47493225, 14685378892//237466125, -1080172612//47493225, -1166408131//47493225, 2243202878//47493225, -2437245034//47493225, 10205007677//237466125, -801122084//26385125, 4084155611//237466125, -303304037//47493225, -384355471//237466125, 13397753//1899729, -83673212//9498645, 17979628//3166215, -51482436//26385125, 742511//405925, -109860479//47493225, 101707732//47493225, -77208941//47493225, 78778274//79155375, -35341282//79155375, 10063816//237466125, 1869482//9498645, -72701336//237466125, 15695813//47493225, -885137//3166215, 7099897//47493225, -2347658//79155375]
3; 4; 8; 6; 11; 1; 1; 4; 1; 1; [-2293//12675, -107//4225, 11384//21125, -28934//63375, -33016//21125, -126859//63375, -154798//63375, -5381//4875, -9877//4225, -15096//4225, -25954//12675, -82583//12675, -17856//4225, 57908//12675, -62821//12675, -77834//4875, 930799//63375, 1869428//63375, 9556//375, -474442//63375, -275219//4875, 421352//12675, 342302//12675, -194238//4225, 601657//12675, -503138//12675, 344504//12675, -61848//4225, 226594//63375, 195337//63375, -285536//63375, 497177//63375, -131102//21125, 107099//63375, -12196//12675, 27673//12675, -24956//12675, 18368//12675, -854//975, 358//975, -2//2535, -14536//63375, 6534//21125, -5502//21125, 5179//21125, -3162//21125, 438//21125, 69//4225]
3; 4; 8; 6; 3; 1; 1; 3; 1; 1; [-429869//51675, -8731702//258375, -4955984//258375, 28256//51675, -127952//51675, 2864116//258375, 10839722//258375, 338174//86125, -1290482//86125, 1492324//10335, 3629061//17225, 1625146//51675, -416981//51675, 815312//3975, 223219982//258375, 73349384//258375, 566989//3975, -15388643//51675, -519332096//258375, -691446502//258375, -85454912//258375, 114576446//258375, -26887766//10335, -23646302//51675, 37256242//17225, -140685806//51675, 43475293//17225, -481256954//258375, 306534322//258375, -5315903//10335, 1361096//51675, 40371167//258375, -41927402//86125, 89840984//258375, -69735382//258375, 754606//10335, -2016776//17225, 6206014//51675, -1691413//17225, 228853//3445, -2928218//86125, 2552192//258375, 359204//51675, -790979//51675, 1305999//86125, -1457452//86125, 877168//86125, -1451452//258375]
3; 4; 8; 6; 10; 1; 1; 5; 2; 1; [-5036052//26385125, -5659439//79155375, 14276624//79155375, 81092//633243, 4251788//15831075, -1802426//15831075, 115805948//79155375, 167245556//79155375, 42432329//79155375, 43381991//15831075, 32958427//15831075, 54033742//15831075, 31517713//5277025, 435385441//79155375, 285191734//79155375, 277631116//79155375, -59414408//5277025, -1327537//1055405, 19129862//15831075, -254750651//6088875, -999111612//26385125, 1342140656//79155375, -182107938//5277025, 269876309//5277025, -798318038//15831075, 643980049//15831075, -2084833717//79155375, 1070172457//79155375, -229492877//79155375, -63823889//15831075, 34803023//5277025, -37535737//5277025, 329872351//79155375, -471168203//79155375, 82089301//26385125, -37247911//15831075, 32325988//15831075, -23031217//15831075, 13285196//15831075, -8018944//26385125, -1420821//26385125, 20663423//79155375, -5286851//15831075, 4721228//15831075, -3564043//15831075, 8203066//79155375, -7451323//79155375, 501021//26385125]
3; 4; 8; 6; 5; 1; 1; 5; 1; 1; [46856//63375, -46851//21125, -86//2535, -217837//63375, -14087//4225, -11759//21125, -198786//21125, 150197//63375, 81554//21125, -2594//4225, 345833//12675, 119009//12675, 457934//12675, 1499209//63375, 2179461//21125, 875143//12675, 14385512//63375, 422146//4225, 659759//4875, 23203993//63375, -1078319//21125, 11565043//63375, -959042//12675, -2028209//4225, 3003423//4225, -8907571//12675, 11915239//21125, -23190371//63375, 2401303//12675, -2062979//63375, -37474//845, 2084852//21125, -1757892//21125, 5206489//63375, -1072372//21125, 370912//12675, -415328//12675, 360301//12675, -85698//4225, 738382//63375, -267616//63375, -9188//12675, 239731//63375, -56144//12675, 271511//63375, -13837//4875, 40133//21125, -14912//21125]
3; 4; 8; 6; 8; 1; 1; 6; 2; 1; [1187621//6088875, -2011558//1217775, 613612//81185, 57187157//6088875, 3808912//1217775, 61059212//6088875, -2719487//243555, -18777509//2029625, -19391938//2029625, -3163586//243555, 1138427//81185, -123862276//1217775, -116554112//1217775, -160443511//6088875, 25010698//1217775, -262675408//1217775, -106203664//2029625, -8217124//93675, -555149527//6088875, 281153341//405925, 4797845297//6088875, 1965751748//2029625, 97883161//243555, -63968623//48711, 1925579524//1217775, -1750638712//1217775, 2157054414//2029625, -779722531//1217775, 317094197//1217775, -25436816//6088875, -64286062//405925, 1283047414//6088875, -214966177//1217775, 403578212//2029625, -124512136//2029625, 16851167//243555, -16799944//243555, 67309481//1217775, -14891701//405925, 37595114//2029625, -1790222//405925, -1957284//405925, 54485344//6088875, -3993017//405925, 16680278//2029625, -6368383//1217775, 23849756//6088875, -1734773//6088875]
3; 4; 8; 6; 2; 1; 1; 10; 1; 1; [-363833176693//536301494625, -40020577123//41253961125, -15821196311//178767164875, -5251972273//7150686595, -581486003842//536301494625, 74641327658//35753432975, 2176932703526//536301494625, 1190578766392//536301494625, 1243721663764//178767164875, 1389188457508//107260298925, 161355432036//35753432975, 351932431709//107260298925, 1375041347533//107260298925, 5051854365686//178767164875, 9861478475009//536301494625, -6015293268392//536301494625, 1495934048498//107260298925, -12530177352268//536301494625, -14693175529366//107260298925, -68586914779226//536301494625, -44813183726782//536301494625, -49180719521079//178767164875, -27307349250572//107260298925, 5982623314//51891775, -1185586300211//107260298925, -1813960576659//35753432975, 42288154381784//536301494625, -13728259123816//178767164875, 33225425920589//536301494625, -4375186100392//107260298925, 10746692106626//536301494625, -93780086948//8250792225, -5845346257108//536301494625, 1122208627658//178767164875, -4190369367827//178767164875, -78321654771//35753432975, -48830539986//35753432975, 6431650712//2023779225, -128392415501//35753432975, 1699346528494//536301494625, -1205261118973//536301494625, 696422228354//536301494625, -52077360373//107260298925, -16197418898//178767164875, 5786960734//21452059785, -107962748321//178767164875, 208587167794//536301494625, -104659897392//178767164875]
3; 4; 8; 6; 6; 1; 1; 2; 1; 1; [-4626478382//3793583625, -3924595723//3793583625, -957198704//758716725, -2130068389//3793583625, -97726674//252905575, 6377618399//3793583625, 5064128586//1264527875, 1650861663//252905575, 3963127019//3793583625, 224172328//151743345, 1169989737//252905575, 2990655584//252905575, -362069063//151743345, 1320500093//29407625, 121601512813//3793583625, 18654233804//758716725, -55970964787//1264527875, -41939081476//758716725, -104445937253//1264527875, -412028948888//3793583625, -41898133832//252905575, -164283911059//3793583625, 11375473849//151743345, 28622250407//252905575, -50428984546//252905575, 2136335263//10116223, -220626485368//1264527875, 467377604299//3793583625, -1264467497//19454275, 23841985679//1264527875, 1770869491//252905575, -110079176827//3793583625, 93171753131//3793583625, -25541480464//758716725, 65011665733//3793583625, -79617079//10116223, 2434600138//252905575, -2211672769//252905575, 330551524//50581115, -4970478158//1264527875, 6555480809//3793583625, -7421006//252905575, -3624937768//3793583625, 950747609//758716725, -1692379459//1264527875, 3443758226//3793583625, -24014518//30348669, 1068062368//3793583625]
3; 4; 8; 6; 5; 2; 1; 7; 1; 1; [-387465477847//107260298925, -606920156393//107260298925, 253552706554//178767164875, -129702955024//41253961125, -7674002972291//536301494625, -6598540484069//536301494625, 743914376836//536301494625, 3879329126642//178767164875, 1938386742296//536301494625, 54414433766//107260298925, 333603072009//7150686595, 7666701098273//107260298925, -3483672587153//107260298925, 17764486965541//107260298925, 25441100659867//107260298925, 49260117406553//536301494625, 34357539389702//536301494625, 163991623037311//536301494625, 5154989562751//13751320375, 27599721483228//178767164875, -599659191997031//536301494625, -11799095072692//41253961125, 45656416134376//107260298925, 2750970963306//7150686595, -82997328549097//107260298925, 91434820243712//107260298925, -15528276568417//21452059785, 18868398401101//35753432975, -51326296695527//178767164875, 56883378862861//536301494625, 7174624194366//178767164875, -42527503663403//536301494625, 67081393731332//536301494625, -84889932443588//536301494625, 12070834514319//178767164875, -3183370037741//107260298925, 824348632831//21452059785, -3847141190723//107260298925, 2942936023388//107260298925, -608911845781//35753432975, 57461970543//7150686595, -427755230096//536301494625, -586479135178//178767164875, 2890392094138//536301494625, -2597958128798//536301494625, 2309561753537//536301494625, -2004564992858//536301494625, 635390176202//536301494625]
3; 4; 8; 6; 10; 1; 1; 2; 1; 1; [398428062//657554495, -15710738008//16438862375, 17832189693//16438862375, 41268736//3287772475, -1005484094//657554495, 19593727459//16438862375, -265669661//252905575, -8933559203//16438862375, -3200424456//3287772475, 6678232//50581115, 1404978219//657554495, -11392578336//3287772475, -7631891211//3287772475, -32211897071//3287772475, 412576537478//16438862375, -613846555923//16438862375, 84511921229//3287772475, 103211508949//3287772475, -445671737149//16438862375, 32803311597//657554495, -340748133032//16438862375, 253441588086//3287772475, -53847918899//657554495, -77756895899//657554495, 694700456114//3287772475, -737191135591//3287772475, 615274745874//3287772475, -2112414814891//16438862375, 1132862155076//16438862375, -70150308533//3287772475, -27670162256//3287772475, 418592303988//16438862375, -2216732113//76459825, 441262234264//16438862375, -55342773072//3287772475, 5462322659//657554495, -6703763218//657554495, 30558668641//3287772475, -22872597024//3287772475, 13888410456//3287772475, -29616085316//16438862375, 574084996//16438862375, 3248305537//3287772475, -341377748//252905575, 21738324948//16438862375, -3358103028//3287772475, 11088124474//16438862375, -903726427//3287772475]
3; 4; 8; 6; 9; 1; 1; 9; 1; 1; [164509795132//35753432975, 363559975853//178767164875, 647121231592//178767164875, 2297306321467//178767164875, 1542799926326//178767164875, -1141039207268//178767164875, -153324441577//35753432975, -2139290907989//178767164875, -9380804580943//178767164875, -1696489258394//35753432975, -195622189527//35753432975, -118452911498//2750264075, -1837616485924//35753432975, -5711520853457//35753432975, -2792666352023//178767164875, -562552574459//3372965375, -61094267271337//178767164875, 22661132681689//178767164875, 97051441139553//178767164875, 2861152236533//7150686595, 177917716445899//178767164875, 310864192958143//178767164875, 162502828877//674593075, -26437281945877//35753432975, 31484613922656//35753432975, -28435495567939//35753432975, 20682343235964//35753432975, -62812171951719//178767164875, 24658671367529//178767164875, -2388719641431//178767164875, -14606217368718//178767164875, 25821623608529//178767164875, -3471023306681//35753432975, 24139566575972//178767164875, 3778437889119//178767164875, 1380092149264//35753432975, -105222999926//2750264075, 1090582215759//35753432975, -719487471351//35753432975, 355295141094//35753432975, -411958854419//178767164875, -504050700236//178767164875, 848351489474//178767164875, -950027171178//178767164875, 902307751249//178767164875, -102164742182//35753432975, 468176674622//178767164875, 159933979484//178767164875]
3; 4; 8; 6; 2; 1; 1; 8; 1; 1; [-317570836//778376625, -5595888296//10118896125, -9958164457//10118896125, -7772591201//10118896125, 2229201502//10118896125, 4838847536//10118896125, 1418211562//778376625, 1300414198//404755845, 23314933153//10118896125, 1992811924//2023779225, 151546423//134918615, 10782863483//2023779225, 3051728021//674593075, 48810990736//3372965375, 176001722366//10118896125, 280823558057//10118896125, -53417199619//10118896125, -156801148499//3372965375, -476771604286//10118896125, -729934206806//10118896125, -159496035947//2023779225, -411167386133//10118896125, 23952842044//2023779225, 1065029722//26983723, -41282171739//674593075, 42092939341//674593075, -503899314941//10118896125, 349563602438//10118896125, -163864542169//10118896125, 43795481663//10118896125, 17254036714//10118896125, -33941774546//3372965375, 55641845252//10118896125, -22485408272//2023779225, 35467171271//10118896125, -1682532503//674593075, 1163766554//404755845, -5114395148//2023779225, 1241856409//674593075, -10741949131//10118896125, 4405699528//10118896125, 657566516//10118896125, -1031460039//3372965375, 3578554919//10118896125, -4148733868//10118896125, 2246475397//10118896125, -165627946//674593075, 477386891//10118896125]
3; 4; 8; 6; 8; 1; 1; 4; 1; 1; [-1143//4225, 12692//21125, -51332//63375, -13378//21125, 986//21125, -8097//4225, 1458//1625, -194336//63375, -256982//63375, 45068//12675, -9422//975, -81097//12675, -64973//12675, -2916//325, -1731176//63375, 83844//21125, -851412//21125, -419076//21125, 85952//12675, -7071442//63375, 3167596//63375, -4159243//63375, -708144//4225, 2606984//12675, -2386877//12675, 593474//4225, -1090991//12675, 754164//21125, -77744//63375, -1351448//63375, 131257//4875, -340936//12675, 347908//21125, -744052//63375, 249281//63375, -8791//975, 30792//4225, -20586//4225, 31673//12675, -1643//2535, -2876//4875, 73516//63375, -82838//63375, 68066//63375, -3236//4225, 7183//21125, -2364//21125, -5984//63375]
3; 4; 8; 6; 11; 1; 1; 3; 1; 1; [-784364//1119625, -890796//1119625, -1181924//1119625, 505799//1119625, 3286814//1119625, 1730607//223925, 15278032//1119625, 15067232//1119625, 11855817//1119625, 128178//17225, 1381548//223925, 3026604//223925, 265792//44785, 37195854//1119625, 24527706//1119625, -1833531//1119625, -97293879//1119625, -188384294//1119625, -63041772//223925, -385928592//1119625, -247685387//1119625, -83074977//1119625, 31117074//223925, 19071438//223925, -44213366//223925, 2017677//8957, -218408598//1119625, 159634278//1119625, -91809988//1119625, 30573603//1119625, -3711742//1119625, -8255196//223925, 17085384//1119625, -43449186//1119625, 20757579//1119625, -1646754//223925, 2241882//223925, -2143434//223925, 334392//44785, -408216//86125, 2563113//1119625, -422008//1119625, -976957//1119625, 1321148//1119625, -360576//223925, 932969//1119625, -1070686//1119625, 384339//1119625]
3; 4; 8; 6; 6; 1; 1; 10; 1; 1; [-2248223321//8250792225, 70764440867//41253961125, -54151957853//41253961125, -22036101506//41253961125, 29320684//634676325, -44037991333//8250792225, 33816826339//8250792225, 100201995563//41253961125, 70399210184//13751320375, 202773089822//8250792225, -10979132504//2750264075, 17699697316//2750264075, 191427169276//8250792225, -29003804321//8250792225, -1358651123767//41253961125, 3351695330683//41253961125, 231001709717//13751320375, 607907504876//8250792225, 524934647821//8250792225, -152873833591//634676325, 225410258104//13751320375, -3781704011764//13751320375, -4741449391303//8250792225, 3878670320393//8250792225, -870840131424//2750264075, 1376861138186//8250792225, -377619285149//8250792225, -1428406493461//41253961125, 1045760739318//13751320375, -3309355700057//41253961125, 202038813289//2750264075, -129822138951//2750264075, 3752280761//211558775, -135423965618//13751320375, -15267239404//1057793875, -141674941607//8250792225, 27885124004//2750264075, -33476454623//8250792225, -51458209//211558775, 897865415//330031689, -150462568196//41253961125, 144381981434//41253961125, -36231912439//13751320375, 4784468167//2750264075, -2005605063//2750264075, -775906913//8250792225, 12965125456//41253961125, -29531319611//41253961125]
3; 4; 8; 6; 4; 2; 1; 5; 1; 1; [1007111//190125, -116693//190125, 527309//190125, 986846//190125, 59284//190125, 371882//38025, 28724//21125, -309214//190125, 249638//63375, -54242//4225, 116264//12675, -358382//12675, -61007//2925, -24489691//190125, 3056576//63375, -25273129//190125, 3470624//190125, 1565099//21125, -12572657//38025, 20151994//190125, 42422819//190125, 24525892//63375, 7450477//38025, -3857707//4225, 43715954//38025, -40474336//38025, 151832807//190125, -10442394//21125, 40770458//190125, -1025441//63375, -2136183//21125, 5307319//38025, -28248668//190125, 647228//4875, -4010549//63375, 628211//12675, -214488//4225, 121402//2925, -118496//4225, 2774012//190125, -768401//190125, -189874//63375, 1212632//190125, -1345042//190125, 74878//12675, -91627//21125, 57628//21125, -38824//63375]
3; 4; 8; 6; 4; 1; 1; 12; 1; 1; [4250687968//13751320375, 63172495558//41253961125, 84422381372//41253961125, 118959419876//41253961125, 229644161308//41253961125, 316050757634//41253961125, 3024033974//634676325, 273928481168//41253961125, 111871570118//13751320375, -9417938884//1650158445, -22413767316//2750264075, -18131438236//1650158445, -16963933696//550052815, -148058997278//3173381625, -4330418509418//41253961125, -5108095235402//41253961125, -6162474430846//41253961125, -10204791634738//41253961125, -12097971064334//41253961125, -259641984202//1650158445, -9781468867288//41253961125, -10582444369324//41253961125, 280937290574//1650158445, 100492166002//8250792225, -64294428984//550052815, 251655433754//1650158445, -468582373684//3173381625, 4432400456326//41253961125, -242670889862//3173381625, 1081442288422//41253961125, -216391152398//13751320375, -6790289058//259458875, 36684066602//2750264075, -1304109667414//41253961125, 222191727248//41253961125, -6148234952//1650158445, 17955645596//2750264075, -11385689422//1650158445, 3146772938//550052815, -164925714992//41253961125, 84748575806//41253961125, -32036347456//41253961125, -1407961786//3173381625, 651408484//1057793875, -16676126014//13751320375, 5919625682//8250792225, -33988611364//41253961125, 6034881968//41253961125]
3; 4; 8; 6; 6; 1; 1; 8; 1; 1; [-65665419//51891775, 235397017//778376625, -2434855711//778376625, -459348742//155675325, -347618524//259458875, -2072280619//778376625, -2830736888//778376625, 5738108917//778376625, -3554745271//259458875, 266311088//10378355, -514346249//51891775, 1223102084//155675325, 2850538529//155675325, 6857763418//155675325, -2023031549//59875125, 112899390956//778376625, 83662024//10378355, 21836768027//778376625, -15944432186//778376625, -61983767392//778376625, -75134449382//778376625, 3706566467//19958375, -9448682632//10378355, 72532816388//155675325, -1391143472//11975025, -16908760096//155675325, 11479981749//51891775, -188047000306//778376625, 164796988333//778376625, -22469220916//155675325, 64247827231//778376625, -22919128528//778376625, -8793064576//778376625, 17776642999//778376625, -6434417407//259458875, -344038594//31135065, -222616388//155675325, 1308386036//155675325, -559858233//51891775, 105071801//10378355, -2003870242//259458875, 1277242816//259458875, -112636974//51891775, 65672627//259458875, 55673654//59875125, -1177424926//778376625, 1064956444//778376625, -787105781//778376625]
3; 4; 8; 6; 5; 1; 1; 5; 2; 1; [-181016//63375, 60712//12675, 34971//21125, -94808//21125, 799363//63375, 782923//63375, -68482//4225, 11833//4225, 759833//63375, -156056//4225, -113153//4225, 256622//12675, -374954//12675, 2058176//63375, -908584//4225, 1870364//21125, 1658418//21125, -30186818//63375, 936302//63375, 1385828//2535, -5134906//12675, 20123852//63375, 7066314//4225, 28554//325, -13874213//12675, 6185887//4225, -88207937//63375, 13547714//12675, -43135199//63375, 20620672//63375, -1472303//21125, -7579309//63375, 2778902//12675, -2761069//12675, 11262046//63375, -438362//12675, 785899//12675, -278079//4225, 232923//4225, -2416202//63375, 261434//12675, -417524//63375, -58906//21125, 156687//21125, -580849//63375, 109429//12675, -16036//2535, 80487//21125]
3; 4; 8; 6; 5; 2; 1; 12; 1; 1; [-276163143527//536301494625, 61502029637//536301494625, -16101008421//7150686595, 703866469411//178767164875, 4736866555138//536301494625, 11098508668609//536301494625, 4860134987//126935265, 5761588248159//178767164875, 4517589986201//107260298925, 1027581647302//35753432975, 172656180274//35753432975, 396696955067//8250792225, 1245025568948//107260298925, 19460909122867//536301494625, 12893224782743//536301494625, -241175837471//107260298925, -49505844485121//178767164875, -69282038566236//178767164875, -435392087331079//536301494625, -33803519024908//35753432975, -270615093527087//536301494625, -22194674048107//35753432975, 11830436880012//35753432975, 51441652828307//107260298925, -91502860876744//107260298925, 97242701186963//107260298925, -405723986044744//536301494625, 281506639495409//536301494625, -30596830253086//107260298925, 41933569791881//536301494625, 3998997479617//178767164875, -25881106025539//178767164875, 2985523730387//35753432975, -24165491014867//178767164875, 5788757498587//107260298925, -3602394591446//107260298925, 113407060032//2750264075, -4026725095771//107260298925, 1005208265194//35753432975, -3051076783338//178767164875, 1319164570788//178767164875, -28302838649//107260298925, -741314551808//178767164875, 2808167095151//536301494625, -1096433536149//178767164875, 124832476693//35753432975, -1731437067766//536301494625, 90547468552//107260298925]
3; 4; 8; 6; 10; 1; 1; 10; 1; 1; [27017763258//178767164875, -7400360404//178767164875, 685961819//1430137319, -114278944898//178767164875, 61482420366//178767164875, 127126117054//178767164875, -211154919448//178767164875, 211849458193//178767164875, -112592847343//178767164875, -250838683694//35753432975, 253573045509//35753432975, -151301542884//35753432975, -8165691678//35753432975, -1081318124123//178767164875, 143228596694//178767164875, -54750628929//2750264075, 6073546046708//178767164875, -5874959718971//178767164875, 5131479690391//178767164875, 3168351893168//178767164875, -10330935461718//178767164875, 17413389487053//178767164875, 3437517382261//35753432975, -8171067307061//35753432975, 9322314961106//35753432975, -8168628002723//35753432975, 29424335920221//178767164875, -17094382292153//178767164875, 1281296931348//35753432975, 1109916023794//178767164875, -5236010558908//178767164875, 6630224988038//178767164875, -5830735260621//178767164875, 4090579487406//178767164875, -2055196987471//178767164875, 414215299154//35753432975, -397683973014//35753432975, 310260587099//35753432975, -198803076417//35753432975, 474413620611//178767164875, -80967039363//178767164875, -33353373388//35753432975, 279016590139//178767164875, -289161953478//178767164875, 238873390428//178767164875, -157037515221//178767164875, 76236901766//178767164875, -10168360776//178767164875]
3; 4; 8; 6; 4; 2; 1; 5; 2; 1; [608027//63375, -66206//21125, -1324//375, 67551//21125, -53468//4225, -38629//1625, 989899//63375, 213809//12675, -2644739//63375, -16131//4225, 726116//12675, -131808//4225, 23528//507, -4262214//21125, 5383561//21125, -4148914//63375, -2811428//63375, 2007323//2535, 41434331//63375, -14876168//21125, -763727//4225, 33820754//63375, -22959188//12675, -4759188//4225, 2548552//975, -7514198//2535, 163514569//63375, -117355991//63375, 22687126//21125, -8690658//21125, -285667//12675, 565907//1625, -27836372//63375, 120534//325, -16745848//63375, 1233523//12675, -1672361//12675, 1600219//12675, -82973//845, 3963464//63375, -1875181//63375, 304573//63375, 667811//63375, -70948//4225, 1179428//63375, -326519//21125, 1679//169, -309908//63375]
3; 4; 8; 6; 7; 1; 1; 5; 1; 1; [33695639//18266625, 7838566//3653325, 19005977//6088875, 100181933//18266625, -43121//31225, -10916272//6088875, -97653874//18266625, -3618169//405925, -204460432//18266625, -117969073//3653325, -371276//48711, -77179762//3653325, -14783881//281025, -710292244//18266625, -74598817//1217775, -477683252//6088875, -597179426//6088875, 39501204//405925, 40624683//156125, 5153490019//18266625, 268908287//730665, 1219917618//2029625, 1867565587//3653325, -56207389//243555, 8305577//405925, 123925814//1217775, -74202178//468375, 561541697//3653325, -60559307//468375, 1439730616//18266625, -27684002//730665, 3436269//156125, 423492712//18266625, -13393013//3653325, 300566887//6088875, 5297506//1217775, 2041549//730665, -603167//93675, 2931142//405925, -116301377//18266625, 16439107//3653325, -49198853//18266625, 16618541//18266625, 847532//3653325, -10248062//18266625, 22637492//18266625, -2239771//3653325, 7419337//6088875]
3; 4; 8; 6; 5; 1; 1; 2; 1; 1; [-1055124713//3793583625, 5557344077//3793583625, -4810115797//3793583625, 1612956794//1264527875, 2004124938//1264527875, -1208023991//758716725, 4856595294//1264527875, -8775171827//3793583625, -2424039003//1264527875, 1127825028//252905575, -157030455//10116223, 22790518//3528915, -3920490524//758716725, -4987753274//291814125, -156108345467//3793583625, 167751188377//3793583625, -267146691392//3793583625, 1293429557//1264527875, 11508077262//252905575, -107852317964//1264527875, 212382907249//1264527875, -41383728387//1264527875, 9290186468//252905575, 51743275358//151743345, -74980952516//151743345, 28368037477//58362825, -1468608384446//3793583625, 951439131944//3793583625, -468723615869//3793583625, 30317068378//1264527875, 134049954698//3793583625, -47485845487//758716725, 247233334334//3793583625, -14724910603//291814125, 49124334409//1264527875, -15531853369//758716725, 3442819034//151743345, -988556418//50581115, 3512014748//252905575, -29968643656//3793583625, 3564033413//1264527875, 2521668356//3793583625, -9808132756//3793583625, 11889041783//3793583625, -2150021117//758716725, 7913169094//3793583625, -4469614694//3793583625, 2082076637//3793583625]
3; 4; 8; 6; 8; 1; 1; 3; 1; 1; [1926//845, -39513//21125, 123986//21125, 86682//21125, 5796//4225, 285171//21125, 2993//1625, 64761//4225, 410429//21125, -13556//845, 142107//4225, 49964//4225, -15343//845, -5406//169, 1198753//21125, -3733771//21125, 119668//21125, -78814//845, -4884496//21125, 6013191//21125, -2014554//4225, -261184//21125, 533824//845, -3606888//4225, 3454584//4225, -41328//65, 340909//845, -4001506//21125, 480752//21125, 1460344//21125, -496347//4225, 2246857//21125, -135144//1625, 184039//4225, -740612//21125, 32556//845, -136852//4225, 95176//4225, -2091//169, 3389//845, 34479//21125, -99058//21125, 113434//21125, -20594//4225, 70277//21125, -39167//21125, 76//169, 31//1625]
3; 4; 8; 6; 10; 1; 1; 8; 1; 1; [12472536589//3372965375, -58171107//674593075, 21206609984//3372965375, 6080830486//3372965375, -2153173064//3372965375, 42724734522//3372965375, -69385373451//3372965375, -26255948048//3372965375, 5686406983//674593075, -49661840232//674593075, 12541705617//674593075, -18926111732//674593075, -30924532139//674593075, -29313256543//259458875, 68207259//674593075, -702424236629//3372965375, 594515827844//3372965375, -290115564646//3372965375, -70302983007//3372965375, 3063334429471//3372965375, -305497550537//3372965375, 22200208256//51891775, 1301353513533//674593075, -95638588321//51891775, 964767282188//674593075, -616373240074//674593075, 1437390473143//3372965375, -45792502547//674593075, -559435881967//3372965375, 890539700892//3372965375, -902780303248//3372965375, 727322472439//3372965375, -356321226447//3372965375, 247653557999//3372965375, -1852105188//674593075, 49279124812//674593075, -34208089072//674593075, 18732180627//674593075, -6120174396//674593075, -12565130137//3372965375, 6928700989//674593075, -41470005422//3372965375, 36989558327//3372965375, -27038475283//3372965375, 15855721849//3372965375, -3868661507//3372965375, -519977716//3372965375, 42862156//26983723]
3; 4; 8; 6; 4; 2; 1; 2; 1; 1; [1970402463//3287772475, 72339888574//16438862375, -122447797631//49316587125, 350161932733//49316587125, 154352221217//49316587125, -97699272416//49316587125, 80488110158//9863317425, -232257871277//16438862375, -51033116891//49316587125, -40433028684//3287772475, -419485748626//9863317425, 231241829431//9863317425, -77747894102//1972663485, -198512287902//3287772475, -1629753815269//16438862375, 2981093390606//49316587125, -12428414917273//49316587125, 5528372701948//49316587125, 336783618467//16438862375, -358169375032//9863317425, 28632019309496//49316587125, -2134518370063//16438862375, 2651899880886//3287772475, 6217810633454//9863317425, -13249744478564//9863317425, 2944910943316//1972663485, -12743027827964//9863317425, 45026141944639//49316587125, -25607092917827//49316587125, 2937221821607//16438862375, 2215329029254//49316587125, -2706525163804//16438862375, 672363095604//3287772475, -2680372033879//16438862375, 2246298197066//16438862375, -501844987858//9863317425, 219957126557//3287772475, -622783656071//9863317425, 95806511396//1972663485, -1551854763//50581115, 695887477424//49316587125, -89818471597//49316587125, -96410139513//16438862375, 444187679089//49316587125, -445967748077//49316587125, 14482747673//1972663485, -16893751274//3793583625, 121421155238//49316587125]
3; 4; 8; 6; 7; 1; 1; 5; 2; 1; [109449944//237466125, 190358//6088875, 10917302//47493225, 63657206//79155375, 120358592//237466125, -525708158//237466125, -465526532//237466125, 18622712//18266625, -20902036//18266625, -223905098//47493225, 83759848//47493225, -124640102//47493225, -572326006//47493225, -1325331248//79155375, 1058838758//237466125, -575594974//47493225, -4744410698//237466125, -2236949992//237466125, 17219614228//237466125, 10520992982//237466125, -6526270462//79155375, 3450267628//237466125, 3673800652//47493225, -141832958//1217775, 5520800768//47493225, -4465063166//47493225, 14512837948//237466125, -7411358326//237466125, 37055708//5277025, 1626538376//237466125, -3695926736//237466125, 1562982778//79155375, -219121138//18266625, 1448961272//237466125, -1147157246//237466125, 256449338//47493225, -74522356//15831075, 160575572//47493225, -31049098//15831075, 171687028//237466125, 27460424//237466125, -28182214//47493225, 172259596//237466125, -165697546//237466125, 139153684//237466125, -22739278//79155375, 17956702//237466125, -77092//79155375]
3; 4; 8; 6; 7; 1; 1; 2; 1; 1; [7960837831//16438862375, -3022080797//3287772475, -1408979413//16438862375, 10645161466//16438862375, -16311130772//16438862375, -3532276507//3287772475, 32336774744//16438862375, 5751666067//16438862375, -59829205469//16438862375, 17989905512//3287772475, 17809359411//3287772475, -531528403//131510899, 7184391433//3287772475, -194805686446//16438862375, 114933026037//3287772475, -265784382732//16438862375, -177418583541//16438862375, 628449525792//16438862375, -19451872358//3287772475, -1541869266204//16438862375, 407157991768//16438862375, 1234846552804//16438862375, -795552961978//3287772475, -125877882154//3287772475, 9804392939//50581115, -809508254332//3287772475, 3746699545162//16438862375, -564719847004//3287772475, 40780743363//382299125, -798439919453//16438862375, 97806764996//16438862375, 71716002621//3287772475, -612779586662//16438862375, 559540786899//16438862375, -378114013288//16438862375, 21345718558//3287772475, -34787463436//3287772475, 7159971856//657554495, -29378511993//3287772475, 99328071062//16438862375, -10395995764//3287772475, 14663582264//16438862375, 9696198342//16438862375, -21747966234//16438862375, 5012230221//3287772475, -23197483812//16438862375, 94958076//97271375, -7981403013//16438862375]
3; 4; 8; 6; 5; 1; 1; 10; 1; 1; [10419093094//8250792225, 11869382833//2750264075, 402774306403//41253961125, 91359241903//8250792225, 19383174092//3173381625, -235101480859//41253961125, -127240637897//8250792225, -650535714602//41253961125, -736514544616//41253961125, -54939608778//2750264075, -21412858747//550052815, -201219998173//2750264075, -176102485512//2750264075, -147676640164//2750264075, -258182727913//2750264075, -8049054599293//41253961125, -1739422049263//8250792225, -895979703662//13751320375, 4574828226598//13751320375, 6772659097379//8250792225, 46833127945997//41253961125, 43730155709836//41253961125, 675959004272//2750264075, -140691686758//550052815, 130248360787//634676325, -396544080122//2750264075, 39679487093//550052815, -70094186244//2750264075, -312845013863//13751320375, 181703984321//8250792225, -1593273795583//41253961125, 1902719025557//41253961125, 122916307288//8250792225, 883758205712//13751320375, 593853451016//13751320375, 28595970293//2750264075, -12672038428//1650158445, 12317298488//2750264075, -5234907058//2750264075, -336694383//2750264075, 3023261976//2750264075, -24148903958//13751320375, 3672759037//2750264075, -50834977208//41253961125, 14207631319//13751320375, 954991678//2750264075, 42293316556//41253961125, 805171646//778376625]
3; 4; 8; 6; 4; 1; 1; 6; 1; 1; [145987363//47493225, 240534412//237466125, 582210742//237466125, 273961336//79155375, -35790106//237466125, 170939528//47493225, -1380372548//237466125, -2379320941//237466125, -726212602//79155375, -1118743957//47493225, -68628377//47493225, -302959766//15831075, -1764189148//47493225, -4314508129//47493225, 347464708//237466125, -16571323472//237466125, -6994551713//237466125, 24667443211//237466125, 306636962//9498645, 87869189938//237466125, 64906968311//237466125, 10229030719//26385125, 2593031372//5277025, -7856635619//15831075, 19014884932//47493225, -983520656//3653325, 140774433//1055405, -8311530401//237466125, -8180203391//237466125, 14805732206//237466125, -15512706472//237466125, 2918917109//47493225, -6095161126//237466125, 2873914091//79155375, 2156836988//237466125, 956533882//47493225, -230859901//15831075, 402269378//47493225, -17505028//5277025, -7211161//15831075, 577607924//237466125, -253871047//79155375, 693870001//237466125, -171375809//79155375, 68255068//47493225, -77772616//237466125, 621939//2029625, 15946732//26385125]
3; 4; 8; 6; 4; 2; 1; 10; 1; 1; [-1026267397384//536301494625, 996060669652//178767164875, 9584405869681//536301494625, 4579302465547//178767164875, 4259352659491//178767164875, 2060278639841//536301494625, -16705668998029//536301494625, -8717777356718//178767164875, -17644875045472//536301494625, -77216550766//8250792225, -5369435468467//107260298925, -16485253539619//107260298925, -19575758150657//107260298925, -19798855109851//536301494625, -26615987468422//178767164875, -52891190746822//178767164875, -267441378393206//536301494625, -109882727466816//178767164875, 10099505517263//178767164875, 854907564096419//536301494625, 516931130385188//178767164875, 1413177332461292//536301494625, 90294374870627//107260298925, -24869350505227//107260298925, -19102591600934//107260298925, 38833947006353//107260298925, -4200719134571//10118896125, 188144379923692//536301494625, -144001999836658//536301494625, 65974879575932//536301494625, -43664096858509//536301494625, -4207986445448//536301494625, 21045470849674//178767164875, 39700481468542//536301494625, 2363096993939//13751320375, -156966144022//107260298925, 1493073348797//107260298925, -665833715277//35753432975, 1860396268972//107260298925, -7255941880873//536301494625, 1502310955844//178767164875, -2268233380643//536301494625, 67495376332//536301494625, 545944194026//536301494625, -33148198692//13751320375, 691936020504//178767164875, 227440528892//536301494625, 149667990307//41253961125]
3; 4; 8; 6; 12; 1; 1; 7; 1; 1; [-359532602369//178767164875, -419430488849//178767164875, 73623553836//178767164875, -1339642893544//178767164875, 925342530734//178767164875, -189949746323//178767164875, -826545472416//178767164875, 3361482150577//178767164875, -1068934411817//178767164875, 879990214158//35753432975, 102372835941//2750264075, -1009208859318//35753432975, 1688793663647//35753432975, 12993098288639//178767164875, 3881233764039//178767164875, 6952301552719//178767164875, 26621727686354//178767164875, -51262474191729//178767164875, 11125849113653//178767164875, -42797950603034//178767164875, -96656178696407//178767164875, 70728500089477//178767164875, -39582804593607//35753432975, -5512681751437//35753432975, 30680883989612//35753432975, -39239888821153//35753432975, 183617433969522//178767164875, -10703331154311//13751320375, 86972828777017//178767164875, -37902139653288//178767164875, 1517373176583//178767164875, 17896684005714//178767164875, -28253471850447//178767164875, 21964380269254//178767164875, -17999361315079//178767164875, 6033435328//211558775, -1684567941158//35753432975, 1741976958223//35753432975, -1433306278032//35753432975, 4885606896852//178767164875, -2581539047028//178767164875, 755093254152//178767164875, 486289573137//178767164875, -1120742573872//178767164875, 1231789479294//178767164875, -84911277434//13751320375, 685727207254//178767164875, -383884760214//178767164875]
3; 4; 8; 6; 5; 1; 1; 8; 1; 1; [118900329//51891775, -1127019507//259458875, 50579223//10378355, -234951149//155675325, -336191332//59875125, 7167802673//778376625, -6902639203//778376625, 886050961//778376625, -4221610516//778376625, -214787702//31135065, 2307929513//51891775, -6489760174//155675325, -2347180523//155675325, -416048092//31135065, 92568538481//778376625, -2007222588//10378355, 8989146546//51891775, 48304654276//778376625, -46696895056//259458875, 227102156533//778376625, -219146529086//778376625, 337960684856//778376625, -5670414392//31135065, -184630302946//155675325, 272267860466//155675325, -270176654548//155675325, 215645748911//155675325, -235179344124//259458875, 13987311971//31135065, -15094679254//155675325, -30615824504//259458875, 4391176864//19958375, -60355142032//259458875, 151946913437//778376625, -97744085732//778376625, 2246193227//31135065, -4189663588//51891775, 10886948714//155675325, -2594891879//51891775, 4451102647//155675325, -8157724012//778376625, -66014288//31135065, 1401113273//155675325, -2872452434//259458875, 7870293646//778376625, -5843217316//778376625, 3534073532//778376625, -1358881582//778376625]
3; 4; 8; 6; 7; 1; 1; 10; 1; 1; [7195326401//13751320375, 71471696734//35753432975, 54934686439//35753432975, 407692610107//178767164875, 256956891618//178767164875, -278205578478//178767164875, -65410750982//7150686595, -786285885048//178767164875, -1255207844412//178767164875, -519165918896//35753432975, -710258180652//35753432975, -589160555922//35753432975, -862620213292//35753432975, -4726948902083//178767164875, -24618240888//550052815, -860684427166//35753432975, -855922833054//13751320375, -2894042053033//178767164875, 32473527217293//178767164875, 894087181634//2750264075, 36162674697913//178767164875, 49237706916972//178767164875, 10948584402859//35753432975, 547084560463//35753432975, -7200299973092//35753432975, 9559229774983//35753432975, -45848052088049//178767164875, 6993291117867//35753432975, -4524564597874//35753432975, 10039832447924//178767164875, -1710221162284//178767164875, -2465478222061//178767164875, 1800368288867//35753432975, -4894907081501//178767164875, 7581203688306//178767164875, -226638142909//35753432975, 405619580182//35753432975, -431729672053//35753432975, 360570007377//35753432975, -1253813242399//178767164875, 134981140524//35753432975, -1776762722//1430137319, -102928901896//178767164875, 253717084756//178767164875, -272823669601//178767164875, 63427739953//35753432975, -164973762766//178767164875, 12156262667//13751320375]
3; 4; 8; 6; 4; 2; 1; 8; 1; 1; [-18013841071//3372965375, -204497466437//10118896125, 23477555136//3372965375, -42332474159//2023779225, -11622258719//778376625, 9393316411//778376625, -1334210672//3372965375, 650573094628//10118896125, 18062700983//674593075, 21369051268//404755845, 379366343917//2023779225, -14379928363//404755845, 197408653999//2023779225, 1049820094951//3372965375, 4774651894612//10118896125, -868624013251//3372965375, 240999173582//404755845, -4134731600963//10118896125, -6170787546923//10118896125, -1891968406708//3372965375, -29481710995213//10118896125, -911719374563//2023779225, -898148945207//404755845, -3644805168338//2023779225, 1535736601988//404755845, -8503145797426//2023779225, 2829208916738//778376625, -25806935104429//10118896125, 14646351762866//10118896125, -1012467125422//2023779225, -1371712663234//10118896125, 4459250668801//10118896125, -2043943732429//3372965375, 1349432520447//3372965375, -850329491326//2023779225, 58310451032//404755845, -381304745242//2023779225, 23946581407//134918615, -91918436898//674593075, 870204021104//10118896125, -132061634073//3372965375, 48339162766//10118896125, 33511338776//2023779225, -257798859404//10118896125, 252560060971//10118896125, -214257673927//10118896125, 38365659507//3372965375, -15316565138//2023779225]
3; 4; 8; 6; 9; 1; 1; 7; 1; 1; [-14209231321//35753432975, 41663914417//35753432975, -48975250689//178767164875, -172288726081//178767164875, 2536934924//7150686595, 4286557458//13751320375, -552035812196//178767164875, 537207579296//178767164875, 877592109562//178767164875, -173862151706//35753432975, -330281615673//35753432975, 360733914834//35753432975, -63055561719//35753432975, 229209851802//35753432975, -1489739637497//35753432975, 7067022439069//178767164875, 2532566363996//178767164875, -625388593821//35753432975, 6952312000276//178767164875, 16348191963586//178767164875, -2208828713462//13751320375, -14855363394317//178767164875, 159848150048//674593075, 2633014940802//35753432975, -8575007459046//35753432975, 10357442890656//35753432975, -9348454561036//35753432975, 6877236814764//35753432975, -20595084535633//178767164875, 685859134976//13751320375, -37026735956//35753432975, -4735881694477//178767164875, 7760751546608//178767164875, -622282277206//13751320375, 4651466073149//178767164875, -302679910539//35753432975, 451925374988//35753432975, -450269227794//35753432975, 361348275339//35753432975, -238656102368//35753432975, 173650616//51891775, -137754758998//178767164875, -149780931587//178767164875, 58251403511//35753432975, -312887601407//178767164875, 284823862633//178767164875, -214487926988//178767164875, 93069564974//178767164875]
3; 4; 8; 6; 5; 2; 1; 6; 1; 1; [-89081957//79155375, 19583579//79155375, 5921622//26385125, -812132//633243, -52617254//79155375, 80166239//79155375, -168712//3166215, 18121902//26385125, 18991148//5277025, -382348//1055405, -10420544//3166215, 63665741//5277025, 117964246//15831075, 2124961382//79155375, -2375800654//79155375, 456658229//79155375, 890376824//15831075, -383244042//26385125, -391598483//6088875, -317882891//15831075, -1939380372//26385125, -62175313//633243, 103990843//633243, 107247157//1055405, -3732273742//15831075, 326966837//1217775, -6145954898//26385125, 13234123043//79155375, -2564442236//26385125, 627449564//15831075, 120694084//26385125, -2508720802//79155375, 568488539//15831075, -992254586//26385125, 114191019//5277025, -9276928//1055405, 12588338//1055405, -180594533//15831075, 46918143//5277025, -149102328//26385125, 211571023//79155375, -34618303//79155375, -1103848//1217775, 123984032//79155375, -10271909//6088875, 20996816//15831075, -5940061//6088875, 6332734//15831075]
3; 4; 8; 6; 7; 1; 1; 8; 1; 1; [364804048//3372965375, -241335251//259458875, 1168163973//3372965375, 7290020456//3372965375, 7461806082//3372965375, 5488064424//3372965375, 13255308996//3372965375, 8007100287//3372965375, -937858527//3372965375, 5540382138//674593075, 7589134032//674593075, -2587398111//674593075, -975786827//134918615, -20895896328//3372965375, 100397309053//3372965375, -108304634578//3372965375, -217487921926//3372965375, -12029839844//259458875, -308089212284//3372965375, -469505564516//3372965375, 46785926463//3372965375, 456546422102//3372965375, -52904216532//674593075, -47554342728//674593075, 97083937709//674593075, -21403713087//134918615, 456341410186//3372965375, -318657654606//3372965375, 177154230061//3372965375, -74304725668//3372965375, -23559132921//3372965375, 46272225398//3372965375, -95125868638//3372965375, 69406259729//3372965375, -29639662684//3372965375, 3717915612//674593075, -4794852122//674593075, 4490871426//674593075, -52899021//10378355, 824379812//259458875, -4809334646//3372965375, 453061906//3372965375, 1901084392//3372965375, -3340867676//3372965375, 2966260948//3372965375, -3011458753//3372965375, 1779029894//3372965375, -503390949//3372965375]
3; 4; 8; 6; 4; 1; 1; 6; 2; 1; [122476793//237466125, 182463349//237466125, -11100799//47493225, 16576669//26385125, 68128064//237466125, 214114717//237466125, -136398523//47493225, -1745618989//237466125, 85606321//79155375, -18362098//3653325, -373533326//47493225, -69028553//15831075, 36656014//9498645, -4575531413//237466125, -6197700329//237466125, 206264288//47493225, 4761970549//237466125, 401683627//18266625, -1987002232//237466125, 218021501//1899729, 63174456674//237466125, -333402287//6088875, 2163324812//15831075, -342364064//5277025, 459121006//47493225, 45555019//1899729, -1043948621//26385125, 704738731//18266625, -1538827504//47493225, 419431829//18266625, -2521410997//237466125, 687664024//237466125, 351774961//47493225, 187273808//26385125, 737254091//237466125, 63553999//47493225, 2917809//5277025, -74019301//47493225, 5798813//3166215, -130242838//79155375, 21408386//18266625, -11149784//15831075, 72218707//237466125, 2566126//79155375, -45778231//237466125, 1268299//3653325, -774526//79155375, 10847462//79155375]
3; 4; 8; 6; 3; 1; 1; 11; 1; 1; [-917061304636//1086354309625, 9863335170187//3259062928875, 866655724501//651812585775, -4740678219631//651812585775, -2390477106982//651812585775, -718739102762//250697148375, -9201224690212//1086354309625, 193716485033//43454172385, 14730563964959//3259062928875, -1436229361198//130362517155, -3608075089376//217270861925, 3035503763867//651812585775, 497273677397//16713143225, 939739872807//20497251125, -76200647036379//1086354309625, 17898012555311//651812585775, 38618928073521//217270861925, 53846556236453//651812585775, 975671973037421//3259062928875, 370346073665142//1086354309625, -81483760531048//217270861925, -865635044984119//3259062928875, 33312028397381//130362517155, 9735186291369//217270861925, -137898164844013//651812585775, 58265680347471//217270861925, -796728167702881//3259062928875, 597417776459629//3259062928875, -24738359728262//217270861925, 2570981754823//43454172385, -127372257733//651812585775, -34741670938687//3259062928875, 55706715335751//1086354309625, -34249832467004//651812585775, 53456815966393//3259062928875, -62117966020//8690834477, 2493924135266//217270861925, -589986291059//50139429675, 2097311641664//217270861925, -21049031714351//3259062928875, 839339577763//250697148375, -40112006232//43454172385, -336508592644//651812585775, 67168298994//43454172385, -350734817899//250697148375, 1875478381376//1086354309625, -877870037126//651812585775, 1177556065018//3259062928875]
3; 4; 8; 6; 12; 1; 1; 12; 1; 1; [-51879360591//178767164875, 56840205284//178767164875, -86350549411//178767164875, -36101435284//35753432975, 123814447384//178767164875, -201166046844//178767164875, 171371608788//178767164875, 508081328252//178767164875, -279579226298//178767164875, 79567718088//35753432975, 4290270204//2750264075, 9547246704//7150686595, 287499114582//35753432975, 2100644483531//178767164875, -1421117505064//178767164875, 2931652432066//178767164875, 236543386311//35753432975, -2262315820489//178767164875, 4994836971919//178767164875, -10585931167518//178767164875, -11418002509317//178767164875, -308788302529//13751320375, -2334172938297//35753432975, 2830890071177//35753432975, -511449212112//7150686595, 1915109092652//35753432975, -5644454269157//178767164875, 2361642103373//178767164875, 106002022118//178767164875, -263566224301//35753432975, 1812475569098//178767164875, -30740958891//3372965375, 978279723541//178767164875, -1459019605031//178767164875, 275652295509//178767164875, -9467267216//2750264075, 98969257288//35753432975, -13089056587//7150686595, 33493343943//35753432975, -38290717957//178767164875, -42234933137//178767164875, 82591931788//178767164875, -3442922319//7150686595, 72166166438//178767164875, -3675346681//13751320375, 20010940061//178767164875, -19778166436//178767164875, -6423832251//178767164875]
3; 4; 8; 6; 9; 1; 1; 12; 1; 1; [-53430963236//178767164875, -84844624396//35753432975, -304630011191//178767164875, -12837072311//35753432975, -225446515254//178767164875, 4776518182//13751320375, 34719312031//7150686595, 634236194//1430137319, -1148879674728//178767164875, 45896131226//35753432975, 210716459853//35753432975, -114742475332//35753432975, 26149855734//2750264075, 4857849966621//178767164875, 536914976138//7150686595, 891942415561//178767164875, -908279548196//35753432975, -962394218226//178767164875, -18048169692731//178767164875, -5571356540483//35753432975, 144169293511//1430137319, 29632443691518//178767164875, -5711459234209//35753432975, -2421394784547//35753432975, 6679182027798//35753432975, -7830044258253//35753432975, 35137161571348//178767164875, -4993755360323//35753432975, 1168149213196//13751320375, -1265490506234//35753432975, -359907020898//178767164875, 3176019316632//178767164875, -1321803238303//35753432975, 236053929799//7150686595, -2594721450336//178767164875, 241422015564//35753432975, -345149012618//35753432975, 25997930689//2750264075, -267368641287//35753432975, 875951328458//178767164875, -83745986971//35753432975, 90306878188//178767164875, 4877929528//7150686595, -227053081893//178767164875, 17295509614//13751320375, -45031585752//35753432975, 6188252282//7150686595, -50689100451//178767164875]
3; 4; 8; 6; 2; 1; 1; 9; 1; 1; [786803447//536301494625, 65597168927//107260298925, 907089559//1650158445, -58477048182//178767164875, -14962604788//35753432975, -390074867251//536301494625, -773362252427//536301494625, -81558894169//536301494625, 385918111949//536301494625, -73761120154//35753432975, -226436849083//35753432975, -201052895126//107260298925, 138774147956//21452059785, 4785167805038//536301494625, -11316685093//1430137319, -7147952443//1430137319, 508196721427//178767164875, 300585835726//35753432975, 32120163814546//536301494625, 60320263053997//536301494625, 9465913944143//178767164875, -4116646002433//178767164875, 221471402086//35753432975, 2635602470876//107260298925, -1364482386522//35753432975, 827885532262//21452059785, -16369707469291//536301494625, 723348685862//35753432975, -231330227807//21452059785, 1497221833153//536301494625, 302892252401//107260298925, -91413611494//41253961125, 1877500006462//178767164875, -398417420321//178767164875, 1192522636283//536301494625, -166799626493//107260298925, 189695359244//107260298925, -55644672088//35753432975, 8069725004//7150686595, -345790577771//536301494625, 8744882054//35753432975, 189006666//7150686595, -99794401312//536301494625, 26860734098//107260298925, -94505738332//536301494625, 48216912052//178767164875, -33914103188//536301494625, 15907504913//536301494625]
3; 4; 8; 6; 4; 1; 1; 4; 1; 1; [40504//21125, -1346//845, -302096//190125, 518//325, -26852//38025, -987388//190125, 6532//4225, 78422//21125, -78028//7605, -151856//38025, 237284//12675, -1510//1521, 112196//38025, -8453056//190125, 3280154//38025, 4587656//190125, -1259026//38025, 4358524//38025, 29396668//190125, -3617108//38025, 252832//190125, 8297552//38025, -10535716//38025, -11541548//38025, 1476038//2535, -7979488//12675, 11235838//21125, -14062276//38025, 39666428//190125, -2733958//38025, -678082//38025, 15166784//190125, -387476//4225, 4996582//63375, -204752//4225, 856456//38025, -120168//4225, 22248//845, -58312//2925, 778534//63375, -68618//12675, 88288//190125, 96722//38025, -15724//4225, 746864//190125, -118654//38025, 381296//190125, -31352//38025]
3; 4; 8; 6; 5; 2; 1; 6; 2; 1; [-145858456//79155375, -10815601//26385125, -113535874//79155375, -29946022//26385125, 95588684//79155375, -61484042//15831075, 33461397//26385125, 29370769//26385125, -129614453//26385125, 182837743//15831075, 41007458//15831075, 94163734//15831075, 285756113//15831075, 1473582912//26385125, 515287416//26385125, 4648002374//79155375, -2197918094//79155375, -615586318//26385125, 54356091//405925, -3206192817//26385125, -404391914//26385125, -4091874266//79155375, -1814636424//5277025, 4848331223//15831075, -3541418416//15831075, 2109106853//15831075, -1339941749//26385125, -172168481//79155375, 76836878//2029625, -1272304094//26385125, 3446705308//79155375, -450045847//15831075, 431942179//26385125, -867289591//79155375, -21829026//26385125, -61823501//5277025, 40264574//5277025, -59358854//15831075, 956959//1217775, 91895198//79155375, -156130981//79155375, 170858887//79155375, -141559282//79155375, 31651701//26385125, -8702966//15831075, 8541952//79155375, 2095273//26385125, -7784761//26385125]
3; 4; 8; 6; 11; 1; 1; 11; 1; 1; [-22673561767903//14122606025125, -29682996805071//14122606025125, -4258856300549//2824521205025, -8025354443367//14122606025125, 1605216311904//14122606025125, 26490187872524//14122606025125, 22008148577562//2824521205025, 172245775967062//14122606025125, 101927120638081//14122606025125, 221155134142//53292852925, 6550906463208//564904241005, 56043943966233//2824521205025, 23057938161853//2824521205025, 58448288942636//1086354309625, 10090465308869//178767164875, 46200423138768//2824521205025, -1252942980631548//14122606025125, -2302181051758849//14122606025125, -2370047050678534//14122606025125, -31553869850218//112980848201, -5354220240894872//14122606025125, -3120378048268901//14122606025125, 1104325907024//35753432975, 59900449221478//564904241005, -460531980748717//2824521205025, 5940274023722//35753432975, -1863344699061761//14122606025125, 1304811047937048//14122606025125, -128892111719559//2824521205025, 113585469918796//14122606025125, 40211611920448//14122606025125, -406317201852002//14122606025125, 30279353892066//2824521205025, -526262086415856//14122606025125, 59614688541857//14122606025125, -18810125066021//2824521205025, 4335283661672//564904241005, -19003786070648//2824521205025, 13832880814287//2824521205025, -39683314574701//14122606025125, 16431419430743//14122606025125, 361442805388//2824521205025, -12443739453589//14122606025125, 12852496825143//14122606025125, -15940078921302//14122606025125, 1459167032522//2824521205025, -11269422895296//14122606025125, 405486789867//14122606025125]
3; 4; 8; 6; 3; 1; 1; 5; 1; 1; [-512482//190125, -16076//21125, -157064//63375, -2032//1125, 153902//38025, 1809428//190125, 455432//63375, 30302//4225, 3240634//190125, 33638//7605, 7166//2535, 442414//12675, -385936//38025, 2629394//63375, -2625632//63375, 3891334//63375, -5344582//190125, -10076446//38025, -7958462//21125, -59553076//190125, -18749312//38025, -90617884//190125, 835106//1521, 2512214//7605, -29447708//38025, 3728436//4225, -48814598//63375, 35155714//63375, -20259118//63375, 23209874//190125, 33614//7605, -7062818//63375, 20336852//190125, -5145728//38025, 12265978//190125, -218992//7605, 19900//507, -476584//12675, 85742//2925, -395476//21125, 1694522//190125, -275264//190125, -597406//190125, 188728//38025, -120376//21125, 791732//190125, -26138//7605, 227258//190125]
3; 4; 8; 6; 6; 1; 1; 9; 1; 1; [-856933196//8250792225, -1291631639//3173381625, -163973129426//41253961125, -349924009466//41253961125, -258977138972//41253961125, -93959784397//13751320375, -2604604088//13751320375, 569561481097//41253961125, 75144226804//3173381625, 219235098986//8250792225, 2676463594//550052815, 8670375979//1650158445, 277212614686//8250792225, 124297125244//8250792225, 712199105489//13751320375, 7813474220431//41253961125, 9419199718096//41253961125, 807028321174//13751320375, -2794030574804//41253961125, -5973915847852//13751320375, -27078701654507//41253961125, -30079811290657//41253961125, -5131067247664//8250792225, 350543711398//1650158445, 112498747189//1650158445, -1780447176934//8250792225, 721076427157//2750264075, -3212476640128//13751320375, 2523417230746//13751320375, -3914078759692//41253961125, 1931342746676//41253961125, -42605930714//13751320375, -1866964149158//41253961125, 78554594063//13751320375, -925300731157//13751320375, -11216207441//8250792225, -12646287044//1650158445, 18854803156//1650158445, -31177526192//2750264075, 1003233229//110010563, -82065100548//13751320375, 132000072458//41253961125, -21480027272//41253961125, -9931994388//13751320375, 58916020028//41253961125, -81670630348//41253961125, 850953516//1057793875, -21726438432//13751320375]
3; 4; 8; 6; 5; 2; 1; 4; 1; 1; [-56334//21125, 358888//190125, -112751//190125, -1042316//190125, 9474//4225, 47911//12675, -178364//63375, -606029//190125, 4631//190125, 11354//2925, -222343//12675, 64243//12675, 7946//507, 4800037//63375, -18573823//190125, 4544602//63375, 20539316//190125, -4478083//38025, -826721//38025, 862619//14625, 58572//1625, 17197979//190125, 6715357//38025, 15463751//38025, -8448097//12675, 580907//845, -106558147//190125, 71811911//190125, -37742387//190125, 11866103//190125, 244694//7605, -3282902//38025, 6279622//63375, -15651773//190125, 12241087//190125, -1016972//38025, 1199114//38025, -356878//12675, 52453//2535, -774409//63375, 311872//63375, 50183//190125, -588317//190125, 159514//38025, -156551//38025, 614441//190125, -126431//63375, 196862//190125]
3; 4; 8; 6; 10; 1; 1; 9; 1; 1; [-95626129201//178767164875, 74991080496//178767164875, 315486398029//178767164875, -418669538862//178767164875, 32287450184//178767164875, 1395904777804//178767164875, -51571485896//7150686595, -540863753957//178767164875, 178517724527//13751320375, -373275574694//35753432975, -337421369196//35753432975, 40126316133//7150686595, -26024068331//7150686595, 2444896234251//178767164875, -7773747953916//178767164875, -6967429490184//178767164875, 19089368257892//178767164875, -15634527126754//178767164875, -26890349443769//178767164875, 12571555641616//35753432975, -21891689929438//178767164875, -34775456158121//178767164875, 19443413431021//35753432975, -4906194870771//35753432975, -903610678329//7150686595, 364149328182//1430137319, -49823535769167//178767164875, 42351655471737//178767164875, -2342998545274//13751320375, 1370131810652//13751320375, -6673542096067//178767164875, -2798654548197//178767164875, 1699845348791//35753432975, -7899975724514//178767164875, 4709376755697//178767164875, -57971411391//35753432975, 348325804976//35753432975, -89828265909//7150686595, 83938976994//7150686595, -1600254210687//178767164875, 993529739847//178767164875, -460605449872//178767164875, 65149363001//178767164875, 183026473803//178767164875, -323323028087//178767164875, 1341788298//674593075, -262324693564//178767164875, 132370320532//178767164875]
3; 4; 8; 6; 4; 1; 1; 3; 1; 1; [-10952//86125, -547028//86125, -1803758//258375, -589976//86125, -377236//51675, -183154//86125, 2261308//258375, 1745012//258375, 740764//258375, 1396244//51675, 161088//3445, 1571576//51675, 2085962//51675, 318002//86125, 36988544//258375, 24680348//258375, 52258718//258375, 2875874//17225, -25615866//86125, -67932616//86125, -185810822//258375, -168998374//258375, -48554866//51675, -273938//3445, 34145476//51675, -1144742//1325, 210902498//258375, -160438718//258375, 34395668//86125, -44843086//258375, 1613684//51675, 5156862//86125, -13008118//86125, 21839494//258375, -10751274//86125, 366452//17225, -380348//10335, 2000194//51675, -553624//17225, 5710078//258375, -1015856//86125, 24876//6625, 518474//258375, -234068//51675, 443722//86125, -1407364//258375, 246068//86125, -670222//258375]
3; 4; 8; 6; 8; 1; 1; 11; 1; 1; [-7655039088257//14122606025125, -330464108682//217270861925, -7478028023471//14122606025125, 125879726217//564904241005, 26177009177634//14122606025125, 25833469557276//14122606025125, 3585049278308//1086354309625, 188331274053229//14122606025125, 222156896971947//14122606025125, 23371429548076//2824521205025, 33961349072502//2824521205025, 42198638955994//2824521205025, 30729979188192//2824521205025, 91837241645262//14122606025125, 67382240189052//2824521205025, -120151085554414//14122606025125, -150220888098508//2824521205025, -2457624169761899//14122606025125, -2488549772957896//14122606025125, -2340016854620014//14122606025125, -444033476303383//1086354309625, -7038504643566137//14122606025125, -824693212581344//2824521205025, 109107957556302//2824521205025, 332445433363664//2824521205025, -518829119444073//2824521205025, 2646666996897886//14122606025125, -426765474645246//2824521205025, 1436356777864383//14122606025125, -156549502280098//2824521205025, 88350951886563//14122606025125, 45538668289297//14122606025125, -441142108339742//14122606025125, 110578342390993//14122606025125, -639848268256241//14122606025125, 8268850453509//2824521205025, -21044879245762//2824521205025, 24430852555346//2824521205025, -21520336481172//2824521205025, 78445766803736//14122606025125, -9136252597938//2824521205025, 18053197697658//14122606025125, 181951952723//2824521205025, -14789689222727//14122606025125, 14549052385157//14122606025125, -17722233728242//14122606025125, 7156335100598//14122606025125, -13632350800671//14122606025125]
3; 4; 8; 6; 11; 1; 1; 5; 1; 1; [-23185007//26385125, -28500638//79155375, -17556239//79155375, -93680779//79155375, -28653281//26385125, 24560761//26385125, 26226026//26385125, 13071706//26385125, 861203//243555, 4858007//1055405, 12367816//15831075, 142597787//15831075, 47326507//5277025, 2084733496//79155375, -25241629//6088875, 97298209//79155375, 2629607659//79155375, -814587292//79155375, -5512864693//79155375, -4140579368//79155375, -6657556033//79155375, -2546745356//15831075, -74394377//3166215, 1359603806//15831075, -1657711618//15831075, 1521935986//15831075, -5567700482//79155375, 3426398764//79155375, -491091906//26385125, 167337512//79155375, 754641734//79155375, -1373724224//79155375, 909413936//79155375, -389350278//26385125, -929802//5277025, -2889488//633243, 24252283//5277025, -58638787//15831075, 232276//93675, -32861659//26385125, 8365178//26385125, 7741504//26385125, -14844601//26385125, 16886273//26385125, -16219348//26385125, 9168992//26385125, -23157269//79155375, -314108//5277025]
3; 4; 8; 6; 3; 1; 1; 5; 2; 1; [1233224//190125, -21511//14625, 1625119//63375, 156782//63375, -11273393//190125, -10471976//190125, 1840387//190125, -242441//21125, -13892//845, 1489651//12675, -122191//4225, -128750//507, 7097251//38025, 32634341//190125, 65009483//190125, -170993302//190125, 1614206//21125, 103469056//63375, 18470912//14625, 138453478//190125, 98944633//63375, -86362969//38025, -283421792//38025, 449669//4225, 31717444//7605, -17099068//2925, 1081191773//190125, -845995066//190125, 180316358//63375, -29583577//21125, 7231441//21125, 95231063//190125, -140163031//190125, 55751594//63375, -29505719//38025, 1581299//12675, -3101147//12675, 2024417//7605, -957929//4225, 30354548//190125, -16894031//190125, 5716454//190125, 578609//63375, -5525716//190125, 61749//1625, -6239821//190125, 4982467//190125, -645116//38025]
3; 4; 8; 6; 12; 1; 1; 6; 1; 1; [-70548731//26385125, 2661584//5277025, -71345137//26385125, 23708618//5277025, 83636934//26385125, -173461773//26385125, 319083436//26385125, 39462608//5277025, 55976838//5277025, 137078478//5277025, -7000044//1055405, 236197544//5277025, 89561482//5277025, 969811931//26385125, -101824302//5277025, 175815894//2029625, -1272244208//5277025, -2306885999//26385125, 1334829053//26385125, -795404552//2029625, -231208399//5277025, -4262082009//5277025, -2333346807//5277025, 183506411//211081, -383563162//405925, 4259387057//5277025, -14913023452//26385125, 66683067//211081, -2786480394//26385125, -227889474//5277025, 2752583413//26385125, -3401846836//26385125, 2667395847//26385125, -7338317//81185, 3549087//211081, -225205748//5277025, 41895306//1055405, -159096589//5277025, 99027183//5277025, -221829722//26385125, 317247//405925, 102090146//26385125, -31267589//5277025, 148862198//26385125, -120113856//26385125, 71502897//26385125, -8368858//5277025, -1657093//5277025]
3; 4; 8; 6; 5; 2; 1; 3; 1; 1; [15717904//3358875, 2625616//1119625, 27514483//3358875, 37110542//3358875, -6045704//671775, 45359434//3358875, 951293//258375, -34578039//1119625, -14002699//3358875, -36382546//671775, -17060029//671775, -2417878//134355, -15539639//134355, -417133949//3358875, -122487113//3358875, -1211527393//3358875, -417365992//3358875, 292338004//671775, -65468758//258375, 1878120416//3358875, 787912299//1119625, 930988844//3358875, 1377164839//671775, -477277324//671775, -28262612//134355, 31208854//44785, -2876105552//3358875, 860627667//1119625, -659678258//1119625, 381089638//1119625, -28397956//223925, -31856867//3358875, 120505601//1119625, -21511043//258375, 139101104//1119625, 1142602//223925, 16519589//671775, -4983319//134355, 381919//10335, -100398832//3358875, 66170791//3358875, -34725244//3358875, 601033//258375, 633084//223925, -16894822//3358875, 492372//86125, -12963784//3358875, 11328592//3358875]
3; 4; 8; 6; 3; 1; 1; 2; 1; 1; [-4639375223//3793583625, 8911076041//3793583625, -153839833//291814125, 851764699//1264527875, 14446126544//3793583625, -1091919913//758716725, 21579033688//3793583625, 2980609797//1264527875, 2913754307//3793583625, 134046134//11672565, -1038330668//50581115, 4231183648//758716725, -9877111//758716725, 10690239201//1264527875, -278487951881//3793583625, 17581327403//1264527875, -102442670319//1264527875, -318062162974//3793583625, 46751653693//758716725, -13947615602//97271375, 39825707043//1264527875, -421541026492//3793583625, -679218223//3528915, 25357164009//50581115, -442508701952//758716725, 130602496118//252905575, -109708727272//291814125, 275643194319//1264527875, -331253917988//3793583625, -13127250987//1264527875, 214585831643//3793583625, -58353980876//758716725, 87031680377//1264527875, -214754825908//3793583625, 119860621984//3793583625, -260555215//10116223, 1266349384//50581115, -14969006713//758716725, 3232405812//252905575, -549943292//88222875, 4393493407//3793583625, 567605194//291814125, -4369443592//1264527875, 4419744211//1264527875, -2216003966//758716725, 7298461271//3793583625, -4099990828//3793583625, 950496544//3793583625]
3; 4; 8; 6; 9; 1; 1; 6; 1; 1; [-141145674//26385125, -318310582//79155375, -15135656//5277025, 185412442//79155375, -157808//3166215, 2842292//1217775, 1845400043//79155375, -652995673//79155375, 23052119//26385125, -812338051//15831075, 95075198//3166215, 3429339//81185, -4670578//3166215, 13040473192//79155375, 5319202154//26385125, -21210383//1055405, -4741109804//26385125, -2538358801//15831075, 144882157//1217775, -1059199256//6088875, 14468481296//26385125, 2971505858//79155375, 11643397268//5277025, -215109123//1055405, -1051770524//1055405, 951029087//633243, -39384834568//26385125, 32045584612//26385125, -12650708354//15831075, 10482995073//26385125, -1666211566//15831075, -1493719906//15831075, 14811673921//79155375, -1140628102//6088875, 4809494003//26385125, -425871404//15831075, 14998837//243555, -44085265//633243, 192238727//3166215, -1147679353//26385125, 668813462//26385125, -151062068//15831075, -41734067//26385125, 116709581//15831075, -9992943//1055405, 692068876//79155375, -497857891//79155375, 334611319//79155375]
3; 4; 8; 6; 5; 1; 1; 9; 1; 1; [69909599801//41253961125, -23786933114//8250792225, 2066462504//3173381625, 105296500264//41253961125, 12379361044//13751320375, 2992746086//8250792225, 9476274889//41253961125, 7328415511//1650158445, -192923743266//13751320375, -108675666838//8250792225, 18301268664//550052815, -9825464369//634676325, -234824670841//8250792225, -580779180597//13751320375, 258636299918//2750264075, -2749017761332//41253961125, 8425923757//3173381625, 24444348418//41253961125, -344882337013//8250792225, -933030467003//13751320375, -933827047559//8250792225, 25426181719298//41253961125, 1070787933797//8250792225, -390740911641//550052815, 7503766570853//8250792225, -2333252605312//2750264075, 26512748411702//41253961125, -3271580478083//8250792225, 7331133420629//41253961125, -719369934407//41253961125, -1108479004102//13751320375, 5076139861//42311755, -1719122397319//13751320375, 255719547802//2750264075, -1531922642266//41253961125, 107320258861//2750264075, -5116474484//126935265, 273773666807//8250792225, -62079459688//2750264075, 491503726102//41253961125, -27853390088//8250792225, -91164991096//41253961125, 205887441713//41253961125, -4403965297//778376625, 40458888749//8250792225, -149032578787//41253961125, 16152724784//8250792225, -3498467467//13751320375]
3; 4; 8; 6; 8; 1; 1; 5; 1; 1; [325936504//237466125, -320014//190125, 931543868//237466125, -83507219//26385125, -330933962//237466125, 10201166//18266625, -1454509876//237466125, 1626633946//237466125, -1135762916//79155375, -32275067//3653325, 1692884348//47493225, -199158491//5277025, 838051054//47493225, -202903384//237466125, 7514309801//237466125, -30241343788//237466125, 42502875671//237466125, 3431606732//237466125, 21094734262//237466125, 1340910032//18266625, -44123711786//237466125, 19909264477//26385125, -6021055447//15831075, -14194584934//15831075, 69476634251//47493225, -71518297291//47493225, 32612915857//26385125, -198398507272//237466125, 103411273736//237466125, -27778185182//237466125, -19553966684//237466125, 45499445006//237466125, -49452082427//237466125, 13904808839//79155375, -23245395296//237466125, 2792537366//47493225, -1095761171//15831075, 2931166699//47493225, -716989328//15831075, 2127986026//79155375, -2587552772//237466125, -15635071//26385125, 130898996//18266625, -745570538//79155375, 2152587301//237466125, -1640651177//237466125, 338510389//79155375, -114720157//79155375]
3; 4; 8; 6; 11; 1; 1; 5; 2; 1; [-4713778//6088875, 9061714//15831075, -16328131//26385125, -51453823//79155375, 5774761//15831075, 4720762//15831075, 55896436//26385125, -19939861//15831075, 11777392//3166215, 70394971//15831075, -56458052//15831075, 27058137//5277025, 15984017//15831075, 1422087364//79155375, -398454971//15831075, 1840209283//79155375, -200773674//26385125, -334188359//15831075, 107623457//15831075, -2263296536//26385125, 158266456//3166215, -1820890939//15831075, -920047229//15831075, 4024129498//15831075, -5036671979//15831075, 4642757647//15831075, -5814836296//26385125, 711975072//5277025, -4664224141//79155375, 293670539//79155375, 447354569//15831075, -224300094//5277025, 3042640336//79155375, -166174666//5277025, 268428221//15831075, -217466176//15831075, 221849437//15831075, -180916036//15831075, 40600771//5277025, -105539256//26385125, 3394133//3166215, 392126//468375, -46790677//26385125, 6187697//3166215, -5381332//3166215, 6960542//6088875, -10316036//15831075, 2483384//15831075]
3; 4; 8; 6; 4; 2; 1; 9; 1; 1; [65592203179//178767164875, -9103515998168//536301494625, -3703606783447//536301494625, -4291879567754//536301494625, -1782133992804//178767164875, 2035695852448//536301494625, 9524880782011//536301494625, 268464833574//7150686595, 2172958773134//536301494625, 1911736323644//35753432975, 1049030874568//7150686595, 1229417037479//107260298925, 2884027159179//35753432975, 11021562199081//178767164875, 79912522356601//178767164875, 6273386566042//536301494625, 128516755524149//536301494625, -1090293561671//178767164875, -107197463719676//178767164875, -679562343251431//536301494625, -165106853797469//107260298925, -51105695656663//178767164875, -222772371483113//107260298925, -25722438165157//21452059785, 7914545519976//2750264075, -117300126734541//35753432975, 1544872727739059//536301494625, -1103658941037346//536301494625, 647546694831071//536301494625, -81118134558941//178767164875, -30915146856479//536301494625, 57582907987887//178767164875, -272322297241333//536301494625, 12554799976267//35753432975, -13791868443529//41253961125, 11425946550223//107260298925, -19660644278//134918615, 5011162625727//35753432975, -11726604797377//107260298925, 964952197051//13751320375, -1369551748177//41253961125, 3109163942141//536301494625, 2089816500194//178767164875, -3445045007023//178767164875, 10457919500206//536301494625, -55880191067//3173381625, 1067347122194//107260298925, -1117316276454//178767164875]
3; 4; 8; 6; 3; 1; 1; 10; 1; 1; [-8761513804//2750264075, -93371949473//13751320375, -455714469751//41253961125, -134006483278//13751320375, -103779464208//13751320375, 64638102241//13751320375, 385860729651//13751320375, 972149526328//41253961125, 334758151627//13751320375, 116576376948//2750264075, 123786988397//2750264075, 740121822058//8250792225, 591404085416//8250792225, 63817839392//550052815, 7216708757279//41253961125, 9146903750381//41253961125, 6395089877309//41253961125, 787404296448//13751320375, -413946974746//778376625, -17148869948841//13751320375, -48135521843878//41253961125, -3878503872722//3173381625, -1472860095752//2750264075, 1546369375652//2750264075, -3792775674482//8250792225, 880524560152//2750264075, -451975731822//2750264075, 2424557151262//41253961125, 1572953203763//41253961125, -47770551251//778376625, 1114257894729//13751320375, -3835766752774//41253961125, -7024417346//1057793875, -3379400792324//41253961125, -139939739006//3173381625, -63391159238//2750264075, 141288630224//8250792225, -83990076568//8250792225, 11944979508//2750264075, 342846986//2750264075, -32622198971//13751320375, 151297075958//41253961125, -132799617208//41253961125, 36736568164//13751320375, -88260767084//41253961125, -3500229848//13751320375, -47098898464//41253961125, -18082206491//13751320375]
3; 4; 8; 6; 7; 1; 1; 9; 1; 1; [845286249887//178767164875, 561209589849//178767164875, 306406426156//178767164875, 1234288253888//178767164875, 441508271612//178767164875, -1806430323291//178767164875, -140533904958//35753432975, -8444034008//35753432975, -1045171304629//35753432975, -1242251992962//35753432975, -34731407292//7150686595, -212918177781//7150686595, -292484625054//7150686595, -26692957463257//178767164875, -3470167508429//178767164875, -11215163428096//178767164875, -31362782701903//178767164875, 32897951858738//178767164875, 90852867120731//178767164875, 1107079875232//7150686595, 944667497871//2750264075, 36224177469667//35753432975, 3669571936383//35753432975, -3950248643177//7150686595, 5026091603789//7150686595, -938836762330//1430137319, 87748665676584//178767164875, -55399835026247//178767164875, 24337776274787//178767164875, -3751942275519//178767164875, -9711475545171//178767164875, 20981082119093//178767164875, -3119472556209//35753432975, 3264949804019//35753432975, -30537641763//7150686595, 1079559775057//35753432975, -223026603668//7150686595, 183140876981//7150686595, -124637692059//7150686595, 1622401230264//178767164875, -475635583207//178767164875, -310389493688//178767164875, 664220401671//178767164875, -754269285131//178767164875, 759788724093//178767164875, -93351413833//35753432975, 67091553784//35753432975, 9524960694//35753432975]
3; 4; 8; 6; 12; 1; 1; 6; 2; 1; [87807703//26385125, -113410067//26385125, -812997//26385125, -10203767//1055405, -367377284//26385125, 226966822//26385125, -23930693//5277025, 238757964//26385125, 61116826//2029625, -193965194//5277025, 51640149//1055405, 110515308//5277025, 294395178//5277025, -1024212528//26385125, 23469563//156125, -3601574078//26385125, 412421332//1055405, 5934417189//26385125, -3963209072//26385125, 262540973//5277025, -26603746719//26385125, -26056402188//26385125, 2339087386//5277025, -1639006344//1055405, 10006958408//5277025, -9072655902//5277025, 33828195676//26385125, -20351765734//26385125, 8599868351//26385125, 781336//81185, -4524102623//26385125, 6582248874//26385125, -1304303396//5277025, 3982413908//26385125, -4543235504//26385125, 434990229//5277025, -87261908//1055405, 351944952//5277025, -233532258//5277025, 596347136//26385125, -144911834//26385125, -144497164//26385125, 11631257//1055405, -303291613//26385125, 259929214//26385125, -36894831//5277025, 81404348//26385125, -58698394//26385125]
3; 4; 8; 6; 11; 1; 1; 2; 1; 1; [3627400574//3287772475, -8863189091//16438862375, 15581166153//16438862375, -32277072231//16438862375, -3124650444//3287772475, 512404141//657554495, -126861336591//16438862375, -40681457803//16438862375, -23924628387//16438862375, -545384808//76459825, 21328064964//3287772475, -47414459557//3287772475, 14048281842//3287772475, -50700393369//3287772475, 214895716751//16438862375, -285280031638//16438862375, 2079251054281//16438862375, 23102377754//657554495, 122245350919//3287772475, 3709791772591//16438862375, 21186894721//1264527875, 3354929264452//16438862375, 45091913931//3287772475, -1300181999031//3287772475, 1772988819733//3287772475, -1702151604558//3287772475, 1325050290223//3287772475, -4237377440737//16438862375, 2014922315866//16438862375, -247886534927//16438862375, -135531165927//3287772475, 1421331526//19454275, -1048113812197//16438862375, 78117694288//1264527875, -530824178564//16438862375, 74695403214//3287772475, -80183338844//3287772475, 67642409287//3287772475, -47148542577//3287772475, 25965391763//3287772475, -42982418927//16438862375, -15979327904//16438862375, 48633794578//16438862375, -11052241649//3287772475, 10105075696//3287772475, -33701491867//16438862375, 22264843944//16438862375, -6229321584//16438862375]
3; 4; 8; 6; 9; 1; 1; 6; 2; 1; [16211171//6088875, 21530849//6088875, 10505123//6088875, -318672//81185, 18713174//6088875, 19336432//6088875, 14931717//2029625, 5720071//1217775, 11961304//6088875, 34470058//1217775, -5734212//405925, -38336452//1217775, -4752476//1217775, -110718522//2029625, -533756039//6088875, 38526812//6088875, 44681168//405925, 106768966//6088875, -1185446272//6088875, -854823487//2029625, -278992648//1217775, 1415719031//6088875, -965212832//1217775, 175691448//405925, -171354062//1217775, -23943077//405925, 324443029//2029625, -1185054782//6088875, 1035438551//6088875, -48472222//405925, 453534773//6088875, -235287796//6088875, -41760656//2029625, 2193797//243555, -31367399//2029625, -4547506//405925, 188902//405925, 7101232//1217775, -3407078//405925, 16583699//2029625, -40083697//6088875, 25856666//6088875, -811948//405925, 2754698//6088875, 2702474//6088875, -227777//156125, 91058//93675, -4753162//6088875]
3; 4; 8; 6; 3; 1; 1; 8; 1; 1; [-2816//325, 4717//975, -77302//4875, -39827//4875, 10724//4875, -61144//1625, 46884//1625, 36488//4875, -473//39, 96098//975, -4106//65, 49366//975, 106949//975, 35972//195, -34999//325, 2563757//4875, -426771//1625, 96556//4875, 252994//375, -7598062//4875, 427424//1625, -469607//325, -2480752//975, 631054//195, -976078//325, 171488//75, -1370809//975, 47168//75, -158954//4875, -1471049//4875, 707046//1625, -653918//1625, 1349924//4875, -1062394//4875, 49789//975, -139613//975, 22924//195, -25882//325, 13697//325, -11513//975, -7741//975, 29682//1625, -33053//1625, 28486//1625, -4498//375, 9603//1625, -4068//1625, -1619//975]
3; 4; 8; 6; 8; 1; 1; 5; 2; 1; [348685567//237466125, -80720329//79155375, 203108047//237466125, -194577647//237466125, -138599822//237466125, 567766369//237466125, -127072878//26385125, 98431168//237466125, -326462674//237466125, -318775088//47493225, 575927492//47493225, -536728823//47493225, 132403552//47493225, -8422311022//237466125, 8317891057//237466125, -4025700127//237466125, 4686331799//79155375, 2841373082//237466125, -5718620429//237466125, 4285368738//26385125, -13598550988//237466125, 25324841999//237466125, -857973821//15831075, -2074136947//5277025, 3038875063//5277025, -2080700611//3653325, 35826350753//79155375, -70443937484//237466125, 11753909098//79155375, -7324099499//237466125, -9428058839//237466125, 17598485663//237466125, -17433995794//237466125, 15578589686//237466125, -10141449508//237466125, 1129707278//47493225, -420124474//15831075, 1089515233//47493225, -259065449//15831075, 736840928//79155375, -807297989//237466125, -163415581//237466125, 78497079//26385125, -288805483//79155375, 265025771//79155375, -570379514//237466125, 27647047//18266625, -141831088//237466125]
3; 4; 8; 6; 2; 1; 1; 7; 1; 1; [-8623882209//35753432975, -5167821037//10118896125, -235716856553//536301494625, -105819115504//107260298925, 12821642372//21452059785, 614584535323//536301494625, -34296430957//178767164875, 1279271051912//536301494625, -221079124984//536301494625, -90199316152//107260298925, 121446456113//35753432975, -84530901187//107260298925, 23026668128//4290411957, 1462376711099//107260298925, 7832262504701//536301494625, 2577260000091//178767164875, 593879897766//35753432975, -4935529880314//107260298925, -14237771327833//536301494625, -1143863376533//178767164875, -26335541607727//536301494625, 56123817381689//536301494625, 61698533921//8250792225, -6180816717281//107260298925, 8110639924603//107260298925, -1522552190602//21452059785, 1977700362306//35753432975, -6030141336749//178767164875, 2953680106848//178767164875, -134212480754//107260298925, -914223314464//107260298925, 4761139840531//536301494625, -5637493070977//536301494625, 1086176936113//178767164875, -441139342973//536301494625, 345501235862//107260298925, -361923796844//107260298925, 100302311939//35753432975, -13732166947//7150686595, 37471559378//35753432975, -163566664747//536301494625, -80357892506//536301494625, 856357241//2023779225, -54859214671//107260298925, 211146312811//536301494625, -165162054182//536301494625, 1858025056//13751320375, 3524481479//178767164875]
3; 4; 8; 6; 12; 1; 1; 4; 1; 1; [122339//63375, 202208//63375, -53//63375, -190247//63375, -328418//63375, -125662//21125, -42217//63375, 135259//63375, 102988//63375, -131776//12675, -282758//12675, 48788//12675, 136132//4225, -1961779//63375, -3861158//63375, -126599//21125, 1056324//21125, 4724906//21125, 6489697//21125, 2487559//21125, -9584264//63375, -8434081//21125, -806127//4225, 1194247//12675, -268472//12675, -307549//12675, 2954398//63375, -1147763//21125, 2741624//63375, -45616//1625, 1703069//63375, 176506//21125, 210221//63375, -52502//63375, -1600259//63375, -9278//4225, -1904//4225, 23717//12675, -29261//12675, 134608//63375, -106079//63375, 62864//63375, -25114//63375, 4653//21125, 2326//4875, -4513//21125, 11488//63375, -37289//63375]
3; 4; 8; 6; 11; 1; 1; 10; 1; 1; [-55667598359//178767164875, 15396333428//35753432975, 169790342422//178767164875, 359342072//134918615, 80516485472//35753432975, 177318629413//178767164875, -145118891391//178767164875, -45527362601//7150686595, -262375875329//35753432975, -246720863546//35753432975, -317625246843//35753432975, -149553689734//35753432975, -383439850414//35753432975, 371204203034//178767164875, -1194345450412//35753432975, -63064618858//1057793875, -3208443440013//35753432975, -32455194569//7150686595, 10275296608622//178767164875, 19107594761761//178767164875, 7918990287659//35753432975, 7042405752019//35753432975, 564001717978//2750264075, 1499008516052//35753432975, -6366776627114//35753432975, 7911694665296//35753432975, -36421036775053//178767164875, 5433992036452//35753432975, -17325460654906//178767164875, 1332706346327//35753432975, -98376945299//35753432975, -60318610548//3372965375, 6200854567398//178767164875, -693611849831//35753432975, 1157140608017//35753432975, -216935945669//35753432975, 342333818168//35753432975, -348744557536//35753432975, 283518281214//35753432975, -952944776033//178767164875, 19636880394//7150686595, -10960419812//13751320375, -23406786042//35753432975, 43966179377//35753432975, -18204493458//13751320375, 228134129038//178767164875, -23395973384//35753432975, 23197091347//35753432975]
3; 4; 8; 6; 8; 1; 1; 2; 1; 1; [3227330046//16438862375, 601950546//3287772475, 96148164//657554495, -3888437796//16438862375, -8519318674//16438862375, -14373228018//16438862375, -19706518642//16438862375, -48298201551//16438862375, -46393169408//16438862375, -13565981232//3287772475, -1027432032//3287772475, -6174321553//3287772475, -4496642037//3287772475, -66866833416//16438862375, -812460604//657554495, 12842522382//3287772475, 395636651866//16438862375, 432430795699//16438862375, 603670728608//16438862375, 977311998062//16438862375, 1415095915641//16438862375, 93619304531//1264527875, 323858066928//3287772475, -222478210722//3287772475, 119344234427//3287772475, -36704160057//3287772475, -97607864213//16438862375, 47206499258//3287772475, -1257354066//76459825, 258720753088//16438862375, -155222308333//16438862375, 129620182459//16438862375, 4166040556//16438862375, 60305818973//16438862375, 83769911859//16438862375, 7204782297//3287772475, -3040592878//3287772475, 13889908//3287772475, 133441899//252905575, -12151428403//16438862375, 2336749371//3287772475, -1825408062//3287772475, 6258747478//16438862375, -2498412613//16438862375, 1049412419//16438862375, 1761588401//16438862375, -383014102//16438862375, 2708756684//16438862375]
3; 4; 8; 6; 9; 1; 1; 4; 1; 1; [-100791//21125, 74309//63375, 123076//63375, -327383//63375, -38//507, 669274//63375, -18608//4875, -87722//21125, 688797//21125, 209876//12675, -367441//12675, 268418//12675, 275723//12675, 2936631//21125, -2265253//21125, 821359//63375, 8003573//63375, -642514//2535, -19971199//63375, 18728704//63375, -8839474//63375, -61370041//63375, 1221017//4225, 8937889//12675, -14510342//12675, 14924563//12675, -60692546//63375, 41000603//63375, -1668821//4875, 38291//375, 137309//2535, -10213517//63375, 11323607//63375, -9501587//63375, 1246749//21125, -583706//12675, 685486//12675, -610463//12675, 149244//4225, -439332//21125, 40816//4875, 9184//21125, -341836//63375, 18143//2535, -461737//63375, 360452//63375, -226352//63375, 50542//63375]
3; 4; 8; 6; 6; 1; 1; 7; 1; 1; [5177886208//1650158445, 1546062033//211558775, 268681604537//41253961125, 279711873608//41253961125, 9249813496//1057793875, 93999618052//8250792225, 252181099087//41253961125, -64777270864//3173381625, -746250152972//41253961125, -104962014778//8250792225, -70074595983//2750264075, -468907248896//8250792225, -68601911968//1650158445, -325389498966//2750264075, -1967390422363//8250792225, -10306792185302//41253961125, -1700445938056//13751320375, 1531630811366//41253961125, -195088836594//2750264075, 269081074423//41253961125, 35711968307422//41253961125, 37895826754207//41253961125, 4510850560922//8250792225, -730554446748//2750264075, 29124351128//634676325, 46527724028//550052815, -1835170687//11975025, 1186387035778//8250792225, -147608228449//1057793875, 1130214740992//13751320375, -625156642764//13751320375, 91277905939//8250792225, 324636026114//41253961125, 280926167532//13751320375, 2609194553261//41253961125, 15772962481//2750264075, 4970219128//2750264075, -48828904444//8250792225, 3867523988//550052815, -53457899467//8250792225, 497846590//110010563, -42070096272//13751320375, 44926386356//41253961125, 1202695118//41253961125, -2067686397//2750264075, 39739826134//41253961125, -7661662024//41253961125, 4792857302//3173381625]
3; 4; 8; 6; 11; 1; 1; 8; 1; 1; [-303609209//134918615, 8135691251//3372965375, -13991710796//3372965375, 7679103056//3372965375, 10325935668//3372965375, -3084855586//674593075, 67049523826//3372965375, 18232378139//3372965375, 35547693054//3372965375, 24338738278//674593075, -13444614414//674593075, 19550400138//674593075, 209842077//10378355, 34020723814//674593075, -138754405731//3372965375, 403193226806//3372965375, -665045844456//3372965375, 68676319992//3372965375, -15083909122//674593075, -2321304401706//3372965375, 346948755681//3372965375, -1739751345369//3372965375, -201214077572//674593075, 726242036366//674593075, -888235171102//674593075, 161973841048//134918615, -602867720616//674593075, 1829252267212//3372965375, -768862492522//3372965375, -5916941348//3372965375, 32819897557//259458875, -4832308006//26983723, 480660714862//3372965375, -446864731317//3372965375, 17042684781//259458875, -38618747243//674593075, 38840696524//674593075, -2411638646//51891775, 835661067//26983723, -10671895164//674593075, 13355153992//3372965375, 12754833688//3372965375, -25578623678//3372965375, 2114496862//259458875, -4705607474//674593075, 14582453992//3372965375, -9021861452//3372965375, 1796691238//3372965375]
3; 4; 8; 6; 2; 1; 1; 12; 1; 1; [-56158052891//536301494625, -161317906//21452059785, -187378491358//536301494625, -413043929977//536301494625, 891488324//10118896125, 83756912476//536301494625, 638775026446//536301494625, 318026856439//107260298925, 264996201391//178767164875, 85474178928//35753432975, 5037522101//2750264075, 90718172111//35753432975, 726954497261//107260298925, 2630989658146//536301494625, -40154057098//107260298925, 4983782410133//536301494625, 1505683314019//178767164875, -6846054409757//536301494625, -2088314607976//536301494625, -2471163733772//41253961125, -10306573911611//107260298925, -9014375837111//178767164875, -2734099125642//35753432975, 2827291895794//107260298925, 292972813841//35753432975, -2803838089004//107260298925, 17245926241108//536301494625, -3098224788938//107260298925, 3907123780838//178767164875, -6724517299879//536301494625, 870390656063//178767164875, -688266557//3173381625, -3121826217908//536301494625, -3051443869//107260298925, -1157073473273//178767164875, -1477972318//8250792225, -33199671348//35753432975, 149682269372//107260298925, -49472138387//35753432975, 11326697176//10118896125, -26379948664//35753432975, 204731107054//536301494625, -14691378343//178767164875, -55859058601//536301494625, 95317339237//536301494625, -132882749983//536301494625, 1822887964//21452059785, -86014372789//536301494625]
3; 4; 8; 6; 12; 1; 1; 3; 1; 1; [-1450107//1119625, -229837//223925, -2996504//1119625, 554716//1119625, 4333218//1119625, 5938612//1119625, 463629//86125, 114843//223925, -3328524//1119625, 743902//223925, 2818746//223925, 4474102//223925, -4439521//223925, 13573617//1119625, 1425271//223925, 67741779//1119625, -37877091//1119625, -95259278//1119625, -246581627//1119625, -331277757//1119625, -11690127//223925, 244021654//1119625, 87949657//223925, 23135271//223925, -1560596//4225, 101264889//223925, -461238459//1119625, 2762677//8957, -206531743//1119625, 88215147//1119625, -134868//21125, -59478111//1119625, 53530479//1119625, -13903108//223925, 63858472//1119625, -2877822//223925, 4411374//223925, -4430557//223925, 3577056//223925, -11908569//1119625, 1223462//223925, -1483348//1119625, -1446533//1119625, 2772001//1119625, -3341291//1119625, 2395404//1119625, -77654//44785, 1272507//1119625]
3; 4; 8; 6; 8; 1; 1; 10; 1; 1; [159135168433//178767164875, -9388215179//7150686595, 396999620336//178767164875, 65850606191//178767164875, -282928606236//178767164875, 10879735491//3372965375, -714428475848//178767164875, 57704475861//178767164875, 577171594697//178767164875, -651666109602//35753432975, 53397480168//7150686595, -382028716834//35753432975, -573668519672//35753432975, -3577762430198//178767164875, 845804778151//35753432975, -16888334060981//178767164875, 7281103980279//178767164875, 65770364046//178767164875, -9473338660628//178767164875, 29291452494438//178767164875, -2330853976757//13751320375, 16548054886798//178767164875, 283838035326//674593075, -720890935028//1430137319, 16205495299166//35753432975, -226797120634//674593075, 35788575153871//178767164875, -2954148825474//35753432975, -920187417458//178767164875, 9232702712567//178767164875, -12236428802152//178767164875, 11351047673461//178767164875, -148680796442//3372965375, 4537886948807//178767164875, -2089474505706//178767164875, 781712387177//35753432975, -124981264692//7150686595, 411153545304//35753432975, -207331400208//35753432975, 234480770711//178767164875, 55042729804//35753432975, -528498465598//178767164875, 560416521597//178767164875, -468923984242//178767164875, 319567987281//178767164875, -156422195991//178767164875, 35144139612//178767164875, 34977993519//178767164875]
3; 4; 8; 6; 10; 1; 1; 7; 1; 1; [-200181456706//178767164875, -176760893801//178767164875, -7976877388//178767164875, -938423047012//178767164875, 339708394756//178767164875, -248717903862//178767164875, -108576038729//35753432975, 2489971791262//178767164875, -111483469088//178767164875, 416965581662//35753432975, 56514976827//2750264075, -338230670369//35753432975, 1186965928276//35753432975, 7758719012826//178767164875, 2110729847041//178767164875, 6112359444518//178767164875, 17346559833002//178767164875, -27054685262736//178767164875, 13881960189082//178767164875, -5000756566421//35753432975, -85456304778997//178767164875, 19591128716023//178767164875, -411251918666//674593075, -4840505779284//35753432975, 19402266017041//35753432975, -24007097522994//35753432975, 110580182820043//178767164875, -82698114204702//178767164875, 50927798609684//178767164875, -21281168463514//178767164875, -76999430978//178767164875, 11852900699141//178767164875, -3468472418038//35753432975, 12059537315094//178767164875, -11763618503311//178767164875, 51241086021//2750264075, -1040923804436//35753432975, 1055525773994//35753432975, -856344501516//35753432975, 2877798820883//178767164875, -2155459693//259458875, 397167589664//178767164875, 335482451116//178767164875, -694759731148//178767164875, 755825537911//178767164875, -132320703458//35753432975, 381646774204//178767164875, -241165698766//178767164875]
3; 4; 8; 6; 9; 1; 1; 3; 1; 1; [4110298//1119625, 24803414//1119625, 2849188//223925, 3002047//1119625, 12443946//1119625, -10484844//1119625, -52793383//1119625, -13315998//1119625, -480736//1119625, -28127886//223925, -33645273//223925, -6269864//223925, -16430919//223925, -13485016//86125, -650277444//1119625, -3691453//44785, -158608472//1119625, -168167371//1119625, 1593029794//1119625, 15373997//6625, 596982158//1119625, 716635771//1119625, 622313544//223925, 14990012//223925, -29636038//17225, 522824261//223925, -2515543244//1119625, 1923092008//1119625, -250426426//223925, 587214674//1119625, -106138268//1119625, -136589073//1119625, 464003324//1119625, -331300406//1119625, 327639123//1119625, -11927144//223925, 22027718//223925, -23638956//223925, 19907679//223925, -69476314//1119625, 37611073//1119625, -2535792//223925, -4849961//1119625, 13701327//1119625, -15076153//1119625, 16942819//1119625, -10334586//1119625, 7081058//1119625]
3; 4; 8; 6; 4; 1; 1; 11; 1; 1; [-2183029476796//3259062928875, 4078536239266//3259062928875, 33868308542//41253961125, -6307229070706//3259062928875, -3533109772792//3259062928875, -8726361461776//3259062928875, -24307278796864//3259062928875, -3035217178778//1086354309625, 50837824168//41253961125, -611904594836//130362517155, -1855112687738//217270861925, -689582161358//651812585775, 52908709216//217270861925, 21163689228782//1086354309625, -129078911750186//3259062928875, 75936748088882//3259062928875, 248298151202416//3259062928875, 57371013437542//3259062928875, 452820216573086//3259062928875, 257596865801868//1086354309625, -7197806707142//1086354309625, -63895261582564//1086354309625, 19166439423262//130362517155, 18119061813002//217270861925, -43796062224166//217270861925, 3851545312892//16713143225, -12373539847894//61491753375, 156742262489534//1086354309625, -273386911008844//3259062928875, 118163731788808//3259062928875, 15289278940136//3259062928875, -19712344189644//1086354309625, 45988828429834//1086354309625, -32425651941396//1086354309625, 64914767973004//3259062928875, -64757338474//8690834477, 6661417202744//651812585775, -6413658858622//651812585775, 1670164220594//217270861925, -1232255812654//250697148375, 7602316235662//3259062928875, -98659364068//250697148375, -800213255544//1086354309625, 4449941016896//3259062928875, -4190440380772//3259062928875, 341862405634//250697148375, -866614746416//1086354309625, 1214555911334//3259062928875]
3; 4; 8; 6; 8; 1; 1; 8; 1; 1; [8083689202//3372965375, 3175719146//3372965375, 8164350783//3372965375, 14545944597//3372965375, 6320508282//3372965375, 29108136521//3372965375, 3050023073//3372965375, -6681018658//3372965375, 44022583221//3372965375, -5919844418//674593075, 4634309619//674593075, 1330228374//134918615, -3847874211//674593075, -167754623852//3372965375, 507888408//259458875, -226495244303//3372965375, 18992199488//3372965375, 127953851698//3372965375, -511474263416//3372965375, 950909120847//3372965375, 589940308313//3372965375, -83298698811//3372965375, 329893262002//674593075, -255814586186//674593075, 32628591212//134918615, -77021175431//674593075, 51710184909//3372965375, 141277487682//3372965375, -239955353409//3372965375, 237065746834//3372965375, -187975213051//3372965375, 107967942312//3372965375, -26074643164//3372965375, 46294842544//3372965375, 9214489017//3372965375, 9061349018//674593075, -4954811154//674593075, 64326842//26983723, 50532537//51891775, -9367784901//3372965375, 10863286752//3372965375, -9873980984//3372965375, 7116695979//3372965375, -4103768196//3372965375, 1272876372//3372965375, 888895856//3372965375, -596458826//3372965375, 1406176067//3372965375]
3; 4; 8; 6; 6; 1; 1; 12; 1; 1; [-741524933//3173381625, 18598040629//41253961125, 5297413972//13751320375, -126989599952//41253961125, -72046322//19958375, -25259850716//3173381625, -92343885183//13751320375, -41334435889//41253961125, -97667671641//13751320375, 17910720234//2750264075, -2515652747//550052815, -242987284153//8250792225, -6288574412//550052815, -1180800313841//41253961125, -2071974577259//41253961125, -107998778252//13751320375, 722383553779//13751320375, 574258444823//13751320375, 5079936447953//41253961125, -5923583254631//41253961125, -11640101140951//41253961125, -2344229564264//13751320375, -1731212188221//2750264075, 110930265971//1650158445, 2235814770847//8250792225, -687780842449//1650158445, 5735247339704//13751320375, -14023508063987//41253961125, 9253982550307//41253961125, -4648874152249//41253961125, 1270195929887//41253961125, 1336289648959//41253961125, -2491575813713//41253961125, 636766268524//13751320375, -800765851902//13751320375, 58946712218//8250792225, -9347505246//550052815, 53240789631//2750264075, -9344159561//550052815, 3173743858//259458875, -295289529772//41253961125, 112597166582//41253961125, 1229397107//3173381625, -83633844058//41253961125, 114013631359//41253961125, -35831706886//13751320375, 22754388174//13751320375, -54796588786//41253961125]
3; 4; 8; 6; 10; 1; 1; 12; 1; 1; [-82331029836//178767164875, 539433081732//178767164875, -48985745174//178767164875, 11150835169//178767164875, 972137708458//178767164875, 5977493047//35753432975, -163981853413//35753432975, 261849006353//178767164875, -708348832122//178767164875, -580710907236//35753432975, -494143409502//35753432975, 9387536749//2750264075, -318220121468//35753432975, -122684472583//13751320375, -16800974010462//178767164875, 672975569563//13751320375, -5210420607649//178767164875, -25106176269378//178767164875, 5183607387333//35753432975, 5113450784389//35753432975, -4113181001328//178767164875, 44315938686537//178767164875, 19130153591979//35753432975, 2286023216123//35753432975, -14315330166083//35753432975, 18477821139887//35753432975, -86539624342027//178767164875, 65294174996639//178767164875, -40872020112513//178767164875, 18557764280493//178767164875, -3201017236684//178767164875, -25972900362//674593075, 540557802911//7150686595, -12618720544874//178767164875, 12050105561841//178767164875, -470699242439//35753432975, 60793564574//2750264075, -821930954907//35753432975, 678974516973//35753432975, -2317986220817//178767164875, 1221723219089//178767164875, -359113462108//178767164875, -214556243992//178767164875, 482375582841//178767164875, -110726700286//35753432975, 105327200488//35753432975, -368241338014//178767164875, 249831730771//178767164875]
3; 4; 8; 6; 5; 2; 1; 11; 1; 1; [-45760214418172//42367818075375, 22443871439513//42367818075375, 25320764863456//8473563615075, -990787010971//3259062928875, -55267699157024//14122606025125, 15398125415879//8473563615075, 73128471429071//14122606025125, 12455537540873//2824521205025, -56499720761888//8473563615075, -22442472862051//1694712723015, 106224437628173//8473563615075, -7895066279671//8473563615075, -346399263888043//8473563615075, 1777652078239897//42367818075375, -108994053159658//42367818075375, -696497086800758//8473563615075, -435889387937514//14122606025125, 2742167756443787//42367818075375, 400102731479591//8473563615075, -3605074058071373//42367818075375, -2624730108997562//8473563615075, 2402090602027664//8473563615075, 1240090838860897//1694712723015, -1114204826133877//8473563615075, -2054227932094081//8473563615075, 3478475222054902//8473563615075, -6050323672732808//14122606025125, 15098521031219176//42367818075375, -419495210732341//1694712723015, 5475539998201444//42367818075375, -1542333234188284//42367818075375, -163070118828137//8473563615075, 2004652441393//41253961125, -125844238568908//1694712723015, 37165541164694//564904241005, -1762357258619//338942544603, 138945926459137//8473563615075, -55592620593418//2824521205025, 50009756967531//2824521205025, -185059658013288//14122606025125, 111468960809892//14122606025125, -28589552604406//8473563615075, -1513093571986//42367818075375, 84177402870121//42367818075375, -22278124753672//8473563615075, 35339445936022//14122606025125, -38120005357//16713143225, 4347283108551//2824521205025]
3; 4; 8; 6; 5; 1; 1; 7; 1; 1; [161371233607//41253961125, 33077087286//13751320375, 21609187982//8250792225, 77925560671//8250792225, -313288890856//41253961125, 240846758999//41253961125, 4203530878//2750264075, -1150044501734//41253961125, 134739378542//41253961125, -344777032708//8250792225, -2158759022//51891775, 3181954841//211558775, -203409558954//2750264075, -4587497737807//41253961125, -1243089411358//41253961125, -447152404157//2750264075, -321537398158//2750264075, 17639696862256//41253961125, -5929976242169//41253961125, 4221161926336//8250792225, 29631806535634//41253961125, -6105114014957//41253961125, 12965617181237//8250792225, -1468319253913//8250792225, -5520582888731//8250792225, 8469080388968//8250792225, -14332461144927//13751320375, 11510713283637//13751320375, -934298547881//1650158445, 2324452065974//8250792225, -737439859409//13751320375, -228791844349//3173381625, 1290230817823//8250792225, -4696335772703//41253961125, 125545294291//1057793875, -143800441442//8250792225, 8871030912//211558775, -396096109859//8250792225, 115699679379//2750264075, -420207327647//13751320375, 730015371746//41253961125, -19229098654//2750264075, -1486023524//1650158445, 74987827801//13751320375, -276575005117//41253961125, 18142072671//2750264075, -3187163236//778376625, 116247666419//41253961125]
3; 4; 8; 6; 4; 1; 1; 5; 1; 1; [465553//63375, -20257//21125, 95542//21125, -62694//21125, -132272//4875, -1713454//63375, 315008//38025, 478691//63375, -3612716//190125, 1091752//38025, 66832//4225, -62976//845, 270926//2535, -3398978//63375, 4051537//21125, -17706961//63375, 19165691//190125, 173923148//190125, 10629154//14625, -3284929//38025, 7586017//190125, -144603709//190125, -117825148//38025, -19620662//38025, 6368689//2535, -1611764//507, 560108278//190125, -141054067//63375, 28932219//21125, -116387912//190125, 17664604//190125, 60805861//190125, -252188//585, 81143081//190125, -71282897//190125, 3210188//38025, -5207153//38025, 356399//2535, -291959//2535, 4937011//63375, -2589017//63375, 716147//63375, 167392//21125, -3188936//190125, 3875041//190125, -72862//4225, 2346061//190125, -489214//63375]
3; 4; 8; 6; 4; 2; 1; 7; 1; 1; [5969827547786//536301494625, 1138920159308//536301494625, 120764473553//8250792225, 1936281032269//107260298925, -903140117342//41253961125, 11802491246593//536301494625, -591801938653//41253961125, -9981789257894//178767164875, 482421946637//41253961125, -15018219024113//107260298925, -1558296687076//35753432975, -104605130764//21452059785, -7202132379589//35753432975, -142973071912681//536301494625, 352698195584//10118896125, -2592688822118//4290411957, -1103998027932//35753432975, 147719301782532//178767164875, -12857507699581//41253961125, 1001028331480189//536301494625, 541397525174677//536301494625, -16679476712186//536301494625, 162260483709489//35753432975, -81680252852686//35753432975, 11193963277691//21452059785, 63648272676233//107260298925, -616556543532383//536301494625, 658083483693121//536301494625, -114123176060408//107260298925, 77497060414396//107260298925, -64923137829244//178767164875, 64507163008796//536301494625, 70265078285287//536301494625, -977898459533//10118896125, 90541434707297//536301494625, 5642813600218//107260298925, 1042877358553//107260298925, -946881387191//21452059785, 5929639857152//107260298925, -27564420866423//536301494625, 6916636457662//178767164875, -870374172107//35753432975, 225695197768//21452059785, -11637838534//178767164875, -951727268333//178767164875, 1616975680819//178767164875, -3495887161879//536301494625, 3148075414277//536301494625]
3; 4; 8; 6; 7; 1; 1; 7; 1; 1; [-33790545846//35753432975, 8979148887//35753432975, -6366264657//3372965375, -9916217353//2750264075, -558839308942//178767164875, -704221138653//178767164875, -1787294462257//178767164875, -1269392349647//178767164875, -120017867097//35753432975, -386136206244//35753432975, -325547601264//35753432975, 344842819122//35753432975, 240314298583//35753432975, 1317096721806//35753432975, 318249360239//35753432975, 19255207326741//178767164875, 925972571112//7150686595, 16209962267442//178767164875, 33523805020348//178767164875, 52035145656167//178767164875, 1369309828079//13751320375, 642352246793//35753432975, 12734526691206//35753432975, 114562252416//35753432975, -7568485392768//35753432975, 10438845804033//35753432975, -9977767263507//35753432975, 120917163734//550052815, -24307764247587//178767164875, 49593610626//674593075, -1391141107114//178767164875, -2559450425281//178767164875, 9241031130616//178767164875, -6355642800569//178767164875, 1213954386317//35753432975, -231644077311//35753432975, 437668513574//35753432975, -471888009852//35753432975, 399808680177//35753432975, -278084963517//35753432975, 154897814553//35753432975, -243568301472//178767164875, -13813470409//35753432975, 287902801246//178767164875, -299273700731//178767164875, 339485728781//178767164875, -202868492794//178767164875, 5341012359//7150686595]
3; 4; 8; 6; 2; 1; 1; 6; 1; 1; [-67129954//237466125, -420448492//237466125, -47965732//47493225, -61661518//47493225, -456530449//237466125, -6609257//79155375, 303390307//79155375, 1075995412//237466125, 213509209//79155375, 2932793//243555, 12015766//1055405, 6851233//9498645, 831719819//47493225, 5682546739//237466125, 13745706752//237466125, 15327778//1217775, 1098022747//47493225, 3552119824//237466125, -20719700849//237466125, -41632751011//237466125, -29847804827//237466125, -38049836542//237466125, -1101801481//3166215, 64459511//9498645, 204474392//1055405, -1430651319//5277025, 62964549892//237466125, -48725147654//237466125, 164427649//1217775, -3062210137//47493225, 3169946017//237466125, 3930820423//237466125, -10376429833//237466125, 7577403514//237466125, -9161131331//237466125, 54745108//9498645, -35917706//3166215, 13069548//1055405, -500613784//47493225, 136053434//18266625, -975386389//237466125, 69076391//47493225, 4126201//9498645, -332376113//237466125, 389665343//237466125, -404930533//237466125, 83147578//79155375, -22091104//26385125]
3; 4; 8; 6; 5; 2; 1; 5; 1; 1; [207652//21125, -214328//63375, 49141//63375, 178621//21125, -947899//63375, -122002//4225, 272433//21125, 498799//63375, -269458//4875, -43271//12675, 20984//507, -976393//12675, 108642//4225, -4178752//21125, 17847823//63375, -12406351//63375, -9840838//63375, 53494999//63375, 675947//975, -10552783//21125, 27125681//63375, 19578003//21125, -9327947//4225, -2979647//2535, 36869762//12675, -42441619//12675, 186238577//63375, -44875477//21125, 78521962//63375, -10440718//21125, -740308//63375, 4860568//12675, -30495467//63375, 9505921//21125, -18254138//63375, 1357216//12675, -376066//2535, 1815673//12675, -1423216//12675, 4571972//63375, -732727//21125, 393602//63375, 717131//63375, -1193813//63375, 88856//4225, -1101062//63375, 252786//21125, -679//125]
3; 4; 8; 6; 3; 1; 1; 9; 1; 1; [-429468628237//41253961125, -141447100304//41253961125, -1737032150//330031689, -9253038742//778376625, 18797188686//13751320375, 20043646726//1057793875, 36772842037//1650158445, 138172629523//13751320375, 2399951655632//41253961125, 49957054374//550052815, -1147002004//550052815, 121844652784//1650158445, 779951300071//8250792225, 12064496335877//41253961125, -510759316902//13751320375, 1316512666514//8250792225, 4871057141306//41253961125, -6887543851086//13751320375, -40903138986799//41253961125, -1565951707289//1650158445, -29347761817774//41253961125, -27605649650399//13751320375, -430090054419//550052815, 220491957697//126935265, -3211129387606//1650158445, 13985801438981//8250792225, -49354952701814//41253961125, 731640898723//1057793875, -39004163977//155675325, -553663768804//13751320375, 7846128637336//41253961125, -12922096991572//41253961125, 112742198711//550052815, -9068550086132//41253961125, 78798208883//3173381625, -143497648564//1650158445, 136397097406//1650158445, -105391571459//1650158445, 111709845518//2750264075, -774139330984//41253961125, 37989241204//13751320375, 60304088306//8250792225, -472534758667//41253961125, 470724756271//41253961125, -144818307474//13751320375, 242279176//42311755, -55517103314//13751320375, -31456016101//41253961125]
3; 4; 8; 6; 5; 1; 1; 12; 1; 1; [42044970427//41253961125, -16897755672//13751320375, 51708337874//41253961125, 1236665084//2750264075, -23553368296//13751320375, 13336782328//8250792225, 139607842238//41253961125, -41019834274//8250792225, -2651208958//550052815, 51757737992//2750264075, 915058591//110010563, -225194765989//8250792225, 149570961884//8250792225, -79068068159//13751320375, 1614332406436//41253961125, -3267030392774//41253961125, 334587660608//8250792225, 4806707768738//41253961125, -957070556293//8250792225, -3643439189108//41253961125, 2565773458444//8250792225, 14492084081//110010563, -1824337978193//2750264075, -86524675363//550052815, 4973721251561//8250792225, -2046626840892//2750264075, 2160041343118//3173381625, -20983378932577//41253961125, 4233467177111//13751320375, -1098088305256//8250792225, 155086612318//13751320375, 534534295976//8250792225, -4310434314049//41253961125, 928804848677//8250792225, -39641104621//550052815, 57275586668//2750264075, -17759928064//550052815, 269117947609//8250792225, -5592442631//211558775, 728997963674//41253961125, -124948568154//13751320375, 31598534896//13751320375, 16950488489//8250792225, -167957021131//41253961125, 37162505096//8250792225, -55396560333//13751320375, 25304821612//8250792225, -62256663//42311755]
3; 4; 8; 6; 4; 1; 1; 5; 2; 1; [-4146//4225, 550163//190125, -74552//38025, 106394//190125, 34888//12675, -281012//63375, -209192//63375, -679372//190125, 1173247//190125, -17378//2925, -384497//12675, 247133//12675, -48918//4225, -65862//4225, -16983218//190125, 1110172//12675, -17249159//190125, -2788436//38025, 24456856//190125, 881617//14625, 137753//4875, -67828637//190125, 13236146//38025, 20107564//38025, -3953059//4225, 12530176//12675, -6286742//7605, 107503966//190125, -2320117//7605, 17717308//190125, 1573961//38025, -21407417//190125, 8921551//63375, -23027179//190125, 13914809//190125, -1402861//38025, 1712236//38025, -173051//4225, 387514//12675, -235412//12675, 498587//63375, -5653//38025, -832882//190125, 45832//7605, -1107302//190125, 899968//190125, -191003//63375, 225079//190125]
3; 4; 8; 6; 4; 2; 1; 12; 1; 1; [-610885895117//536301494625, -1322037552682//536301494625, 1120082207681//536301494625, -795450281644//536301494625, -4009533437899//536301494625, 3727636513733//536301494625, 7070760057286//536301494625, -3697680996826//178767164875, -3978497467067//536301494625, 6991334379557//107260298925, 772154649074//35753432975, -4522342751896//107260298925, 957693685687//21452059785, 59630989377002//536301494625, 9723246145694//178767164875, -23862967385282//178767164875, 98197236422504//536301494625, 43900278258788//178767164875, -240570980202173//536301494625, -206108553078146//536301494625, 388182162560888//536301494625, 32976585935042//536301494625, -134502904132243//107260298925, 8228278188304//35753432975, 44043171184049//107260298925, -1004469565708//1430137319, 397381413125621//536301494625, -325900042263019//536301494625, 220733514018062//536301494625, -38572491154871//178767164875, 266176027823//3372965375, 8535642882196//536301494625, -57365594498123//536301494625, 72813483452434//536301494625, -47090885882564//536301494625, 315152423211//35753432975, -2997827909662//107260298925, 3604955877811//107260298925, -216782889066//7150686595, 310706594399//13751320375, -7232721103334//536301494625, 229450943149//41253961125, 82736012237//536301494625, -551163474826//178767164875, 2240950128061//536301494625, -2538733406708//536301494625, 167920031233//41253961125, -1163430227129//536301494625]
3; 4; 8; 6; 6; 1; 1; 6; 1; 1; [-11552896//79155375, 1425477//26385125, -116118277//79155375, -18850633//15831075, 104443388//79155375, -237361021//79155375, 64953896//79155375, 309219752//79155375, -3220717//5277025, 48087951//5277025, 1048018//243555, -80943428//15831075, 332045114//15831075, 40696297//6088875, -193009327//26385125, 3534095867//79155375, 230311192//15831075, -2870333218//79155375, 1285637172//26385125, -3639110127//26385125, -1227514012//79155375, -1159752989//15831075, -7125817157//15831075, 92107931//633243, 953306027//15831075, -2645591326//15831075, 15668530733//79155375, -13967104973//79155375, 3460737927//26385125, -400565909//5277025, 2327405666//79155375, 290905663//79155375, -2082106828//79155375, 2075411924//79155375, -458466722//15831075, -629396//1217775, -6389667//1055405, 137569708//15831075, -134640854//15831075, 535080133//79155375, -349144453//79155375, 175414186//79155375, -94118//211081, -52318064//79155375, 93424778//79155375, -105175363//79155375, 79350059//79155375, -12129542//15831075]
3; 4; 8; 6; 7; 1; 1; 12; 1; 1; [41660264676//35753432975, -1541117808//1057793875, 131309687364//178767164875, 504054464501//178767164875, 57244035872//178767164875, -270099855127//178767164875, 1361409454116//178767164875, 805469297209//178767164875, -21501389344//7150686595, 609474946294//35753432975, 941864335929//35753432975, 3309514578//1430137319, 30416024341//1430137319, -4508815211//7150686595, 16726889992972//178767164875, -5441902100044//178767164875, -3168825239561//178767164875, 17464642383153//178767164875, 5800989814647//178767164875, -24757703759046//178767164875, 27009993924021//178767164875, 11565477702//51891775, -16181834781581//35753432975, -6912895659701//35753432975, 3809820529958//7150686595, -4460422707322//7150686595, 19872881140383//35753432975, -72004154932089//178767164875, 42816686159483//178767164875, -17529393247893//178767164875, -10700660927//13751320375, 11646272708311//178767164875, -16347234260533//178767164875, 15696088432158//178767164875, -1879815274442//35753432975, 688748654111//35753432975, -982605257664//35753432975, 192465750619//7150686595, -152181393036//7150686595, 495867557871//35753432975, -1208291215919//178767164875, 248681995548//178767164875, 356380877272//178767164875, -629518006986//178767164875, 688883481431//178767164875, -594124115303//178767164875, 419328744428//178767164875, -36419639193//35753432975]
3; 4; 8; 6; 4; 1; 1; 2; 1; 1; [-1329334954//3793583625, 1893156802//3793583625, -486624882//1264527875, 471409036//3793583625, 98139664//88222875, 167556286//252905575, 3018185552//3793583625, 847944808//3793583625, 1511448472//758716725, 542596976//252905575, -758610368//252905575, 2109667228//758716725, 2633699806//758716725, 475481216//97271375, -24667083134//1264527875, 15304398752//1264527875, -72063804236//3793583625, -107732809862//3793583625, -5763733468//252905575, -79112178512//3793583625, 46666981442//3793583625, -44577913004//758716725, -3297894404//252905575, 23360382452//252905575, -30437875204//252905575, 28651600452//252905575, -328115309998//3793583625, 202991616784//3793583625, -30886679374//1264527875, 624521524//291814125, 34368101524//3793583625, -66550958//3890855, 58055561924//3793583625, -47849796764//3793583625, 4658879852//758716725, -1299182696//252905575, 4072103104//758716725, -3376192588//758716725, 771535638//252905575, -6187973318//3793583625, 1814487874//3793583625, 347120296//1264527875, -2539700968//3793583625, 919303078//1264527875, -172122126//252905575, 583509928//1264527875, -1021826704//3793583625, 44772236//758716725]
3; 4; 8; 6; 11; 1; 1; 9; 1; 1; [-42246888213//35753432975, 299786730303//178767164875, 64107257651//178767164875, 464751365838//178767164875, 6239642852//7150686595, -998538617056//178767164875, -2894192241//2750264075, -1838707270102//178767164875, -2245754452767//178767164875, 58645298262//35753432975, -442942968648//35753432975, 13743954283//2750264075, -417933071268//35753432975, 84013622892//7150686595, -8438792576103//178767164875, 728576374784//178767164875, -16229286184443//178767164875, 812466446668//7150686595, 47245696380066//178767164875, 4040673843957//35753432975, 69457342542082//178767164875, 16178016898332//178767164875, 540355208262//35753432975, 281120481684//674593075, -20965820681951//35753432975, 20363900806062//35753432975, -16029312215024//35753432975, 51562047655026//178767164875, -25308435981073//178767164875, 4195562233341//178767164875, 352249861544//7150686595, -11644844803717//178767164875, 3085333791528//35753432975, -8944144006054//178767164875, 9054000262176//178767164875, -875390290947//35753432975, 73477294076//2750264075, -814854170614//35753432975, 573433865148//35753432975, -321003146188//35753432975, 42465367947//13751320375, 159165803552//178767164875, -558199707864//178767164875, 27163753544//7150686595, -560002884507//178767164875, 18576931101//7150686595, -211276554404//178767164875, 129036824331//178767164875]
3; 4; 8; 6; 2; 1; 1; 6; 2; 1; [46353038//18266625, 38655952//18266625, 4936906//1405125, 42196883//6088875, -5284481//3653325, 7773778//18266625, 65440447//18266625, -27789862//18266625, -41482973//6088875, -22473326//730665, -36314918//3653325, -2855501//243555, -185487466//3653325, -1328589773//18266625, -872051117//18266625, -2545745858//18266625, -3212224004//18266625, 386087009//3653325, 2644507457//18266625, 2306959288//18266625, 3243344462//18266625, 841617391//2029625, 140672518//243555, -26989307//93675, 45037301//730665, 287303359//3653325, -922339913//6088875, 2850633919//18266625, -2546186729//18266625, 1542395303//18266625, -167737664//3653325, 422144836//18266625, 223409834//18266625, -64511068//6088875, 745504727//18266625, 4756736//730665, 580727//405925, -847456//146133, 8692582//1217775, -13487901//2029625, 89620889//18266625, -6388176//2029625, 21384718//18266625, 4681//243555, -9958849//18266625, 19638479//18266625, -1623241//2029625, 6759149//6088875]
3; 4; 8; 6; 5; 2; 1; 5; 2; 1; [33304//63375, 25837//21125, 61301//63375, 150011//63375, 388//375, 107116//63375, 11546//12675, -444157//63375, -301187//63375, -2539//507, -97433//12675, 7324//2535, 22462//12675, 90302//21125, -209171//63375, -159446//63375, 20518//21125, 6270808//63375, 3827029//63375, 128933//845, 1767589//4875, 381378//1625, 203426//845, 107917//12675, -385498//2535, 2607442//12675, -956494//4875, 9659927//63375, -6170753//63375, 2923252//63375, -181796//63375, -292636//21125, 432773//12675, -738919//63375, 2136701//63375, -4012//845, 36641//4225, -4696//507, 98768//12675, -342587//63375, 187867//63375, -61493//63375, -8061//21125, 74534//63375, -78478//63375, 16256//12675, -2618//4875, 44626//63375]
3; 4; 8; 6; 10; 1; 1; 6; 1; 1; [22299328//26385125, -1596761//1055405, 6747562//5277025, 35008002//26385125, -78024952//26385125, -214502332//26385125, -45958534//5277025, -283035096//26385125, -635668758//26385125, -31478696//5277025, -1040097//5277025, -15987311//405925, 29157174//5277025, -320030588//26385125, 640457321//5277025, 65684108//5277025, 1422884503//26385125, 5926558832//26385125, 4151940422//26385125, 1563909572//5277025, 769864072//2029625, 12151409098//26385125, -1207303016//5277025, -2287030352//5277025, 3858033887//5277025, -4026590696//5277025, 16647400366//26385125, -2246974114//5277025, 1219841354//5277025, -1753513461//26385125, -747090404//26385125, 2650333871//26385125, -98623154//1055405, 2929137408//26385125, -1239856346//26385125, 153885416//5277025, -14180616//405925, 165745498//5277025, -122709954//5277025, 367841246//26385125, -30141116//5277025, -197336//5277025, 92067644//26385125, -120024904//26385125, 124025101//26385125, -17503751//5277025, 69057208//26385125, -18687886//26385125]
3; 4; 8; 6; 4; 1; 1; 10; 1; 1; [-53328698//259458875, -86393661694//41253961125, -114195002842//41253961125, -50325517654//13751320375, -77979708168//13751320375, -36202031588//13751320375, 64134436872//13751320375, 341790028594//41253961125, 39342082618//3173381625, 1507006184//110010563, 36028890986//2750264075, 45089027756//2750264075, 324176931752//8250792225, 1268029028752//41253961125, 84059792706//1057793875, 962866667104//13751320375, 3141551221712//41253961125, 1430285742598//13751320375, -2839697812936//41253961125, -3196451634492//13751320375, -4968357660008//13751320375, -25303618417934//41253961125, -255421401008//550052815, 437435812048//8250792225, 544962278316//2750264075, -191703538556//634676325, 12686646402176//41253961125, -3354305110036//13751320375, 6938949021206//41253961125, -3356116902104//41253961125, 1086319577222//41253961125, 222726774104//13751320375, -2055546049588//41253961125, 1107026097518//41253961125, -2673509756722//41253961125, 8464527088//1650158445, -34013647976//2750264075, 117037552232//8250792225, -34112959184//2750264075, 28627291192//3173381625, -71049374956//13751320375, 2206600784//1057793875, 4110036602//13751320375, -58219946338//41253961125, 77693646232//41253961125, -6400094546//3173381625, 44617968808//41253961125, -57495035342//41253961125]
