5; 6; 5; 6; 4; 1; 1; 4; 2; 2; [-101467//190125, 193613//190125, 150301//190125, 374096//190125, 18071//63375, -38357//190125, 125473//63375, -501976//190125, -81788//21125, -72637//12675, -19202//2535, 12491//2925, -258614//12675, 1290722//190125, -1450691//63375, -409419//21125, -15466921//190125, 1383682//190125, 791213//21125, 462269//21125, 20878396//190125, 6650669//63375, 13404119//38025, 23279//169, -5017904//12675, 17773553//38025, -8836326//21125, 19437412//63375, -11660401//63375, 13536557//190125, 62424//21125, -2878778//63375, 4101671//63375, -10632322//190125, 3300917//63375, -540394//38025, 12028//585, -256411//12675, 610687//38025, -1998284//190125, 990166//190125, -16811//14625, -292073//190125, 170812//63375, -540019//190125, 462938//190125, -33473//21125, 192206//190125]
5; 6; 5; 6; 4; 1; 2; 11; 1; 1; [-103405077//104142025, 438346527//520710125, 6263048459//1562130375, 7727975492//1562130375, 4664534932//1562130375, -11491231322//1562130375, -1061941741//62485215, -42938707328//1562130375, -13434491947//520710125, -1172701629//104142025, 185265958//62485215, 2852550674//312426075, 2458339109//312426075, 10532085956//312426075, -28429361096//1562130375, -67847631014//1562130375, 64216981423//1562130375, 326812198178//1562130375, 1009621679357//1562130375, 57535119622//62485215, 510921784011//520710125, 369234666477//520710125, 6773332161//104142025, 1940951887//20828405, -4001916502//24032775, 55456426514//312426075, -3529555984//24032775, 159044292412//1562130375, -90513065827//1562130375, 30879701929//1562130375, 26816101529//1562130375, 4278514437//520710125, 4149759877//62485215, 35138835029//1562130375, 75338746993//1562130375, -2049945593//312426075, 167854587//20828405, -2294732194//312426075, 573927312//104142025, -1038622042//312426075, 2236765412//1562130375, -147772337//1562130375, -1134373361//1562130375, 1977324899//1562130375, -799518974//1562130375, 101762741//62485215, 34912418//120163875, 456447256//520710125]
5; 6; 5; 6; 8; 1; 1; 6; 1; 1; [-36307//12675, 42481//63375, -204388//63375, 25289//63375, 118972//63375, -13672//12675, 44013//21125, 62172//21125, 158774//21125, 188558//12675, -53857//4225, 300226//12675, 276389//12675, 194708//2535, -774721//63375, 7981763//63375, -1804713//21125, -6182432//63375, -1148852//12675, -12051199//63375, -11867161//63375, -8934074//21125, -410992//12675, 8717714//12675, -3941978//4225, 11342324//12675, -8771171//12675, 28109812//63375, -13020896//63375, 1944613//63375, 4458464//63375, -539601//4225, 7551578//63375, -7202498//63375, 84966//1625, -498923//12675, 533956//12675, -149862//4225, 104357//4225, -171187//12675, 94054//21125, 38198//21125, -318107//63375, 366274//63375, -4499//845, 78151//21125, -51996//21125, 36964//63375]
5; 6; 5; 6; 10; 1; 1; 5; 1; 1; [-66524//63375, 46418//21125, 9309//21125, -148813//63375, 251086//63375, -5336//2535, -48432//4225, -121223//12675, -397213//63375, -314224//12675, -79047//4225, 15771//4225, -340649//12675, 38293//4875, -5840884//63375, 2756978//63375, 1276316//21125, -1512867//21125, 608513//4225, 1745422//4225, 1465081//12675, 2665996//21125, 835397//975, -1186931//12675, -4683647//12675, 7156831//12675, -36035998//63375, 28847813//63375, -19253536//63375, 10104914//63375, -902251//21125, -126007//4225, 1165783//12675, -317276//4225, 4718054//63375, -122851//12675, 292426//12675, -334033//12675, 97478//4225, -1056548//63375, 608878//63375, -78002//21125, -8622//21125, 173722//63375, -44249//12675, 47288//12675, -62//25, 36298//21125]
5; 6; 5; 6; 4; 1; 1; 7; 1; 1; [21462953168//1562130375, -777564316//520710125, -29047927114//1562130375, -16733936672//1562130375, -4554203258//520710125, -20920312748//1562130375, 14105271798//520710125, 85726980796//1562130375, -36452603456//1562130375, -18042152218//312426075, 23179516744//312426075, 10078220036//104142025, 28974278092//312426075, -187664514156//520710125, 260002503508//1562130375, 152785269838//520710125, 100042238684//520710125, 89270435818//120163875, 257428726116//520710125, -189906562498//120163875, -1131186363842//520710125, 112295341736//1562130375, -51788727158//312426075, -478462224616//312426075, 695037675818//312426075, -680881412528//312426075, 2684225931406//1562130375, -1760194514656//1562130375, 901230369262//1562130375, -176717984744//1562130375, -195109207498//1562130375, 37578868468//120163875, -1265619242//3316625, 253505701502//1562130375, -277699232722//1562130375, 28712277538//312426075, -31828161844//312426075, 9149830544//104142025, -19459745612//312426075, 54813696716//1562130375, -19783067636//1562130375, -4012502918//1562130375, 17973909656//1562130375, -20986765348//1562130375, 20808996674//1562130375, -17250605792//1562130375, 2122789244//520710125, -1315415284//520710125]
5; 6; 5; 6; 4; 2; 2; 3; 2; 2; [411056//266175, 0, 750844//443625, -1231052//1330875, -2462104//1330875, 4982128//1330875, 1293281//443625, 377612//443625, -881828//266175, 0, 1231052//266175, -6084413//266175, 4924208//266175, 68576//10647, 2462104//88725, -101296852//1330875, 75094172//1330875, 100946264//1330875, -60533288//1330875, 15219094//443625, 188772334//1330875, 78868043//266175, -9848416//53235, -91097848//266175, 51518344//88725, -161267812//266175, 19116319//38025, -91097848//266175, 240226424//1330875, -23389988//443625, -35700508//1330875, 95750591//1330875, -110957794//1330875, 8297714//102375, -3603892//88725, 1231052//53235, -2462104//88725, 6651088//266175, -4924208//266175, 2961461//266175, -1231052//266175, -37607//443625, 1231052//443625, -4924208//1330875, 1593232//443625, -3742784//1330875, 864179//443625, -18544//29575]
5; 6; 5; 6; 4; 1; 2; 5; 1; 1; [-39994//21125, 0, 82679//63375, -53626//63375, -107252//63375, 14171//4225, 182879//63375, 90107//63375, -118744//63375, 0, 53626//12675, -242251//12675, 214504//12675, 38417//63375, 107252//4225, -4054874//63375, 3271186//63375, 4397332//63375, -131057//2535, 221772//21125, 2055966//21125, 4851903//21125, -429008//2535, -3968324//12675, 6733664//12675, -7025006//12675, 29130841//63375, -3968324//12675, 10480898//63375, -1018894//21125, -1555154//63375, 276138//4225, -4893437//63375, 354298//4875, -2473708//63375, 53626//2535, -107252//4225, 289751//12675, -214504//12675, 644756//63375, -53626//12675, -4607//63375, 53626//21125, -214504//63375, 41533//12675, -54724//21125, 111179//63375, -38593//63375]
5; 6; 5; 6; 7; 1; 1; 11; 1; 1; [-191458798//104142025, -392132621//520710125, -46359867//40054625, 158430492//520710125, -589567288//520710125, -3518898712//520710125, 108448837//520710125, 152949392//104142025, -889654941//520710125, 643784802//104142025, 7414119//104142025, 1694528436//104142025, 151114//132665, 3527023187//104142025, 9699289261//520710125, 26233052866//520710125, -32963672107//520710125, 2304111703//520710125, 81161646027//520710125, -30276391767//520710125, -406026243//4165681, -148801979389//520710125, -20140012023//104142025, 38886394489//104142025, -42063803924//104142025, 7156839596//20828405, -24918905227//104142025, 70212515683//520710125, -22623199662//520710125, -9032478551//520710125, 24374085169//520710125, -25551938489//520710125, 25018106549//520710125, -4374143639//104142025, 5042876573//520710125, -1902608887//104142025, 1763572696//104142025, -1335728071//104142025, 165569031//20828405, -73364887//20828405, 165886433//520710125, 877986028//520710125, -1304514531//520710125, 1272787654//520710125, -949301059//520710125, 647022774//520710125, -76727908//104142025, -46477312//520710125]
5; 6; 5; 6; 3; 1; 1; 3; 1; 1; [-90517//570375, 0, 1207201//3992625, -2792//570375, -5584//570375, 83527//798525, -141464//570375, -3073531//3992625, -5631532//3992625, 0, 2792//114075, -608506//266175, 11168//114075, 30165899//3992625, 5584//38025, -28743766//3992625, 170312//570375, 228944//570375, 9508997//798525, 101116298//3992625, 7566056//190125, 205157662//3992625, -22336//22815, -206608//114075, 791764//266175, -365752//114075, 11983057//3992625, -206608//114075, 369086//570375, -53048//190125, -80968//570375, 743233//798525, 2785859//3992625, 75004//34125, 2718412//1330875, 2792//22815, -5584//38025, 104113//798525, -11168//114075, 86914//1330875, -2792//114075, -24998//3992625, 2792//190125, -11168//570375, 4691//159705, 26324//3992625, 174358//3992625, 156761//3992625]
5; 6; 5; 6; 3; 1; 1; 4; 2; 1; [-91204//190125, 0, -27584//63375, 25382//190125, 50764//190125, -113216//190125, -5266//21125, 72464//190125, 263288//190125, 0, -25382//38025, 179038//38025, -101528//38025, 4704584//190125, -50764//12675, 976544//63375, -1548302//190125, -2081324//190125, -255344//190125, -4052996//190125, -2907988//63375, -14295418//190125, 203056//7605, 1878268//38025, -3184232//38025, 3325042//38025, -4524596//63375, 1878268//38025, -4914904//190125, 482258//63375, 736078//190125, -2042282//190125, 715604//63375, -187924//14625, 835216//190125, -25382//7605, 50764//12675, -15232//4225, 101528//38025, -100376//63375, 25382//38025, 3046//190125, -25382//63375, 101528//190125, -99832//190125, 74512//190125, -6398//21125, 11936//190125]
5; 6; 5; 6; 3; 1; 2; 9; 1; 1; [-3477139732//520710125, 1824345232//1562130375, 11662746526//1562130375, 3563949989//1562130375, 2897591076//520710125, 108943897//40054625, -2038065383//312426075, -22744655747//1562130375, -16128502409//1562130375, 3259630694//312426075, -857601998//62485215, -2348194081//62485215, -16079839006//312426075, 274859073926//1562130375, -52809159794//520710125, -170562552506//1562130375, -3321263706//40054625, -463784324353//1562130375, 27041141524//520710125, 133316455379//312426075, 321052901014//520710125, 1589671684//3316625, 134927087129//312426075, 6692211823//12497043, -20717553338//20828405, 331641674839//312426075, -462755084759//520710125, 967623523144//1562130375, -544332447338//1562130375, 171197566718//1562130375, 1163350159//40054625, -63694923703//520710125, 2090868932//12497043, -163396952429//1562130375, 62138787909//520710125, -4028443053//104142025, 3012810572//62485215, -2771498948//62485215, 10413778096//312426075, -31763715082//1562130375, 13902918509//1562130375, -1006059383//1562130375, -7071549962//1562130375, 9743139686//1562130375, -9930599434//1562130375, 568664341//104142025, -4394540584//1562130375, 1081001679//520710125]
5; 6; 5; 6; 7; 1; 1; 5; 1; 1; [-43909//63375, 9673//4225, 16292//12675, 194587//63375, -274//4875, -431648//63375, -6007//845, -92029//21125, -30504//4225, 49994//4225, -46643//4225, 892//325, -335852//12675, -180747//21125, -1237693//12675, -28463//12675, -1149114//21125, 2891589//21125, 20901013//63375, 2476663//12675, 1725829//21125, -475531//4225, -2065811//4225, 2033247//4225, -4851902//12675, 1053511//4225, -7922803//63375, 287419//12675, 146761//4225, -107984//1625, 4726451//63375, -899942//21125, 619043//12675, -385568//21125, 8877//4225, -81804//4225, 13418//975, -33041//4225, 11889//4225, 2959//4875, -10906//4225, 524//169, -14102//4875, 11002//4875, -65216//63375, 9377//12675, 802//21125, -1623//4225]
5; 6; 5; 6; 9; 1; 1; 4; 1; 2; [-413839//190125, 0, -13191//4225, 56482//38025, 112964//38025, -1165147//190125, -273688//63375, -761//2535, 1376332//190125, 0, -56482//7605, 301846//7605, -225928//7605, -2551051//190125, -112964//2535, 5003672//38025, -3445402//38025, -4631524//38025, 10704767//190125, -1895544//21125, -10706474//38025, -103512502//190125, 451856//1521, 4179668//7605, -2363398//2535, 7399142//7605, -153514103//190125, 4179668//7605, -2201132//7605, 1073158//12675, 1637978//38025, -22110029//190125, 25156177//190125, -387838//2925, 3936658//63375, -56482//1521, 112964//2535, -305141//7605, 225928//7605, -3397378//190125, 56482//7605, 1828//12675, -56482//12675, 225928//38025, -366403//63375, 852992//190125, -40232//12675, 20031//21125]
5; 6; 5; 6; 3; 2; 2; 3; 2; 1; [915269//3992625, -37133//1330875, -39568//190125, 66067//798525, 85408//798525, 2875804//3992625, 41168//61425, 3949031//3992625, 482836//159705, 716992//798525, -551686//798525, 54658//38025, 166601//266175, -24928184//3992625, 5968819//3992625, 17923648//3992625, 1095802//798525, -8247506//798525, -19846616//443625, -20102993//798525, -15474908//570375, -16546252//266175, -131258//798525, -3059911//798525, 4350088//798525, -198442//38025, 5134361//1330875, -3487046//1330875, 2024648//1330875, -7682//38025, -692572//798525, -10396//7875, -1507126//798525, -2420273//3992625, -41177//12675, 25664//114075, -196684//798525, 168752//798525, -117973//798525, 11534//147875, -12437//443625, -2258//570375, 926//31941, -34196//798525, -29087//3992625, -5089//114075, -36653//3992625, -6752//114075]
5; 6; 5; 6; 12; 1; 1; 3; 1; 2; [132199//29575, 441737//443625, -269398//443625, -45926//443625, -414026//443625, 35964//29575, -1643723//443625, -465334//88725, -879551//88725, -439112//17745, -100843//29575, -806573//88725, 384491//88725, -10645574//88725, -2360899//147875, -4258974//147875, 47854861//443625, 90336556//443625, 83871//1183, 20565371//147875, 4157463//29575, 2608651//6825, 3794842//17745, -54228169//88725, 21322774//29575, -1465116//2275, 13835319//29575, -125114006//443625, 16777538//147875, 4127393//443625, -28187137//443625, 8997431//88725, -38790601//443625, 7024397//88725, -515701//17745, 562049//17745, -2763896//88725, 731216//29575, -1433741//88725, 33461//4225, -770971//443625, -1018231//443625, 268579//63375, -1884992//443625, 335227//88725, -1091966//443625, 136172//88725, -11884//88725]
5; 6; 5; 6; 8; 1; 1; 3; 1; 1; [-372956//1330875, 11909//102375, 668578//1330875, 171764//443625, 1886//3549, 366809//1330875, -321214//147875, -710417//190125, -901//325, -578684//266175, -110291//38025, -54482//20475, -125767//29575, 2647082//443625, -12040057//1330875, -3183461//443625, 14282//147875, -1914019//266175, 4237748//190125, 135380411//1330875, 168139919//1330875, 27880369//266175, 21419791//266175, 470699//38025, -17097061//266175, 21647992//266175, -33448979//443625, 25306408//443625, -47847929//1330875, 21266269//1330875, -52111//29575, -642854//102375, 20676868//1330875, -2295841//443625, 1197544//88725, -27151//12675, 7961//2275, -320213//88725, 787303//266175, -888029//443625, 155541//147875, -19529//63375, -262151//1330875, 117674//266175, -648587//1330875, 234176//443625, -92551//443625, 1149//4225]
5; 6; 5; 6; 12; 1; 1; 4; 2; 2; [105764//63375, -296//4875, 5047//21125, 580727//63375, 750758//63375, 34679//21125, 44714//63375, -193199//63375, -308951//12675, -48162//4225, 256759//12675, -151288//12675, -816029//12675, -8226584//63375, -133924//4875, -696337//21125, -13968272//63375, -9116903//63375, -1224952//63375, -12666854//63375, 6026278//21125, 2660843//2535, 4292104//12675, -1533887//4225, 3885767//12675, -2748919//12675, 7104068//63375, -853017//21125, -1001423//63375, 12206//375, -1206978//21125, 940138//21125, -2694152//63375, 695159//21125, 498292//12675, 192211//12675, -144764//12675, 29656//4225, -39896//12675, 5713//63375, 94684//63375, -10951//4875, 42298//21125, -118459//63375, 23853//21125, -47117//63375, 23552//63375, 13339//12675]
5; 6; 5; 6; 8; 1; 1; 4; 2; 1; [-101467//190125, 193613//190125, 150301//190125, 374096//190125, 18071//63375, -38357//190125, 125473//63375, -501976//190125, -81788//21125, -72637//12675, -19202//2535, 12491//2925, -258614//12675, 1290722//190125, -1450691//63375, -409419//21125, -15466921//190125, 1383682//190125, 791213//21125, 462269//21125, 20878396//190125, 6650669//63375, 13404119//38025, 23279//169, -5017904//12675, 17773553//38025, -8836326//21125, 19437412//63375, -11660401//63375, 13536557//190125, 62424//21125, -2878778//63375, 4101671//63375, -10632322//190125, 3300917//63375, -540394//38025, 12028//585, -256411//12675, 610687//38025, -1998284//190125, 990166//190125, -16811//14625, -292073//190125, 170812//63375, -540019//190125, 462938//190125, -33473//21125, 192206//190125]
5; 6; 5; 6; 11; 1; 1; 3; 2; 1; [-1583852//190125, 0, 5511518//1330875, 27806//12675, 55612//12675, -8679266//1330875, -2706766//190125, -31330594//1330875, -41072384//1330875, 0, -27806//2535, -105922//17745, -111224//2535, 86149198//443625, -55612//845, -3725936//443625, -1696166//12675, -2280092//12675, 592988426//1330875, 91319468//147875, 142381192//190125, 907602994//1330875, 222448//507, 2057644//2535, -14691172//10647, 3642586//2535, -524721011//443625, 2057644//2535, -83018912//190125, 528314//4225, 806374//12675, -206741512//1330875, 101762582//443625, -4881832//34125, 211720532//1330875, -27806//507, 55612//845, -1052522//17745, 111224//2535, -3875497//147875, 27806//2535, 52606//1330875, -27806//4225, 111224//12675, -10952302//1330875, 9671056//1330875, -4914478//1330875, 3554282//1330875]
5; 6; 5; 6; 10; 1; 1; 8; 1; 1; [-572507108//520710125, 810261//4165681, 110707322//520710125, 634215163//520710125, 1125171256//520710125, 161145437//104142025, -3277275284//520710125, -4504485046//520710125, -3691258209//520710125, -447824248//104142025, -883282503//104142025, 417153896//104142025, -56683//3925, 2254515548//520710125, -2756822161//104142025, 679334716//40054625, -7838970293//520710125, -31017180386//520710125, 4229398674//104142025, 107751858044//520710125, 8190974832//40054625, 162098336614//520710125, 28213957022//104142025, 12767982362//104142025, -34114041184//104142025, 39764481806//104142025, -176610812771//520710125, 25690017884//104142025, -75736752196//520710125, 30132151391//520710125, 583951772//520710125, -780123949//20828405, 32062128782//520710125, -20931288912//520710125, 27234960202//520710125, -1239361352//104142025, 1755699688//104142025, -131742982//8010925, 1351082319//104142025, -4388717911//520710125, 428443051//104142025, -425862416//520710125, -657308789//520710125, 1126145452//520710125, -240097777//104142025, 85404464//40054625, -611357072//520710125, 520081687//520710125]
5; 6; 5; 6; 4; 1; 2; 8; 1; 1; [-290834952//104142025, -1292900043//520710125, -4929257518//1562130375, -119263858//62485215, -1855099448//1562130375, -1166537279//1562130375, -15465838144//1562130375, -35719978967//1562130375, -19014454432//520710125, -3569612367//104142025, -7973979712//312426075, -1882578817//312426075, -547534954//312426075, 30730817672//312426075, 89991728914//1562130375, 99941947333//1562130375, -13390198027//312426075, 32063268908//1562130375, 220321580879//1562130375, 786745329649//1562130375, 461631799974//520710125, 477022229667//520710125, 70388417793//104142025, 92900357//8010925, -128507177407//312426075, 175511020511//312426075, -167129755771//312426075, 661334721217//1562130375, -416389710916//1562130375, 39646972613//312426075, -32846464381//1562130375, -19797121956//520710125, 897230203//9243375, -57589389484//1562130375, 164183949973//1562130375, -3955107479//312426075, 2459179659//104142025, -7936651618//312426075, 2233536498//104142025, -4646105848//312426075, 12974013317//1562130375, -4209305981//1562130375, -319681873//312426075, 4656012089//1562130375, -5326815173//1562130375, 5622004067//1562130375, -2468725234//1562130375, 1135893931//520710125]
5; 6; 5; 6; 3; 2; 1; 4; 1; 2; [1016//4563, -38//8775, 9059//43875, -77014//570375, 117418//570375, 24571//114075, 626683//570375, 63797//43875, 1165943//570375, -3014//114075, 10126//12675, -273229//114075, 30833//22815, -1665584//114075, 219634//114075, -4245887//570375, 3587704//570375, -1549226//190125, -2842876//114075, -19546843//570375, -6054827//190125, -31973048//570375, 2451526//114075, -4784116//114075, 5195141//114075, -68066//1755, 3037376//114075, -1727753//114075, 2802119//570375, 1060802//570375, -3193504//570375, 593107//114075, -4152274//570375, 534689//190125, -971483//190125, 234904//114075, -72718//38025, 165584//114075, -2284//2535, 44809//114075, -4078//114075, -108326//570375, 160442//570375, -53708//190125, 22822//114075, -100294//570375, 26902//570375, -37579//570375]
5; 6; 5; 6; 12; 1; 1; 7; 1; 1; [-276965752//520710125, 612762034//520710125, 874320177//520710125, 793623429//520710125, 611593176//520710125, -1385475037//520710125, -5604079613//520710125, -7344216156//520710125, -5577773952//520710125, -214943002//20828405, -1194173658//104142025, -70183354//8010925, -18111719//663325, -9805361793//520710125, -34195644454//520710125, -12402933172//520710125, -6382614//520710125, 10819102669//520710125, 84138146217//520710125, 172677588493//520710125, 157755330816//520710125, 112081178827//520710125, 5111454239//20828405, 5714263227//104142025, -22898919782//104142025, 28176761202//104142025, -130076649204//520710125, 95792571683//520710125, -60092619536//520710125, 25915225458//520710125, -833480313//520710125, -9405981874//520710125, 26899141109//520710125, -11585855717//520710125, 19957075141//520710125, -31406001//4165681, 94193256//8010925, -1242597353//104142025, 1005690828//104142025, -3383405904//520710125, 1717777678//520710125, -470139656//520710125, -378119142//520710125, 799651042//520710125, -803230824//520710125, 900549589//520710125, -399582332//520710125, 398954901//520710125]
5; 6; 5; 6; 7; 1; 1; 8; 1; 1; [536367102//520710125, 346907259//104142025, 3202632962//520710125, 2597144533//520710125, -2046434314//520710125, -169699791//8010925, -20212227014//520710125, -27384026796//520710125, -2139817583//40054625, -4882544152//104142025, -4010584143//104142025, -4134096324//104142025, -43696961//663325, -54931242602//520710125, -17344441697//104142025, -63161175782//520710125, 5247050837//520710125, 245751439764//520710125, 100295990968//104142025, 662344963204//520710125, 638126705626//520710125, 348471516444//520710125, 18385519418//104142025, 16531923892//104142025, -34138324254//104142025, 37002458503//104142025, -162283037041//520710125, 4361222786//20828405, -66507717266//520710125, 22778973031//520710125, 16866842887//520710125, 337460109//104142025, 55817267752//520710125, 5414618448//520710125, 33396958522//520710125, -1300867603//104142025, 1673933538//104142025, -1573483996//104142025, 1194323877//104142025, -3799124951//520710125, 327516356//104142025, -245640286//520710125, -724235549//520710125, 1330164432//520710125, -139968001//104142025, 1478322542//520710125, -62118782//520710125, 46985899//40054625]
5; 6; 5; 6; 3; 1; 2; 3; 2; 2; [173896//53235, 0, -1366793//1330875, -147976//147875, -295952//147875, 95346//29575, 7612636//1330875, 90109//10647, 13288264//1330875, 0, 147976//29575, -968504//266175, 591904//29575, -1027736//17745, 887856//29575, -21476957//1330875, 9026536//147875, 12134032//147875, -44596922//266175, -276575821//1330875, -60390727//266175, -219207364//1330875, -1183808//5915, -10950224//29575, 55818797//88725, -19384856//29575, 28796039//53235, -10950224//29575, 263878369//1330875, -8434632//147875, -4291304//147875, 3858202//53235, -134802548//1330875, 1442521//20475, -4178497//63375, 147976//5915, -887856//29575, 7200134//266175, -591904//29575, 637801//53235, -147976//29575, -46691//1330875, 443928//147875, -591904//147875, 1007281//266175, -1442486//443625, 474437//266175, -207826//190125]
5; 6; 5; 6; 6; 1; 1; 9; 1; 1; [1042480018//120163875, -199731234//40054625, -4743261//3081125, 327813971//120163875, -739969078//120163875, 840578549//120163875, 958802207//120163875, 113723443//24032775, -95978602//4806555, -341762794//8010925, 236965398//8010925, -1174302943//24032775, -13656242//961311, -6149752971//40054625, 30325826932//120163875, -15602870906//120163875, 1568906323//40054625, 10882644011//40054625, -37522411769//120163875, -4761136499//40054625, 5578889987//24032775, 29959398496//24032775, 2140482941//8010925, -14334955377//8010925, 55792243597//24032775, -3490905007//1602185, 199497958061//120163875, -124074265579//120163875, 56691925622//120163875, -2143515651//40054625, -22651264771//120163875, 35575515838//120163875, -12752640007//40054625, 2113473822//8010925, -2705844394//24032775, 794569044//8010925, -2485606514//24032775, 2057397703//24032775, -7216477//123245, 3749829511//120163875, -368021068//40054625, -635096938//120163875, 1521266012//120163875, -1712258216//120163875, 1496783758//120163875, -1119010001//120163875, 133751626//24032775, -24506641//24032775]
5; 6; 5; 6; 4; 2; 2; 4; 1; 1; [518//14625, 0, 8318//14625, -476//4875, -952//4875, 2476//4875, -622//14625, -13742//14625, -1288//585, 0, 476//975, -15478//2925, 1904//975, 998//375, 952//325, -249658//14625, 29036//4875, 39032//4875, 166012//14625, 541882//14625, 978182//14625, 285218//2925, -3808//195, -35224//975, 19878//325, -62356//975, 777421//14625, -35224//975, 272666//14625, -9044//1625, -13804//4875, 121766//14625, -106564//14625, 159526//14625, -418//325, 476//195, -952//325, 7708//2925, -1904//975, 17201//14625, -476//975, -244//14625, 476//1625, -1904//4875, 442//1125, -436//1625, 3656//14625, -28//2925]
5; 6; 5; 6; 2; 1; 1; 3; 1; 2; [1013606//1330875, 0, 107738//1330875, -81259//266175, -162518//266175, 1460588//1330875, 1851287//1330875, 683834//443625, 173644//147875, 0, 81259//53235, -1069889//266175, 325036//53235, -4374197//443625, 162518//17745, -18706718//1330875, 4956799//266175, 6663238//266175, -15433436//443625, -39409072//1330875, -7430704//443625, 22215499//1330875, -650072//10647, -6013166//53235, 51051766//266175, -10644929//53235, 220095467//1330875, -6013166//53235, 26650622//443625, -1543921//88725, -2356511//266175, 30409751//1330875, -39088106//1330875, 2443748//102375, -3247514//190125, 81259//10647, -162518//17745, 2195924//266175, -325036//53235, 1624444//443625, -81259//53235, -8213//443625, 81259//88725, -325036//266175, 518342//443625, -1281796//1330875, 783359//1330875, -5836//21125]
5; 6; 5; 6; 10; 1; 1; 4; 1; 2; [51913//38025, 0, 126533//190125, -125173//190125, -250346//190125, 476962//190125, 97309//38025, 128569//63375, 38332//190125, 0, 125173//38025, -51931//4225, 500692//38025, -8048//1521, 250346//12675, -7925443//190125, 7635553//190125, 10264186//190125, -10399522//190125, -828437//38025, 5553473//190125, 7564151//63375, -1001384//7605, -9262802//38025, 15722101//38025, -16397663//38025, 4529683//12675, -9262802//38025, 24533851//190125, -2378287//63375, -3630017//190125, 3181273//63375, -467206//7605, 265391//4875, -6285371//190125, 125173//7605, -250346//12675, 676414//38025, -500692//38025, 33422//4225, -125173//38025, -3148//63375, 125173//63375, -500692//190125, 160793//63375, -77614//38025, 251954//190125, -33242//63375]
5; 6; 5; 6; 2; 1; 1; 4; 2; 2; [-73603//114075, 0, -85396//190125, -83587//570375, -167174//570375, 44009//114075, 23363//21125, 15422//7605, 1643024//570375, 0, 83587//114075, 190711//114075, 334348//114075, 69946//22815, 167174//38025, 2599313//570375, 5098807//570375, 6854134//570375, -4210237//114075, -10654087//190125, -8325637//114075, -42690749//570375, -668696//22815, -6185438//114075, 1169059//12675, -10949897//114075, 9096436//114075, -6185438//114075, 16740779//570375, -1588153//190125, -2424023//570375, 229376//22815, -9122143//570375, 74731//8775, -757613//63375, 83587//22815, -167174//38025, 452119//114075, -334348//114075, 67094//38025, -83587//114075, 148//190125, 83587//190125, -334348//570375, 20672//38025, -284078//570375, 2878//12675, -12893//63375]
5; 6; 5; 6; 4; 2; 1; 9; 1; 1; [-254465392//120163875, 88533362//1562130375, -2264997974//312426075, -12981168649//1562130375, 4836441614//1562130375, 983801931//104142025, 584555453//120163875, 8970960974//520710125, 36874587232//1562130375, -3276332//62485215, 271482518//24032775, 24523975532//312426075, 10476884174//312426075, 48389254786//1562130375, -122334405697//1562130375, 20672419297//104142025, 239767645319//1562130375, -300343589894//1562130375, -94367546638//312426075, -3992976367//9949875, -575950927744//520710125, -1182850765402//1562130375, 14223780626//20828405, 127703686379//312426075, -299418128513//312426075, 114201601313//104142025, -1494286834567//1562130375, 1073552930419//1562130375, -122272143176//312426075, 83459498379//520710125, 17879631083//1562130375, -40813615684//312426075, 206315295958//1562130375, -297240133961//1562130375, 113336367424//1562130375, -171506056//4806555, 15208675931//312426075, -4854533809//104142025, 11376918776//312426075, -36329617742//1562130375, 17258761679//1562130375, -35471418//20828405, -5825998733//1562130375, 251145407//40054625, -166476073//24032775, 2684988691//520710125, -7323351901//1562130375, 699400843//520710125]
5; 6; 5; 6; 3; 2; 2; 2; 1; 1; [271594//4875, 0, 201248//1625, -76188//1625, -152376//1625, 978632//4875, 184592//1625, -55856//975, -1699424//4875, 0, 76188//325, -1403488//975, 304752//325, 173274//125, 457128//325, -23104984//4875, 4647468//1625, 6247416//1625, -3557032//4875, 24376264//4875, 11947496//975, 34905248//1625, -609504//65, -5637912//325, 28683352//975, -9980628//325, 124457003//4875, -5637912//325, 44406808//4875, -4342716//1625, -2209452//1625, 6041848//1625, -19880968//4875, 4229288//975, -8609288//4875, 76188//65, -457128//325, 1234648//975, -304752//325, 2753623//4875, -76188//325, -24632//4875, 228564//1625, -304752//1625, 68768//375, -681328//4875, 33496//325, -128008//4875]
5; 6; 5; 6; 5; 1; 1; 9; 1; 1; [1171450439//120163875, 684797209//120163875, 6588221//9243375, -868203137//120163875, -10254604//1602185, 678483236//120163875, 5087456//24032775, -83235961//120163875, 45710116//4806555, -88263094//24032775, -21984569//1602185, -137795382//8010925, 3044260588//24032775, -18671919434//120163875, -4052179603//40054625, -12096359713//120163875, 3720109394//9243375, 4422423276//8010925, 17132752454//120163875, 333134098//1848675, 8306904266//120163875, -6696091507//24032775, -22874675704//24032775, -3887204674//4806555, 13385907618//8010925, -44224206782//24032775, 63228049556//40054625, -135609409672//120163875, 25283972067//40054625, -25186849394//120163875, -689028602//24032775, 25605512852//120163875, -1977413976//8010925, 28392584143//120163875, -4504668557//24032775, 1528618859//24032775, -132765188//1602185, 1869507626//24032775, -476891046//8010925, 1493169296//40054625, -2074644592//120163875, 237919966//120163875, 896209021//120163875, -254285078//24032775, 1357404592//120163875, -213986713//24032775, 734668588//120163875, -80838748//24032775]
5; 6; 5; 6; 11; 1; 1; 2; 1; 1; [-337381//21125, -643763//21125, -4080539//21125, 455737//21125, 4034408//21125, 160571//1625, 373817//21125, 472098//4225, 663604//1625, -1406376//4225, -391254//4225, 7627274//4225, -1253758//4225, -26873939//21125, 1814323//21125, 127265904//21125, -26654842//21125, -117720203//21125, -126155983//21125, -93057217//21125, -30831172//4225, -174286097//21125, 98844789//4225, 27958891//4225, -7371882//325, 116894452//4225, -531780897//21125, 395288089//21125, -233448948//21125, 100588174//21125, -7399034//21125, -4766938//1625, 5760753//1625, -16773343//4225, 52636289//21125, -3361024//4225, 5091384//4225, -5093889//4225, 4105653//4225, -13650777//21125, 6950759//21125, -1601408//21125, -1689626//21125, 3200866//21125, -3712064//21125, 2994879//21125, -91852//845, 1063369//21125]
5; 6; 5; 6; 4; 1; 2; 4; 1; 2; [-25451//63375, -2452//14625, 136141//190125, 301814//190125, 139924//63375, 41434//38025, -35524//190125, -45098//38025, -551402//190125, -30662//12675, -23728//38025, -33344//12675, -70613//12675, -887552//190125, -4685584//190125, -2634392//63375, -13717279//190125, -15414947//190125, -73142//12675, 406751//21125, 1723484//38025, 402872//190125, -600442//12675, 356074//12675, -147259//12675, -24979//38025, 1336019//190125, -230353//21125, 1420162//190125, -2003452//190125, 14048//14625, -93559//38025, 77609//63375, 21614//7605, -17503//14625, -30604//38025, 6593//38025, 8482//38025, -94//225, 83119//190125, -74552//190125, 14084//63375, -38617//190125, -1462//63375, 20//1521, -6748//190125, 3808//38025, -10069//190125]
5; 6; 5; 6; 3; 2; 2; 10; 1; 1; [398116822//120163875, -3957143//4806555, -114740966//40054625, 110276048//120163875, -18449948//9243375, 387799402//120163875, 220468357//24032775, 450129547//40054625, 19249668//616225, 209363326//24032775, -62811396//8010925, 434058418//24032775, 168345293//8010925, -10975466782//120163875, 396270897//8010925, 2097609846//40054625, 1523317672//120163875, 934237588//40054625, -15114220334//40054625, -6039126023//24032775, -24061451881//120163875, -20591005891//24032775, -7431466154//24032775, -272176468//24032775, 4705531738//24032775, -485655172//1848675, 9924368713//40054625, -1550270718//8010925, 15284651774//120163875, -7043524564//120163875, 1267099007//120163875, 497690759//120163875, -1112825762//24032775, 83008813//3081125, -328997417//4806555, 146073529//24032775, -89177004//8010925, 95307584//8010925, -79922623//8010925, 274919633//40054625, -30180037//8010925, 154975984//120163875, 59962556//120163875, -55235576//40054625, 160019149//120163875, -8137478//4806555, 109976732//120163875, -33143782//24032775]
5; 6; 5; 6; 2; 1; 1; 7; 1; 1; [-425580283//520710125, -837644047//1562130375, -6979694//9243375, -663269137//1562130375, -454556996//520710125, 825630869//1562130375, 103606109//1562130375, 3181952203//1562130375, 9697137967//1562130375, 650031628//312426075, 352235803//104142025, 1562099216//312426075, 21236357//1989975, 16024285338//520710125, 42769623607//1562130375, 22207117496//1562130375, -2929967011//520710125, 33867430018//1562130375, -113578265434//1562130375, -122136034919//1562130375, -225964740073//1562130375, -91609613694//520710125, -35665836062//312426075, 1905752898//104142025, 12947145956//312426075, -6991206952//104142025, 37022190344//520710125, -87526141064//1562130375, 1581350032//40054625, -10820347283//520710125, 3570614328//520710125, 255457461//520710125, -19045262332//1562130375, 388249687//120163875, -25775001626//1562130375, 99320804//104142025, -846015524//312426075, 1001514574//312426075, -296830403//104142025, 85202748//40054625, -1914635299//1562130375, 271805436//520710125, 22616051//1562130375, -475184636//1562130375, 583711643//1562130375, -251404594//520710125, 311791556//1562130375, -556680781//1562130375]
5; 6; 5; 6; 11; 1; 1; 10; 1; 1; [-1329060946//520710125, -220629413//520710125, -582806779//520710125, 74063892//520710125, 2030209738//520710125, 240858221//104142025, 855186909//520710125, 1501395881//520710125, 2705984001//520710125, 430930208//104142025, 160641726//104142025, 1977576587//104142025, -1379555859//104142025, 24161401496//520710125, -483629169//40054625, 34319608759//520710125, -29623131872//520710125, -97264875038//520710125, -1999344312//20828405, -3555353003//40054625, -55901151276//520710125, -2001453797//40054625, 35627453348//104142025, 31332060446//104142025, -63968594653//104142025, 70460474321//104142025, -301244046057//520710125, 213658503444//520710125, -119164529863//520710125, 41605968434//520710125, 6216811721//520710125, -644874224//8010925, 46650040698//520710125, -47012344843//520710125, 32111589607//520710125, -2442830153//104142025, 3168621854//104142025, -2967533092//104142025, 2270935269//104142025, -7091345427//520710125, 249763458//40054625, -344819828//520710125, -1395719766//520710125, 2032032556//520710125, -435228004//104142025, 1686800863//520710125, -92278866//40054625, 43877719//40054625]
5; 6; 5; 6; 6; 1; 1; 3; 2; 2; [1598572//1330875, 0, -37708//53235, -390317//1330875, -780634//1330875, 366937//443625, 543577//266175, 4731838//1330875, 6468296//1330875, 0, 390317//266175, 516263//266175, 1561268//266175, -4403733//147875, 780634//88725, 50107//10647, 23809337//1330875, 32005994//1330875, -87799991//1330875, -25503619//266175, -160639603//1330875, -156291101//1330875, -3122536//53235, -28883458//266175, 5457157//29575, -51131527//266175, 23357111//147875, -28883458//266175, 3116261//53235, -7416023//443625, -11319193//1330875, 27252782//1330875, -8322473//266175, 1862437//102375, -474421//21125, 390317//53235, -780634//88725, 2110897//266175, -1561268//266175, 4658564//1330875, -390317//266175, -118//53235, 390317//443625, -1561268//1330875, 1456912//1330875, -29066//29575, 633596//1330875, -72149//190125]
5; 6; 5; 6; 7; 1; 1; 4; 1; 2; [-209441//190125, -115891//63375, -378347//190125, -123131//63375, 38471//190125, -296704//190125, 10953//21125, 1248886//190125, 1608254//190125, 60991//4225, 119677//12675, 144424//12675, 97223//4225, 5990066//190125, 8386633//190125, 13167322//190125, 5624308//190125, -16256351//190125, -8704646//190125, -2744268//21125, -44193031//190125, -556927//1625, -15671896//38025, 1927157//12675, 1150457//38025, -4874203//38025, 31013678//190125, -9308977//63375, 21946976//190125, -12874766//190125, 5049152//190125, -6679//1625, -437914//21125, 54653//4875, -7038862//190125, -58684//38025, -166516//38025, 265748//38025, -269897//38025, 1108658//190125, -735286//190125, 132887//63375, -100556//190125, -92918//190125, 54409//63375, -211516//190125, 42284//63375, -19233//21125]
5; 6; 5; 6; 3; 1; 2; 4; 1; 1; [40634//190125, 0, -5098//63375, -26201//190125, -52402//190125, 29254//63375, 15484//21125, 190994//190125, 68792//63375, 0, 26201//38025, -12056//12675, 104804//38025, -250979//190125, 52402//12675, -691136//190125, 1598261//190125, 2148482//190125, -1302254//63375, -4447496//190125, -4397404//190125, -2343776//190125, -209608//7605, -1938874//38025, 3293692//38025, -3432331//38025, 4740136//63375, -1938874//38025, 1726424//63375, -497819//63375, -759829//190125, 1919354//190125, -2607038//190125, 16364//1625, -1637108//190125, 26201//7605, -52402//12675, 141638//38025, -104804//38025, 104926//63375, -26201//38025, -1148//190125, 26201//63375, -104804//190125, 99494//190125, -28096//63375, 5332//21125, -26938//190125]
5; 6; 5; 6; 4; 1; 1; 11; 1; 1; [3611108126//520710125, 1704929572//1562130375, -5550522178//1562130375, -12094992656//1562130375, -302103214//104142025, 13061279956//520710125, 527958864//8010925, 59123138874//520710125, 208984507556//1562130375, 31855985782//312426075, 18314243158//312426075, 2402765816//312426075, 577990216//24032775, -320196017618//1562130375, 31625910008//1562130375, 220976996//120163875, -8171231608//520710125, -175071281074//312426075, -2883452670208//1562130375, -24881777168//8010925, -6023589704252//1562130375, -4839007587166//1562130375, -482805144758//312426075, -54710542222//312426075, 119407292912//104142025, -154450213154//104142025, 718836119112//520710125, -1658871331096//1562130375, 1038762634244//1562130375, -475341296582//1562130375, 186917724//20828405, 70470580366//1562130375, -105895745234//312426075, 13020938948//520710125, -1001520748//3316625, 3916675196//104142025, -19796338738//312426075, 122082406//1848675, -5686271836//104142025, 57994913776//1562130375, -31120207166//1562130375, 9301490144//1562130375, 5188725458//1562130375, -2672192188//312426075, 11980760656//1562130375, -1121610064//104142025, 1340422448//520710125, -9476738668//1562130375]
5; 6; 5; 6; 5; 1; 1; 3; 2; 2; [-775841//1330875, 0, -3312811//1330875, 197237//266175, 394474//266175, -491898//147875, -1753831//1330875, 1024337//443625, 1527572//190125, 0, -197237//53235, 7100333//266175, -788948//53235, -48211199//1330875, -394474//17745, 12898649//147875, -12031457//266175, -16173434//266175, -1994474//190125, -23690947//190125, -351944651//1330875, -571999579//1330875, 1577896//10647, 14595538//53235, -123713327//266175, 25838047//53235, -537858212//1330875, 14595538//53235, -190860457//1330875, 3747503//88725, 5719873//266175, -79533569//1330875, 27677746//443625, -7346831//102375, 31700593//1330875, -197237//10647, 394474//17745, -1775426//88725, 788948//53235, -11897302//1330875, 197237//53235, 5728//63375, -197237//88725, 788948//266175, -1294103//443625, 320882//147875, -2248378//1330875, 149866//443625]
5; 6; 5; 6; 4; 2; 1; 3; 2; 2; [-820567//443625, -422//443625, 129149//88725, 300457//147875, 1361987//443625, 119108//147875, -578192//63375, -192056//11375, -133368//11375, -232779//29575, -1296304//88725, -1049//325, -195434//12675, 534298//11375, -3623636//147875, -9439//2535, -6571771//443625, -32328977//443625, 45395816//443625, 29901562//63375, 273388684//443625, 188690707//443625, 12029051//29575, 13333391//88725, -1882537//4225, 15630759//29575, -209439934//443625, 154535546//443625, -18520403//88725, 12605344//147875, -520586//443625, -21386377//443625, 41398342//443625, -18197278//443625, 32376296//443625, -201694//12675, 158293//6825, -2032088//88725, 231014//12675, -1762778//147875, 2640541//443625, -117976//88725, -729448//443625, 188062//63375, -200336//63375, 464694//147875, -87494//63375, 29876//21125]
5; 6; 5; 6; 4; 1; 1; 5; 1; 1; [63732//21125, 0, -23118//21125, -50738//63375, -101476//63375, 158468//63375, 101848//21125, 94946//12675, 588304//63375, 0, 50738//12675, -11392//12675, 202952//12675, -4894736//63375, 101476//4225, -139302//21125, 3095018//63375, 4160516//63375, -9210868//63375, -12018034//63375, -920242//4225, -11285624//63375, -405904//2535, -3754612//12675, 6380918//12675, -6646678//12675, 27337792//63375, -3754612//12675, 10071322//63375, -964022//21125, -1471402//63375, 3642356//63375, -1734264//21125, 53354//975, -3476002//63375, 50738//2535, -101476//4225, 91444//4225, -202952//12675, 605792//63375, -50738//12675, -1438//63375, 50738//21125, -202952//63375, 191266//63375, -166132//63375, 5894//4225, -57932//63375]
5; 6; 5; 6; 9; 1; 1; 3; 2; 1; [-2456//4225, 0, 1723262//443625, -126247//190125, -252494//190125, 4603252//1330875, -19277//63375, -8562754//1330875, -20032276//1330875, 0, 126247//38025, -9611321//266175, 504988//38025, 22704376//266175, 252494//12675, -51671762//443625, 7701067//190125, 10352254//190125, 103654468//1330875, 337244392//1330875, 28966664//63375, 886303091//1330875, -1009976//7605, -9342278//38025, 110712814//266175, -16538357//38025, 97031932//266175, -9342278//38025, 24103166//190125, -2398693//63375, -3661163//190125, 75396679//1330875, -21954038//443625, 7604444//102375, -11471102//1330875, 126247//7605, -252494//12675, 1590052//88725, -504988//38025, 2144231//266175, -126247//38025, -151343//1330875, 126247//63375, -504988//190125, 3556754//1330875, -2426804//1330875, 755029//443625, -83452//1330875]
5; 6; 5; 6; 3; 1; 1; 9; 1; 1; [-2985021107//1562130375, 3352238096//1562130375, 1481958734//120163875, 430586327//120163875, 5670551342//1562130375, 21784733536//1562130375, -23955749248//1562130375, -50726296988//1562130375, -454901693//40054625, 1348101938//312426075, -375487082//12497043, -9813896136//104142025, -10169712448//312426075, 166248103877//1562130375, -147024607546//1562130375, -457255973972//1562130375, 108984045494//1562130375, -91767522164//520710125, -266313022231//1562130375, 1510603452193//1562130375, 2103715450433//1562130375, 1685557910222//1562130375, 98911206068//312426075, -1004206869//4165681, 14994324504//104142025, -7036144581//104142025, 16022299726//1562130375, 41501788882//1562130375, -7105040132//120163875, 76178369762//1562130375, -69540879086//1562130375, 25574104342//1562130375, 49418328929//1562130375, 33263427583//520710125, 27068904362//520710125, 2613096362//312426075, -55270972//12497043, 360762758//312426075, 254903828//312426075, -934475368//520710125, 3187572527//1562130375, -3269355016//1562130375, 718302414//520710125, -473172032//520710125, 214633202//1562130375, 1365029854//1562130375, 1437502799//1562130375, 1895356156//1562130375]
5; 6; 5; 6; 3; 2; 1; 3; 2; 1; [-3443213//3992625, 0, 466733//798525, 30554//159705, 61108//159705, -2013016//3992625, -1151557//798525, -10550173//3992625, -2139868//570375, 0, -30554//31941, -64139//29575, -122216//31941, 91101928//3992625, -61108//10647, -4716053//798525, -1863794//159705, -2505428//159705, 27437728//570375, 8326927//114075, 126473021//1330875, 388854631//3992625, 1222160//31941, 2260996//31941, -32049751//266175, 4002574//31941, -410776006//3992625, 2260996//31941, -30595259//798525, 580526//53235, 886066//159705, -52417117//3992625, 16666528//798525, -87643//7875, 20750921//1330875, -152770//31941, 61108//10647, -4131632//798525, 122216//31941, -1011694//443625, 30554//31941, -112//114075, -30554//53235, 122216//159705, -2833897//3992625, 519094//798525, -1184366//3992625, 1059308//3992625]
5; 6; 5; 6; 12; 1; 1; 11; 1; 1; [-572507108//520710125, 810261//4165681, 110707322//520710125, 634215163//520710125, 1125171256//520710125, 161145437//104142025, -3277275284//520710125, -4504485046//520710125, -3691258209//520710125, -447824248//104142025, -883282503//104142025, 417153896//104142025, -56683//3925, 2254515548//520710125, -2756822161//104142025, 679334716//40054625, -7838970293//520710125, -31017180386//520710125, 4229398674//104142025, 107751858044//520710125, 8190974832//40054625, 162098336614//520710125, 28213957022//104142025, 12767982362//104142025, -34114041184//104142025, 39764481806//104142025, -176610812771//520710125, 25690017884//104142025, -75736752196//520710125, 30132151391//520710125, 583951772//520710125, -780123949//20828405, 32062128782//520710125, -20931288912//520710125, 27234960202//520710125, -1239361352//104142025, 1755699688//104142025, -131742982//8010925, 1351082319//104142025, -4388717911//520710125, 428443051//104142025, -425862416//520710125, -657308789//520710125, 1126145452//520710125, -240097777//104142025, 85404464//40054625, -611357072//520710125, 520081687//520710125]
5; 6; 5; 6; 8; 1; 1; 9; 1; 1; [-3596397681//520710125, -1506872001//520710125, -1662631962//520710125, 306276073//520710125, 1400297644//520710125, -1837195429//520710125, 5576990754//520710125, 8248163158//520710125, 11383491217//520710125, 3615798972//104142025, 341001153//104142025, 1045788318//20828405, 135713//26533, 86713869836//520710125, 36157543441//520710125, 83941691102//520710125, -101300883473//520710125, -178225114384//520710125, -72813897226//520710125, -219849643864//520710125, -18062606591//40054625, -461898927667//520710125, -16875179688//104142025, 115369387448//104142025, -29924048186//20828405, 2162667388//1602185, -534186361622//520710125, 338785655998//520710125, -11586531078//40054625, 13499776391//520710125, 56554759808//520710125, -103298943248//520710125, 91002672158//520710125, -92396122614//520710125, 33658511139//520710125, -6393605912//104142025, 6674196292//104142025, -220943108//4165681, 756134097//20828405, -10051156402//520710125, 3077504123//520710125, 1732232816//520710125, -319631873//40054625, 4518266768//520710125, -4167441918//520710125, 2785433733//520710125, -1934535804//520710125, 279707529//520710125]
5; 6; 5; 6; 4; 1; 1; 8; 1; 1; [3611108126//520710125, 1704929572//1562130375, -5550522178//1562130375, -12094992656//1562130375, -302103214//104142025, 13061279956//520710125, 527958864//8010925, 59123138874//520710125, 208984507556//1562130375, 31855985782//312426075, 18314243158//312426075, 2402765816//312426075, 577990216//24032775, -320196017618//1562130375, 31625910008//1562130375, 220976996//120163875, -8171231608//520710125, -175071281074//312426075, -2883452670208//1562130375, -24881777168//8010925, -6023589704252//1562130375, -4839007587166//1562130375, -482805144758//312426075, -54710542222//312426075, 119407292912//104142025, -154450213154//104142025, 718836119112//520710125, -1658871331096//1562130375, 1038762634244//1562130375, -475341296582//1562130375, 186917724//20828405, 70470580366//1562130375, -105895745234//312426075, 13020938948//520710125, -1001520748//3316625, 3916675196//104142025, -19796338738//312426075, 122082406//1848675, -5686271836//104142025, 57994913776//1562130375, -31120207166//1562130375, 9301490144//1562130375, 5188725458//1562130375, -2672192188//312426075, 11980760656//1562130375, -1121610064//104142025, 1340422448//520710125, -9476738668//1562130375]
5; 6; 5; 6; 6; 1; 1; 4; 1; 1; [518//14625, 0, 8318//14625, -476//4875, -952//4875, 2476//4875, -622//14625, -13742//14625, -1288//585, 0, 476//975, -15478//2925, 1904//975, 998//375, 952//325, -249658//14625, 29036//4875, 39032//4875, 166012//14625, 541882//14625, 978182//14625, 285218//2925, -3808//195, -35224//975, 19878//325, -62356//975, 777421//14625, -35224//975, 272666//14625, -9044//1625, -13804//4875, 121766//14625, -106564//14625, 159526//14625, -418//325, 476//195, -952//325, 7708//2925, -1904//975, 17201//14625, -476//975, -244//14625, 476//1625, -1904//4875, 442//1125, -436//1625, 3656//14625, -28//2925]
5; 6; 5; 6; 12; 1; 1; 5; 1; 1; [-97472//63375, 3296//12675, 23806//63375, 207686//63375, 469228//63375, 100294//63375, -285236//63375, -778087//63375, -424399//63375, -54878//4225, 49978//4225, -1468//2535, -519611//12675, 9473//1625, -846152//12675, -262427//21125, -1909771//63375, -2947501//21125, -99589//63375, 2265242//21125, 25062772//63375, 17190049//63375, 3213957//4225, -514927//4225, -46064//169, 1887168//4225, -29318824//63375, 4785691//12675, -16404073//63375, 8575277//63375, -2891849//63375, -1585072//63375, 1314401//21125, -2980594//63375, 1456289//21125, -26477//4225, 227876//12675, -53873//2535, 80112//4225, -884864//63375, 104633//12675, -216178//63375, -9083//63375, 127886//63375, -14104//4875, 180953//63375, -114704//63375, 101512//63375]
5; 6; 5; 6; 3; 1; 1; 3; 2; 2; [895537//3992625, -42124//1330875, -30341//102375, -1065907//3992625, -1306156//3992625, -878068//3992625, 645611//443625, 10328819//3992625, 1308973//798525, 1102288//798525, 316858//159705, 54589//38025, 568886//266175, -20940547//3992625, 16103212//3992625, 14987974//3992625, 1781042//3992625, 16580231//3992625, -1234273//102375, -40743782//570375, -362432299//3992625, -51791906//798525, -39947237//798525, -372625//31941, 36278404//798525, -14880284//266175, 203514769//3992625, -50864078//1330875, 115118//4875, -1929154//190125, 2616748//3992625, 2687422//570375, -43074467//3992625, 1460402//443625, -7034732//798525, 1247822//798525, -387332//159705, 1960841//798525, -1587328//798525, 1764368//1330875, -14436//21125, 726337//3992625, 605806//3992625, -1236922//3992625, 63844//190125, -476929//1330875, 8441//63375, -19928//114075]
5; 6; 5; 6; 5; 1; 1; 4; 1; 1; [3641//190125, 0, -64186//190125, 2897//21125, 5794//21125, -110282//190125, -67378//190125, 2166//21125, 171616//190125, 0, -2897//4225, 51062//12675, -11588//4225, 1588129//190125, -17382//4225, 2527136//190125, -176717//21125, -237554//21125, 599762//190125, -2379172//190125, -6190984//190125, -3716602//63375, 23176//845, 214378//4225, -3272324//38025, 379507//4225, -14090458//190125, 214378//4225, -5070512//190125, 165129//21125, 84013//21125, -686288//63375, 2286074//190125, -20376//1625, 1018132//190125, -2897//845, 17382//4225, -140846//38025, 11588//4225, -312103//190125, 2897//4225, 302//21125, -8691//21125, 11588//21125, -33938//63375, 78064//190125, -56782//190125, 1698//21125]
5; 6; 5; 6; 4; 2; 1; 4; 1; 1; [138806//570375, 0, -126892//570375, -44849//570375, -89698//570375, 40373//190125, 65794//114075, 592718//570375, 831404//570375, 0, 44849//114075, 86732//114075, 179396//114075, -1534951//570375, 89698//38025, 1149907//570375, 2735789//570375, 3677618//570375, -10857539//570375, -1082927//38025, -6976531//190125, -2345756//63375, -358792//22815, -3318826//114075, 5644637//114075, -5875219//114075, 24291307//570375, -3318826//114075, 8971301//570375, -852131//190125, -1300621//570375, 114689//21125, -970699//114075, 15799//3375, -3577207//570375, 44849//22815, -89698//38025, 242573//114075, -179396//114075, 19921//21125, -44849//114075, 31//570375, 44849//190125, -179396//570375, 166748//570375, -674//2535, 70691//570375, -60727//570375]
5; 6; 5; 6; 9; 1; 1; 2; 1; 1; [-302118//21125, -831918//21125, -2521331//21125, 869619//21125, -1856028//21125, -5465574//21125, 768862//4225, 8197613//21125, 19535787//21125, 3113236//4225, -895506//4225, 1016484//845, 1075431//4225, -21723627//21125, 27461358//21125, 76627326//21125, -62365194//21125, -28611017//21125, -82160331//21125, -49495716//4225, -344113403//21125, -70314144//1625, -76450769//4225, 6218493//325, -13460968//845, 46609296//4225, -127303576//21125, 40995609//21125, 21775718//21125, -3942654//1625, 55148154//21125, -53756238//21125, 1012629//845, -37119144//21125, -32815656//21125, -3347856//4225, 2499756//4225, -60519//169, 650184//4225, -108896//21125, -1736556//21125, 2555408//21125, -2479422//21125, 1889734//21125, -1311858//21125, 79403//4225, -415504//21125, -966246//21125]
5; 6; 5; 6; 10; 1; 1; 3; 2; 1; [-279471//147875, 0, 4848371//1330875, 98197//1330875, 196394//1330875, 1055662//1330875, -4824208//1330875, -2671951//266175, -4703896//266175, 0, -98197//266175, -2311844//88725, -392788//266175, 56370259//1330875, -196394//88725, -108391061//1330875, -5990017//1330875, -8052154//1330875, 213025898//1330875, 427257763//1330875, 14534521//29575, 32889992//53235, 785576//53235, 7266578//266175, -1407233//29575, 12863807//266175, -2418233//63375, 7266578//266175, -24441383//1330875, 1865743//443625, 2847713//1330875, 1787914//1330875, 28369144//1330875, 37113//2275, 955543//29575, -98197//53235, 196394//88725, -536878//266175, 392788//266175, -377446//443625, 98197//266175, -90583//1330875, -98197//443625, 392788//1330875, -203591//1330875, 666574//1330875, 14597//53235, 159254//266175]
5; 6; 5; 6; 3; 2; 2; 12; 1; 1; [398116822//120163875, -3957143//4806555, -114740966//40054625, 110276048//120163875, -18449948//9243375, 387799402//120163875, 220468357//24032775, 450129547//40054625, 19249668//616225, 209363326//24032775, -62811396//8010925, 434058418//24032775, 168345293//8010925, -10975466782//120163875, 396270897//8010925, 2097609846//40054625, 1523317672//120163875, 934237588//40054625, -15114220334//40054625, -6039126023//24032775, -24061451881//120163875, -20591005891//24032775, -7431466154//24032775, -272176468//24032775, 4705531738//24032775, -485655172//1848675, 9924368713//40054625, -1550270718//8010925, 15284651774//120163875, -7043524564//120163875, 1267099007//120163875, 497690759//120163875, -1112825762//24032775, 83008813//3081125, -328997417//4806555, 146073529//24032775, -89177004//8010925, 95307584//8010925, -79922623//8010925, 274919633//40054625, -30180037//8010925, 154975984//120163875, 59962556//120163875, -55235576//40054625, 160019149//120163875, -8137478//4806555, 109976732//120163875, -33143782//24032775]
5; 6; 5; 6; 9; 1; 1; 10; 1; 1; [-1235928197//520710125, 151958187//104142025, 1153527008//520710125, 581217187//520710125, -1732376046//520710125, -8182470048//520710125, -6968739613//520710125, -302228214//20828405, -15192142477//520710125, -49650814//8010925, -668507592//104142025, -37049107//4165681, -3593997234//104142025, 9642831687//520710125, -8251744713//104142025, -1181754841//40054625, -30441039882//520710125, 91755377201//520710125, 1882410967//3081125, 152675131433//520710125, 16055867901//104142025, 6253823254//40054625, -27474233827//104142025, 40313652903//104142025, -7995258099//20828405, 31714414731//104142025, -104345452684//520710125, 10137575853//104142025, -971981203//40054625, -15364713216//520710125, 30458241198//520710125, -13886597266//520710125, 30844760599//520710125, -2610139979//104142025, 12928596816//520710125, -1860630468//104142025, 1609361462//104142025, -230042107//20828405, 653878299//104142025, -1203395054//520710125, -2117394//4165681, 1008166196//520710125, -1307199536//520710125, 1259608418//520710125, -619958276//520710125, 679805474//520710125, -34771286//104142025, 87158476//520710125]
5; 6; 5; 6; 8; 1; 1; 3; 2; 2; [6272//21125, 0, 8858//266175, 26372//190125, 52744//190125, -48976//102375, -1057//1521, -1178194//1330875, -1152748//1330875, 0, -26372//38025, 116167//88725, -105488//38025, -2406631//1330875, -52744//12675, 97534//20475, -1608692//190125, -2162504//190125, 24897928//1330875, 5179336//266175, 357728//21125, 5737513//1330875, 210976//7605, 1951528//38025, -7734058//88725, 3454732//38025, -11153537//147875, 1951528//38025, -6158//225, 501068//63375, 764788//190125, -13642231//1330875, 3624406//266175, -4624076//443625, 3682058//443625, -26372//7605, 52744//12675, -997856//266175, 105488//38025, -246822//147875, 26372//38025, 1871//266175, -26372//63375, 105488//190125, -703246//1330875, 117844//266175, -345323//1330875, 180584//1330875]
5; 6; 5; 6; 12; 1; 1; 8; 1; 1; [-1685759871//520710125, 747081066//520710125, 142312243//104142025, 1413309874//520710125, 986736934//104142025, 396667623//104142025, -755499754//40054625, -14454306093//520710125, -8899021936//520710125, -594067678//20828405, -394659339//20828405, 556695148//104142025, -39120311//663325, 14553733411//520710125, -63922913896//520710125, 3706539712//104142025, -8607067819//520710125, -1572247997//8010925, 10105210073//104142025, 359979845702//520710125, 388904777563//520710125, 392759177516//520710125, 5455261555//4165681, 2915278313//20828405, -99558530302//104142025, 129117415603//104142025, -606189171217//520710125, 461823624317//520710125, -58069819764//104142025, 133010715463//520710125, -4057942024//104142025, -10699696753//104142025, 102658360941//520710125, -69556470986//520710125, 88396855318//520710125, -649955858//20828405, 220850442//4165681, -5762492963//104142025, 4768663752//104142025, -16311419867//520710125, 8691185797//520710125, -523384114//104142025, -1439995517//520710125, 137013494//20828405, -159592659//20828405, 3852889851//520710125, -2235274786//520710125, 1833110913//520710125]
5; 6; 5; 6; 11; 1; 1; 12; 1; 1; [-4320439752//520710125, -2524835036//520710125, -4266030328//520710125, -1747738261//520710125, -704858704//520710125, -6838974222//520710125, 12132303762//520710125, 19402882789//520710125, 11925762833//520710125, 5929490828//104142025, 3804016182//104142025, 9346490577//104142025, 795933421//20828405, 110084627737//520710125, 84540111376//520710125, 144600913153//520710125, -147499013374//520710125, -169752681561//520710125, 23450463007//520710125, -524635516492//520710125, -609241199499//520710125, -733242738043//520710125, -88229755117//104142025, 151812091177//104142025, -158189394453//104142025, 26356775486//20828405, -445763912874//520710125, 245962502653//520710125, -5155503377//40054625, -45387369422//520710125, 88648128292//520710125, -8450949953//40054625, 73916042349//520710125, -98480379872//520710125, 8199374251//520710125, -7243654978//104142025, 6548532368//104142025, -4847156077//104142025, 3463206//123245, -6049343934//520710125, 93312728//520710125, 3661897814//520710125, -5038174822//520710125, 4603447542//520710125, -284848623//40054625, 1950712799//520710125, -1681138572//520710125, -412664994//520710125]
5; 6; 5; 6; 4; 1; 2; 3; 2; 1; [2778817//443625, 0, -656239//147875, -1830482//1330875, -3660964//1330875, 4733282//1330875, 938642//88725, 3730057//190125, 37385392//1330875, 0, 1830482//266175, 4613066//266175, 7321928//266175, -224080316//1330875, 3660964//88725, 21258707//443625, 111659402//1330875, 150099524//1330875, -473252842//1330875, -145060007//266175, -316997383//443625, -985123442//1330875, -14643856//53235, -135455668//266175, 230431781//266175, -239793142//266175, 984120952//1330875, -135455668//266175, 366919003//1330875, -34779158//443625, -53083978//1330875, 125023484//1330875, -13394348//88725, 8045491//102375, -151595911//1330875, 1830482//53235, -3660964//88725, 471494//12675, -7321928//266175, 3116411//190125, -1830482//266175, 15593//1330875, 1830482//443625, -7321928//1330875, 6780019//1330875, -1248542//266175, 133453//63375, -2584046//1330875]
5; 6; 5; 6; 3; 2; 1; 2; 1; 1; [13591754//63375, 0, -2920076//21125, -3117422//63375, -6234844//63375, 2812088//21125, 7604231//21125, 41041244//63375, 19168572//21125, 0, 3117422//12675, 396011//845, 12469688//12675, -352998134//63375, 6234844//4225, 78540508//63375, 190162742//63375, 255628604//63375, -250739568//21125, -1123965578//63375, -1446823414//63375, -1457286671//63375, -24939376//2535, -230689228//12675, 78470432//2535, -408382282//12675, 559109171//21125, -230689228//12675, 207838368//21125, -59231018//21125, -90405238//63375, 215356673//63375, -337130054//63375, 4768002//1625, -248186108//63375, 3117422//2535, -6234844//4225, 3372184//2535, -12469688//12675, 12392326//21125, -3117422//12675, 709//63375, 3117422//21125, -12469688//63375, 11592608//63375, -3512208//21125, 1640141//21125, -4212328//63375]
5; 6; 5; 6; 2; 1; 1; 11; 1; 1; [-946627139//1562130375, 11062724//104142025, -932914654//1562130375, -361170542//520710125, 791834798//1562130375, -355184124//520710125, 469642674//520710125, 821384913//520710125, 4377042649//1562130375, 93290166//104142025, 462797927//104142025, 245870629//312426075, 7785607//1989975, 29732453719//1562130375, 993237334//312426075, 265628423//120163875, 35040143561//1562130375, -41212708853//1562130375, -23279454583//1562130375, -21561458834//520710125, -82587401579//1562130375, -66194552628//520710125, 4322164761//104142025, -49091166779//312426075, 60561468989//312426075, -55256571161//312426075, 208542401317//1562130375, -1008967955//12497043, 18271356059//520710125, -737300357//1562130375, -30385818764//1562130375, 13264013832//520710125, -42935802031//1562130375, 27940956398//1562130375, -29645531402//1562130375, 2626043642//312426075, -2650771766//312426075, 2148064831//312426075, -477839958//104142025, 3722670227//1562130375, -190167337//312426075, -821322368//1562130375, 575374701//520710125, -1905537194//1562130375, 1585391566//1562130375, -1192235231//1562130375, 190605786//520710125, -399142352//1562130375]
5; 6; 5; 6; 7; 1; 1; 3; 2; 1; [-139088//443625, 4702//266175, 3524//11375, -7064//190125, -713//2925, -1576154//1330875, -268246//266175, -133321//88725, -5320279//1330875, -268649//266175, 5671//12675, -162166//88725, -254824//266175, 3920473//443625, -449258//266175, -856157//147875, -5668357//1330875, 491396//29575, 12155077//190125, 10195751//266175, 1589404//38025, 4467629//63375, -3318124//266175, 5988121//266175, -304183//12675, 1776682//88725, -1996812//147875, 2003198//266175, -1205273//443625, -1608371//1330875, 190823//53235, -193211//443625, 139172//29575, -10783//38025, 853466//190125, -289481//266175, 88198//88725, -22083//29575, 120854//266175, -36064//190125, 404//53235, 43067//443625, -28553//190125, 6004//38025, -78908//1330875, 28493//266175, -271//266175, 12946//190125]
5; 6; 5; 6; 4; 1; 1; 4; 1; 2; [1084//63375, 39826//63375, 2464//38025, -38456//38025, -184718//63375, -961288//190125, -22262//4875, -563//125, -782662//190125, -36//65, -123166//38025, -27394//38025, -43912//7605, 145013//190125, -244228//190125, 1183541//38025, 2194171//38025, 24621719//190125, 29784668//190125, 6716126//63375, 9282613//190125, 4948967//190125, 29122//2535, 3020014//38025, -493946//4225, 292528//2535, -1349402//14625, 11522726//190125, -367649//12675, 361538//38025, 2658472//190125, -1547816//190125, 4030529//190125, -2212751//190125, 229214//21125, -36664//7605, 204761//38025, -177296//38025, 5054//1521, -361366//190125, 14779//21125, 677//4225, -2293//4225, 1386//1625, -619//1125, 115424//190125, -17497//63375, 3439//21125]
5; 6; 5; 6; 3; 2; 1; 10; 1; 1; [2586678868//1562130375, -1846707854//1562130375, -9132927341//1562130375, 1749353184//520710125, -727458169//312426075, -18004356572//1562130375, 131612047//312426075, 665636924//120163875, 3496102157//104142025, 1700781529//312426075, -7221542996//312426075, 5701582414//104142025, 21533832//8010925, -69299732821//520710125, 15912080408//520710125, 266520960191//1562130375, -112560223892//1562130375, 6017453972//104142025, -11751533501//120163875, -4512330547//20828405, -600137618897//1562130375, -524763487667//312426075, -95896519856//312426075, 176624642884//312426075, -62851808631//104142025, 159479735183//312426075, -563743998439//1562130375, 102305025284//520710125, -88068733747//1562130375, -14458343652//520710125, 23050256479//312426075, -10662781043//120163875, 6835915777//104142025, -113927462381//1562130375, -13439269789//312426075, -8585415929//312426075, 7877685416//312426075, -455181914//24032775, 1212537314//104142025, -8137839589//1562130375, 168417869//520710125, 4207193083//1562130375, -452058572//120163875, 76957372//20828405, -4659417629//1562130375, 178486894//104142025, -1990192996//1562130375, -383639972//312426075]
5; 6; 5; 6; 3; 2; 2; 6; 1; 1; [4712//1625, 0, 11143//14625, -4711//4875, -9422//4875, 17648//4875, 57757//14625, 10369//2925, 19252//14625, 0, 4711//975, -48131//2925, 18844//975, -38672//375, 9422//325, -822023//14625, 287371//4875, 386302//4875, -1304344//14625, -737077//14625, 41741//2925, 2028413//14625, -37688//195, -348614//975, 197261//325, -617141//975, 845379//1625, -348614//975, 2773351//14625, -89509//1625, -136619//4875, 1071673//14625, -1330976//14625, 229933//2925, -81539//1625, 4711//195, -9422//325, 76376//2925, -18844//975, 56207//4875, -4711//975, -1004//14625, 4711//1625, -18844//4875, 4181//1125, -4894//1625, 5618//2925, -11716//14625]
5; 6; 5; 6; 2; 1; 1; 5; 1; 1; [-127918//63375, 0, -565624//190125, 32368//63375, 64736//63375, -168368//63375, 42296//190125, 934456//190125, 87584//7605, 0, -32368//12675, 1052504//38025, -129472//12675, 678986//4875, -64736//4225, 16976744//190125, -1974448//63375, -2654176//63375, -11288816//190125, -36847976//190125, -66516376//190125, -19394824//38025, 258944//2535, 2395232//12675, -1351704//4225, 4240208//12675, -17181731//63375, 2395232//12675, -18541288//190125, 614992//21125, 938672//63375, -8280088//190125, 7246352//190125, -10847768//190125, 28424//4225, -32368//2535, 64736//4225, -524144//38025, 129472//12675, -127197//21125, 32368//12675, 16592//190125, -32368//21125, 129472//63375, -2312//1125, 29648//21125, -248608//190125, 1904//38025]
5; 6; 5; 6; 11; 1; 1; 6; 1; 1; [-250082//63375, -109987//21125, -14888//4875, 8378//63375, 34312//63375, -145079//63375, 64876//12675, 184109//12675, 1577209//63375, 3258//169, 69388//4225, 621304//12675, 46939//4225, 6889562//63375, 9927221//63375, 514663//4875, -6889198//63375, -14571922//63375, -3326762//21125, -4668908//12675, -7881373//12675, -50725034//63375, -126798//845, 5277224//12675, -6156256//12675, 5512022//12675, -19855139//63375, 4131266//21125, -1508866//21125, -186298//21125, 191288//4875, -4666108//63375, 118064//2535, -978101//12675, -327022//63375, -54397//2535, 266696//12675, -70168//4225, 45871//4225, -333439//63375, 79208//63375, 104822//63375, -61398//21125, 176954//63375, -12866//4875, 17984//12675, -18728//12675, -8039//21125]
5; 6; 5; 6; 4; 2; 2; 3; 1; 2; [-820567//443625, -422//443625, 129149//88725, 300457//147875, 1361987//443625, 119108//147875, -578192//63375, -192056//11375, -133368//11375, -232779//29575, -1296304//88725, -1049//325, -195434//12675, 534298//11375, -3623636//147875, -9439//2535, -6571771//443625, -32328977//443625, 45395816//443625, 29901562//63375, 273388684//443625, 188690707//443625, 12029051//29575, 13333391//88725, -1882537//4225, 15630759//29575, -209439934//443625, 154535546//443625, -18520403//88725, 12605344//147875, -520586//443625, -21386377//443625, 41398342//443625, -18197278//443625, 32376296//443625, -201694//12675, 158293//6825, -2032088//88725, 231014//12675, -1762778//147875, 2640541//443625, -117976//88725, -729448//443625, 188062//63375, -200336//63375, 464694//147875, -87494//63375, 29876//21125]
5; 6; 5; 6; 4; 2; 2; 4; 2; 2; [574//4875, 0, 1891//14625, -62//4875, -124//4875, 1201//14625, -62//1125, -1307//4875, -892//1625, 0, 62//975, -3208//2925, 248//975, -53644//4875, 124//325, -51226//14625, 3782//4875, 5084//4875, 18353//4875, 139786//14625, 78292//4875, 24836//1125, -496//195, -4588//975, 23252//2925, -8122//975, 93739//14625, -4588//975, 11554//4875, -1178//1625, -1798//4875, 17377//14625, -10747//14625, 25648//14625, 3764//14625, 62//195, -124//325, 1003//2925, -248//975, 2099//14625, -62//975, -16//4875, 62//1625, -248//4875, 259//4875, -452//14625, 568//14625, 11//1625]
5; 6; 5; 6; 3; 1; 1; 4; 1; 1; [52204//114075, 0, 748996//1711125, 17228//190125, 34456//190125, -36562//190125, -1415942//1711125, -2868064//1711125, -4347536//1711125, 0, -17228//38025, -757826//342225, -68912//38025, -15188//1521, -34456//12675, -11163446//1711125, -1050908//190125, -1412696//190125, 50385578//1711125, 82751342//1711125, 113651854//1711125, 125673926//1711125, 137824//7605, 1274872//38025, -6511822//114075, 2256868//38025, -5666368//114075, 1274872//38025, -31341218//1711125, 327332//63375, 499612//190125, -10123916//1711125, 17984086//1711125, -566146//131625, 4918226//570375, -17228//7605, 34456//12675, -839014//342225, 68912//38025, -125246//114075, 17228//38025, -6248//1711125, -17228//63375, 68912//190125, -565516//1711125, 182332//570375, -209108//1711125, 254978//1711125]
5; 6; 5; 6; 4; 2; 2; 7; 1; 1; [30292147//24032775, 3117796//9243375, 96339996//40054625, 39873694//120163875, -144492892//40054625, -134027242//40054625, -30011086//120163875, -101944868//24032775, -723971936//120163875, 124608314//24032775, -29069964//8010925, -8506598//369735, 192506//30615, -123113936//8010925, 519998432//120163875, -724877266//9243375, 52152184//3081125, 13518247406//120163875, 15196376726//120163875, 6718658262//40054625, 7192369856//24032775, 3109052846//120163875, -10307177236//24032775, -435935794//8010925, 1553839922//4806555, -668671854//1602185, 9357158323//24032775, -35743394854//120163875, 21889005826//120163875, -3347865444//40054625, 563526971//40054625, 5081597008//120163875, -1932295454//40054625, 558012954//8010925, -1765912134//40054625, 85595297//8010925, -33046636//1848675, 89065142//4806555, -24521488//1602185, 50076367//4806555, -667157054//120163875, 188597776//120163875, 117059908//120163875, -262350292//120163875, 325349888//120163875, -256318982//120163875, 45627196//24032775, -111881842//120163875]
5; 6; 5; 6; 3; 2; 2; 3; 1; 1; [-71348//443625, 0, -10952//443625, 58417//1330875, 116834//1330875, -215023//1330875, -27843//147875, -27682//147875, -142256//1330875, 0, -58417//266175, 25637//38025, -233668//266175, 587672//190125, -116834//88725, 441703//190125, -3563437//1330875, -4790194//1330875, 5938043//1330875, 1392689//443625, 894263//1330875, -6142609//1330875, 467336//53235, 4322858//266175, -349481//12675, 7652627//266175, -31544713//1330875, 4322858//266175, -11477237//1330875, 1109923//443625, 1694093//1330875, -4404896//1330875, 793243//190125, -359417//102375, 1044961//443625, -58417//53235, 116834//88725, -315709//266175, 233668//266175, -698788//1330875, 58417//266175, 432//147875, -58417//443625, 233668//1330875, -10676//63375, 183026//1330875, -12734//147875, 16781//443625]
5; 6; 5; 6; 3; 2; 2; 4; 2; 1; [1016//4563, -38//8775, 9059//43875, -77014//570375, 117418//570375, 24571//114075, 626683//570375, 63797//43875, 1165943//570375, -3014//114075, 10126//12675, -273229//114075, 30833//22815, -1665584//114075, 219634//114075, -4245887//570375, 3587704//570375, -1549226//190125, -2842876//114075, -19546843//570375, -6054827//190125, -31973048//570375, 2451526//114075, -4784116//114075, 5195141//114075, -68066//1755, 3037376//114075, -1727753//114075, 2802119//570375, 1060802//570375, -3193504//570375, 593107//114075, -4152274//570375, 534689//190125, -971483//190125, 234904//114075, -72718//38025, 165584//114075, -2284//2535, 44809//114075, -4078//114075, -108326//570375, 160442//570375, -53708//190125, 22822//114075, -100294//570375, 26902//570375, -37579//570375]
5; 6; 5; 6; 10; 1; 1; 2; 1; 1; [1061278//21125, 1475681//21125, -71686//21125, -181//65, 354682//21125, -3006511//21125, -4298487//21125, -17507//1625, -2945431//21125, -341372//845, 20229//4225, -4146//845, -4887797//4225, -75591928//21125, -67271611//21125, 94592//1625, 2352329//4225, 42475678//21125, 90222136//21125, -6134641//1625, -275634539//21125, -56953019//21125, 5653444//845, -15076006//4225, 883892//845, 2411813//4225, -34492699//21125, 32332772//21125, -30900752//21125, 4571719//4225, -11019721//21125, 9048638//21125, -2958724//21125, -16257927//21125, 2278473//21125, 15049//169, 8046//4225, -9218//169, 310287//4225, -1572989//21125, 1118452//21125, -751542//21125, 73891//4225, -24476//21125, -47482//21125, 139926//21125, -34674//1625, 129203//21125]
5; 6; 5; 6; 2; 1; 1; 8; 1; 1; [-946627139//1562130375, 11062724//104142025, -932914654//1562130375, -361170542//520710125, 791834798//1562130375, -355184124//520710125, 469642674//520710125, 821384913//520710125, 4377042649//1562130375, 93290166//104142025, 462797927//104142025, 245870629//312426075, 7785607//1989975, 29732453719//1562130375, 993237334//312426075, 265628423//120163875, 35040143561//1562130375, -41212708853//1562130375, -23279454583//1562130375, -21561458834//520710125, -82587401579//1562130375, -66194552628//520710125, 4322164761//104142025, -49091166779//312426075, 60561468989//312426075, -55256571161//312426075, 208542401317//1562130375, -1008967955//12497043, 18271356059//520710125, -737300357//1562130375, -30385818764//1562130375, 13264013832//520710125, -42935802031//1562130375, 27940956398//1562130375, -29645531402//1562130375, 2626043642//312426075, -2650771766//312426075, 2148064831//312426075, -477839958//104142025, 3722670227//1562130375, -190167337//312426075, -821322368//1562130375, 575374701//520710125, -1905537194//1562130375, 1585391566//1562130375, -1192235231//1562130375, 190605786//520710125, -399142352//1562130375]
5; 6; 5; 6; 8; 1; 1; 4; 1; 1; [1286//7605, 16073//12675, 1552//975, 497158//190125, 141227//38025, -39337//190125, -99478//21125, -304352//63375, -57896//7605, -502817//38025, -392059//38025, -366922//38025, -975383//38025, -305609//12675, -309653//7605, -952813//38025, -13661428//190125, -2747036//38025, 6139909//63375, 4355478//21125, 49056791//190125, 14164652//38025, 12772468//38025, -757663//12675, -1441144//12675, 7229897//38025, -2538104//12675, 6193237//38025, -4319839//38025, 831407//14625, -17918//845, -1081039//190125, 6407866//190125, -3079667//190125, 524149//12675, -94093//38025, 96413//12675, -346948//38025, 311063//38025, -231433//38025, 136984//38025, -6491//4225, -14384//190125, 10616//12675, -219509//190125, 259976//190125, -45044//63375, 34838//38025]
5; 6; 5; 6; 11; 1; 1; 3; 1; 1; [-1583852//190125, 0, 5511518//1330875, 27806//12675, 55612//12675, -8679266//1330875, -2706766//190125, -31330594//1330875, -41072384//1330875, 0, -27806//2535, -105922//17745, -111224//2535, 86149198//443625, -55612//845, -3725936//443625, -1696166//12675, -2280092//12675, 592988426//1330875, 91319468//147875, 142381192//190125, 907602994//1330875, 222448//507, 2057644//2535, -14691172//10647, 3642586//2535, -524721011//443625, 2057644//2535, -83018912//190125, 528314//4225, 806374//12675, -206741512//1330875, 101762582//443625, -4881832//34125, 211720532//1330875, -27806//507, 55612//845, -1052522//17745, 111224//2535, -3875497//147875, 27806//2535, 52606//1330875, -27806//4225, 111224//12675, -10952302//1330875, 9671056//1330875, -4914478//1330875, 3554282//1330875]
5; 6; 5; 6; 12; 1; 1; 4; 1; 2; [8304//21125, 73553//63375, -95201//12675, -289348//63375, 33478//12675, -234812//63375, -17188//12675, -388286//63375, 916913//63375, 112794//4225, -361769//12675, 340247//12675, 12347//195, -2029697//63375, -3277123//63375, 999218//4225, 8162758//63375, -5194//975, -6698753//63375, -2947069//12675, 12765331//63375, -44671553//63375, -9839668//12675, 2925737//4225, -6439943//12675, 257986//845, -2631227//21125, -36488//4875, 1132186//12675, -6339706//63375, 1276792//12675, -5269219//63375, 498847//12675, -305289//21125, -596748//21125, -112389//4225, 220054//12675, -2793//325, 959//507, 51368//21125, -286244//63375, 4198//845, -82237//21125, 2342//845, -34018//21125, 3736//12675, 23573//63375, -24618//21125]
5; 6; 5; 6; 11; 1; 1; 4; 2; 1; [-1840276//190125, 0, 1743878//190125, 101519//63375, 203038//63375, -12612//4225, -3026071//190125, -254126//7605, -9834124//190125, 0, -101519//12675, -1890991//38025, -406076//12675, 6396224//21125, -203038//4225, -28243978//190125, -6192659//63375, -8324558//63375, 22051916//38025, 185910856//190125, 51905032//38025, 293150149//190125, 812152//2535, 7512406//12675, -12796762//12675, 13298989//12675, -162818702//190125, 7512406//12675, -61848274//190125, 1928861//21125, 2944051//63375, -3874883//38025, 36383378//190125, -197116//2925, 10359914//63375, -101519//2535, 203038//4225, -1648364//38025, 406076//12675, -3612202//190125, 101519//12675, -17689//190125, -101519//21125, 406076//63375, -220234//38025, 364796//63375, -75947//38025, 540412//190125]
5; 6; 5; 6; 10; 1; 1; 10; 1; 1; [-1658949943//520710125, 663323019//520710125, -92791809//520710125, 30103568//20828405, 293101626//40054625, -180872009//104142025, -8712029917//520710125, -844732937//40054625, -15548654101//520710125, -643439548//20828405, -897884514//104142025, 1714613389//104142025, -5669429247//104142025, 8303166498//520710125, -58194390069//520710125, 35499632269//520710125, -3676469064//104142025, -48265147898//520710125, 7009789408//20828405, 246239692507//520710125, 209279933456//520710125, 35632548317//40054625, 23320657796//20828405, 20513661546//104142025, -7398648427//8010925, 121116395973//104142025, -560572435526//520710125, 421809950448//520710125, -260459933293//520710125, 23125521546//104142025, -11294296989//520710125, -9416629492//104142025, 92643857126//520710125, -71404126577//520710125, 85707579853//520710125, -129794019//4165681, 5225909014//104142025, -5354181604//104142025, 4377015117//104142025, -14784691396//520710125, 7712648478//520710125, -2130127768//520710125, -306258206//104142025, 3312077716//520710125, -722876404//104142025, 3475956681//520710125, -2157386722//520710125, 1735582993//520710125]
5; 6; 5; 6; 4; 1; 2; 2; 1; 1; [-881027//63375, 0, -453056//63375, 419452//63375, 838904//63375, -1606684//63375, -1604321//63375, -81056//4225, 9452//63375, 0, -419452//12675, 536349//4225, -1677808//12675, 4959382//63375, -838904//4225, 27230836//63375, -25586572//63375, -34395064//63375, 33645844//63375, 11391106//63375, -4494994//12675, -26991239//21125, 3355616//2535, 31039448//12675, -52682488//12675, 54948212//12675, -75870368//21125, 31039448//12675, -82181872//63375, 7969588//21125, 12164108//63375, -10678531//21125, 39027178//63375, -178762//325, 20838644//63375, -419452//2535, 838904//4225, -2266612//12675, 1677808//12675, -1679493//21125, 419452//12675, 10741//21125, -419452//21125, 1677808//63375, -539156//21125, 1298288//63375, -169519//12675, 109988//21125]
5; 6; 5; 6; 4; 1; 2; 10; 1; 1; [-5019988993//1562130375, 6686740261//1562130375, 34247917//12497043, -2620008217//1562130375, 1980628521//520710125, 180944067//520710125, 14283650948//1562130375, -7499741251//1562130375, -50971638518//1562130375, 5420488444//312426075, 227387188//312426075, -10907332928//312426075, -1744263938//104142025, 140852168383//1562130375, -231243561116//1562130375, -25390090357//312426075, -2725183067//40054625, 70457962507//1562130375, 370189436584//1562130375, -190077668011//520710125, 164203370622//520710125, 1727822883343//1562130375, 15432862564//312426075, 137278456433//312426075, -199415603498//312426075, 195534319616//312426075, -59358300557//120163875, 166199665894//520710125, -17264154369//104142025, 50241143656//1562130375, 24660885272//520710125, -113254340323//1562130375, 113105598031//1562130375, -31535397734//520710125, 53180643073//520710125, -2743252968//104142025, 9137401582//312426075, -7881624142//312426075, 5591821874//312426075, -404457554//40054625, 1855072879//520710125, 76016489//104142025, -1722129833//520710125, 6364141711//1562130375, -5467132048//1562130375, 3860800111//1562130375, -2242633552//1562130375, 2640580084//1562130375]
5; 6; 5; 6; 7; 1; 1; 2; 1; 1; [-302118//21125, -831918//21125, -2521331//21125, 869619//21125, -1856028//21125, -5465574//21125, 768862//4225, 8197613//21125, 19535787//21125, 3113236//4225, -895506//4225, 1016484//845, 1075431//4225, -21723627//21125, 27461358//21125, 76627326//21125, -62365194//21125, -28611017//21125, -82160331//21125, -49495716//4225, -344113403//21125, -70314144//1625, -76450769//4225, 6218493//325, -13460968//845, 46609296//4225, -127303576//21125, 40995609//21125, 21775718//21125, -3942654//1625, 55148154//21125, -53756238//21125, 1012629//845, -37119144//21125, -32815656//21125, -3347856//4225, 2499756//4225, -60519//169, 650184//4225, -108896//21125, -1736556//21125, 2555408//21125, -2479422//21125, 1889734//21125, -1311858//21125, 79403//4225, -415504//21125, -966246//21125]
5; 6; 5; 6; 3; 1; 2; 3; 1; 2; [895537//3992625, -42124//1330875, -30341//102375, -1065907//3992625, -1306156//3992625, -878068//3992625, 645611//443625, 10328819//3992625, 1308973//798525, 1102288//798525, 316858//159705, 54589//38025, 568886//266175, -20940547//3992625, 16103212//3992625, 14987974//3992625, 1781042//3992625, 16580231//3992625, -1234273//102375, -40743782//570375, -362432299//3992625, -51791906//798525, -39947237//798525, -372625//31941, 36278404//798525, -14880284//266175, 203514769//3992625, -50864078//1330875, 115118//4875, -1929154//190125, 2616748//3992625, 2687422//570375, -43074467//3992625, 1460402//443625, -7034732//798525, 1247822//798525, -387332//159705, 1960841//798525, -1587328//798525, 1764368//1330875, -14436//21125, 726337//3992625, 605806//3992625, -1236922//3992625, 63844//190125, -476929//1330875, 8441//63375, -19928//114075]
5; 6; 5; 6; 3; 1; 2; 4; 2; 2; [574//4875, 0, 1891//14625, -62//4875, -124//4875, 1201//14625, -62//1125, -1307//4875, -892//1625, 0, 62//975, -3208//2925, 248//975, -53644//4875, 124//325, -51226//14625, 3782//4875, 5084//4875, 18353//4875, 139786//14625, 78292//4875, 24836//1125, -496//195, -4588//975, 23252//2925, -8122//975, 93739//14625, -4588//975, 11554//4875, -1178//1625, -1798//4875, 17377//14625, -10747//14625, 25648//14625, 3764//14625, 62//195, -124//325, 1003//2925, -248//975, 2099//14625, -62//975, -16//4875, 62//1625, -248//4875, 259//4875, -452//14625, 568//14625, 11//1625]
5; 6; 5; 6; 7; 1; 1; 10; 1; 1; [-74650922//104142025, 9371708//40054625, 727598234//520710125, 74525712//520710125, -184443738//520710125, -2852414342//520710125, -2380683066//520710125, -2634824029//520710125, -5148606551//520710125, -581445134//104142025, -73419321//104142025, -901149523//104142025, -713854549//104142025, -11316291//4165681, -7824657194//520710125, -13762159909//520710125, -4635720777//520710125, 26825855923//520710125, 109340151527//520710125, 54319511986//520710125, 31419137149//520710125, 23342117731//520710125, 3364440091//104142025, 5590856589//104142025, -9756923283//104142025, 10175019771//104142025, -8506627906//104142025, 28823584753//520710125, -16370715247//520710125, 4653733689//520710125, 3623171064//520710125, -1204619479//520710125, 9594232073//520710125, -4873768298//520710125, 5646209363//520710125, -384717546//104142025, 465734706//104142025, -422723417//104142025, 313266654//104142025, -189895112//104142025, 30402251//40054625, -17729992//520710125, -229109091//520710125, 338163334//520710125, -212396539//520710125, 22074101//40054625, -128535018//520710125, 95760758//520710125]
5; 6; 5; 6; 3; 1; 2; 7; 1; 1; [-3477139732//520710125, 1824345232//1562130375, 11662746526//1562130375, 3563949989//1562130375, 2897591076//520710125, 108943897//40054625, -2038065383//312426075, -22744655747//1562130375, -16128502409//1562130375, 3259630694//312426075, -857601998//62485215, -2348194081//62485215, -16079839006//312426075, 274859073926//1562130375, -52809159794//520710125, -170562552506//1562130375, -3321263706//40054625, -463784324353//1562130375, 27041141524//520710125, 133316455379//312426075, 321052901014//520710125, 1589671684//3316625, 134927087129//312426075, 6692211823//12497043, -20717553338//20828405, 331641674839//312426075, -462755084759//520710125, 967623523144//1562130375, -544332447338//1562130375, 171197566718//1562130375, 1163350159//40054625, -63694923703//520710125, 2090868932//12497043, -163396952429//1562130375, 62138787909//520710125, -4028443053//104142025, 3012810572//62485215, -2771498948//62485215, 10413778096//312426075, -31763715082//1562130375, 13902918509//1562130375, -1006059383//1562130375, -7071549962//1562130375, 9743139686//1562130375, -9930599434//1562130375, 568664341//104142025, -4394540584//1562130375, 1081001679//520710125]
5; 6; 5; 6; 9; 1; 1; 12; 1; 1; [-74650922//104142025, 9371708//40054625, 727598234//520710125, 74525712//520710125, -184443738//520710125, -2852414342//520710125, -2380683066//520710125, -2634824029//520710125, -5148606551//520710125, -581445134//104142025, -73419321//104142025, -901149523//104142025, -713854549//104142025, -11316291//4165681, -7824657194//520710125, -13762159909//520710125, -4635720777//520710125, 26825855923//520710125, 109340151527//520710125, 54319511986//520710125, 31419137149//520710125, 23342117731//520710125, 3364440091//104142025, 5590856589//104142025, -9756923283//104142025, 10175019771//104142025, -8506627906//104142025, 28823584753//520710125, -16370715247//520710125, 4653733689//520710125, 3623171064//520710125, -1204619479//520710125, 9594232073//520710125, -4873768298//520710125, 5646209363//520710125, -384717546//104142025, 465734706//104142025, -422723417//104142025, 313266654//104142025, -189895112//104142025, 30402251//40054625, -17729992//520710125, -229109091//520710125, 338163334//520710125, -212396539//520710125, 22074101//40054625, -128535018//520710125, 95760758//520710125]
5; 6; 5; 6; 2; 1; 1; 4; 1; 2; [197489//190125, 0, 3034//4563, -14993//190125, -29986//190125, 10714//22815, -124873//570375, -247426//190125, -1570892//570375, 0, 14993//38025, -73397//12675, 59972//38025, -744746//21125, 29986//12675, -2115944//114075, 914573//190125, 1229426//190125, 2016814//114075, 27116438//570375, 46413878//570375, 21608869//190125, -119944//7605, -1109482//38025, 5627152//114075, -1964083//38025, 7840088//190125, -1109482//38025, 1693076//114075, -284867//63375, -434797//190125, 270343//38025, -2901376//570375, 146966//14625, 309676//570375, 14993//7605, -29986//12675, 242638//114075, -59972//38025, 174518//190125, -14993//38025, -667//38025, 14993//63375, -59972//190125, 4114//12675, -115016//570375, 128489//570375, 4202//190125]
5; 6; 5; 6; 3; 2; 1; 12; 1; 1; [2586678868//1562130375, -1846707854//1562130375, -9132927341//1562130375, 1749353184//520710125, -727458169//312426075, -18004356572//1562130375, 131612047//312426075, 665636924//120163875, 3496102157//104142025, 1700781529//312426075, -7221542996//312426075, 5701582414//104142025, 21533832//8010925, -69299732821//520710125, 15912080408//520710125, 266520960191//1562130375, -112560223892//1562130375, 6017453972//104142025, -11751533501//120163875, -4512330547//20828405, -600137618897//1562130375, -524763487667//312426075, -95896519856//312426075, 176624642884//312426075, -62851808631//104142025, 159479735183//312426075, -563743998439//1562130375, 102305025284//520710125, -88068733747//1562130375, -14458343652//520710125, 23050256479//312426075, -10662781043//120163875, 6835915777//104142025, -113927462381//1562130375, -13439269789//312426075, -8585415929//312426075, 7877685416//312426075, -455181914//24032775, 1212537314//104142025, -8137839589//1562130375, 168417869//520710125, 4207193083//1562130375, -452058572//120163875, 76957372//20828405, -4659417629//1562130375, 178486894//104142025, -1990192996//1562130375, -383639972//312426075]
5; 6; 5; 6; 9; 1; 1; 6; 1; 1; [-43909//63375, 9673//4225, 16292//12675, 194587//63375, -274//4875, -431648//63375, -6007//845, -92029//21125, -30504//4225, 49994//4225, -46643//4225, 892//325, -335852//12675, -180747//21125, -1237693//12675, -28463//12675, -1149114//21125, 2891589//21125, 20901013//63375, 2476663//12675, 1725829//21125, -475531//4225, -2065811//4225, 2033247//4225, -4851902//12675, 1053511//4225, -7922803//63375, 287419//12675, 146761//4225, -107984//1625, 4726451//63375, -899942//21125, 619043//12675, -385568//21125, 8877//4225, -81804//4225, 13418//975, -33041//4225, 11889//4225, 2959//4875, -10906//4225, 524//169, -14102//4875, 11002//4875, -65216//63375, 9377//12675, 802//21125, -1623//4225]
5; 6; 5; 6; 4; 1; 1; 3; 2; 1; [-1794227//1330875, 0, 253508//190125, 378811//1330875, 757622//1330875, -91102//147875, -3409633//1330875, -18296//3549, -2071772//266175, 0, -378811//266175, -1769797//266175, -1515244//266175, 31537342//1330875, -757622//88725, -2887994//147875, -23107471//1330875, -31062502//1330875, 120806878//1330875, 197429588//1330875, 54060368//266175, 8504053//38025, 3030488//53235, 28032014//266175, -47723762//266175, 49624241//266175, -204331019//1330875, 28032014//266175, -76511938//1330875, 7197409//443625, 10985519//1330875, -24837671//1330875, 14574148//443625, -40252//2925, 1424866//53235, -378811//53235, 757622//88725, -683246//88725, 1515244//266175, -4527139//1330875, 378811//266175, -4721//443625, -378811//443625, 1515244//1330875, -461192//443625, 21148//21125, -103433//266175, 40994//88725]
5; 6; 5; 6; 6; 1; 1; 3; 1; 2; [99637//443625, 0, -216421//1330875, 14459//1330875, 28918//1330875, -12602//147875, 124997//1330875, 488021//1330875, 190732//266175, 0, -14459//266175, 351833//266175, -57836//266175, -1648207//443625, -28918//88725, 5590171//1330875, -881999//1330875, -1185638//1330875, -7154822//1330875, -1868443//147875, -9165607//443625, -2459033//88725, 115672//53235, 1069966//266175, -1802677//266175, 1894129//266175, -1153939//190125, 1069966//266175, -2621707//1330875, 274721//443625, 419311//1330875, -493607//443625, 565834//1330875, -185561//102375, -165353//266175, -14459//53235, 28918//88725, -77878//266175, 57836//266175, -178033//1330875, 14459//266175, 5098//1330875, -14459//443625, 57836//1330875, -62851//1330875, 10018//443625, -52048//1330875, -3554//266175]
5; 6; 5; 6; 6; 1; 1; 4; 2; 2; [7361//14625, 0, 407//195, -8942//14625, -17884//14625, 40282//14625, 1031//975, -29149//14625, -7636//1125, 0, 8942//2925, -65099//2925, 35768//2925, 421909//14625, 17884//975, -2837//39, 545462//14625, 733244//14625, 146758//14625, 309083//2925, 1085323//4875, 5269133//14625, -71536//585, -661708//2925, 1121701//2925, -1171402//2925, 541798//1625, -661708//2925, 69203//585, -169898//4875, -259318//14625, 55543//1125, -50066//975, 868937//14625, -283691//14625, 8942//585, -17884//975, 5366//325, -35768//2925, 35954//4875, -8942//2925, -44//585, 8942//4875, -35768//14625, 35219//14625, -1046//585, 6814//4875, -4006//14625]
5; 6; 5; 6; 3; 2; 1; 6; 1; 1; [-165//169, 0, -234103//63375, -2227//21125, -4454//21125, -1766//2535, 242234//63375, 218741//21125, 1145536//63375, 0, 2227//4225, 110178//4225, 8908//4225, -2599//169, 13362//4225, 5156273//63375, 135847//21125, 182614//21125, -2105642//12675, -20862259//63375, -31755733//63375, -13227842//21125, -17816//845, -164798//4225, 855229//12675, -291737//4225, 9561//169, -164798//4225, 1562419//63375, -126939//21125, -64583//21125, 3856//4225, -1558372//63375, -23071//1625, -2188703//63375, 2227//845, -13362//4225, 36406//12675, -8908//4225, 212//169, -2227//4225, 1423//21125, 6681//21125, -8908//21125, 1149//4225, -38342//63375, -13939//63375, -13426//21125]
5; 6; 5; 6; 6; 1; 1; 7; 1; 1; [1171450439//120163875, 684797209//120163875, 6588221//9243375, -868203137//120163875, -10254604//1602185, 678483236//120163875, 5087456//24032775, -83235961//120163875, 45710116//4806555, -88263094//24032775, -21984569//1602185, -137795382//8010925, 3044260588//24032775, -18671919434//120163875, -4052179603//40054625, -12096359713//120163875, 3720109394//9243375, 4422423276//8010925, 17132752454//120163875, 333134098//1848675, 8306904266//120163875, -6696091507//24032775, -22874675704//24032775, -3887204674//4806555, 13385907618//8010925, -44224206782//24032775, 63228049556//40054625, -135609409672//120163875, 25283972067//40054625, -25186849394//120163875, -689028602//24032775, 25605512852//120163875, -1977413976//8010925, 28392584143//120163875, -4504668557//24032775, 1528618859//24032775, -132765188//1602185, 1869507626//24032775, -476891046//8010925, 1493169296//40054625, -2074644592//120163875, 237919966//120163875, 896209021//120163875, -254285078//24032775, 1357404592//120163875, -213986713//24032775, 734668588//120163875, -80838748//24032775]
5; 6; 5; 6; 5; 1; 1; 3; 1; 2; [4492//266175, 0, -1776767//3992625, 22741//266175, 45482//266175, -1713598//3992625, -8026//798525, 303103//443625, 6693872//3992625, 0, -22741//53235, 1129022//266175, -90964//53235, -1990984//266175, -45482//17745, 54767857//3992625, -1387201//266175, -1864762//266175, -30953162//3992625, -22285807//798525, -205691597//3992625, -101656054//1330875, 181928//10647, 1682834//53235, -42748579//798525, 2979071//53235, -1777534//38025, 1682834//53235, -65354749//3992625, 432079//88725, 659489//266175, -9564092//1330875, 1050844//159705, -944599//102375, 6110609//3992625, -22741//10647, 45482//17745, -1841506//798525, 90964//53235, -275099//266175, 22741//53235, 2003//147875, -22741//88725, 90964//266175, -455047//1330875, 190546//798525, -849431//3992625, 7106//443625]
5; 6; 5; 6; 5; 1; 1; 4; 2; 2; [191782//63375, 0, -74404//38025, -136382//190125, -272764//190125, 124106//63375, 197588//38025, 1765864//190125, 2462488//190125, 0, 136382//38025, 243304//38025, 545528//38025, -15134576//190125, 272764//12675, 635194//38025, 8319302//190125, 11183324//190125, -32443558//190125, -1071326//4225, -6866926//21125, -6871992//21125, -1091056//7605, -10092268//38025, 17164054//38025, -17866042//38025, 73393802//190125, -10092268//38025, 5453222//38025, -2591258//63375, -3955078//190125, 1049174//21125, -588214//7605, 630986//14625, -10771394//190125, 136382//7605, -272764//12675, 737626//38025, -545528//38025, 1626682//190125, -136382//38025, -38//38025, 136382//63375, -545528//190125, 507556//190125, -30676//12675, 216538//190125, -182654//190125]
5; 6; 5; 6; 4; 2; 1; 3; 1; 2; [-56374//17745, -223102//443625, 47608//34125, -7262//34125, 16313//88725, -30887//29575, 1191013//443625, 451538//147875, 557086//147875, 238949//12675, 55118//12675, -38996//17745, -20338//5915, 8154193//88725, 3041032//443625, -3456889//443625, -31691684//443625, -911557//6825, -1285133//88725, -30985793//443625, -20314639//443625, -77198683//443625, -19150237//88725, 11719352//29575, -7502003//17745, 6302987//17745, -7172449//29575, 20049882//147875, -6572789//147875, -9193442//443625, 3884053//88725, -754168//12675, 7304347//147875, -18054437//443625, 318516//21125, -1700873//88725, 1560334//88725, -46883//3549, 143362//17745, -101856//29575, 28257//147875, 263561//147875, -391294//147875, 215354//88725, -60051//29575, 558736//443625, -307982//443625, -3379//443625]
5; 6; 5; 6; 9; 1; 1; 3; 1; 1; [-539922//147875, 0, 4352644//1330875, 1002544//1330875, 2005088//1330875, -756416//443625, -8714981//1330875, -17250572//1330875, -3683276//190125, 0, -1002544//266175, -835297//53235, -4010176//266175, 126739528//1330875, -2005088//88725, -60825364//1330875, -61155184//1330875, -82208608//1330875, 43640504//190125, 7826062//21125, 223204874//443625, 243117029//443625, 8020352//53235, 74188256//266175, -25255624//53235, 131333264//266175, -538814461//1330875, 74188256//266175, -202138472//1330875, 19048336//443625, 29073776//1330875, -22125587//443625, 114378398//1330875, -3887998//102375, 91630036//1330875, -1002544//53235, 2005088//88725, -1084864//53235, 4010176//266175, -11944181//1330875, 1002544//266175, -4411//190125, -1002544//443625, 4010176//1330875, -3673856//1330875, 388992//147875, -1407839//1330875, 1577536//1330875]
5; 6; 5; 6; 4; 2; 1; 4; 2; 2; [-65467//63375, -174637//190125, -16331//12675, -124012//63375, -185719//190125, 280057//190125, 65363//63375, -601//1625, 791302//190125, 56971//7605, 228593//38025, 155884//12675, 2993//325, 5815096//190125, 485269//63375, 488324//12675, 11649566//190125, -226361//190125, -16525897//190125, -1743531//21125, -2775392//21125, -36997732//190125, 86833//7605, 4878073//38025, -773857//4225, 762649//4225, -2067019//14625, 5920597//63375, -561164//12675, 2369143//190125, 840299//63375, -5322821//190125, 461572//21125, -1737428//63375, 1150654//190125, -11588//1521, 320257//38025, -2346//325, 195119//38025, -545932//190125, 15272//14625, 706//2535, -169262//190125, 73634//63375, -216226//190125, 46036//63375, -37928//63375, 2818//63375]
5; 6; 5; 6; 9; 1; 1; 4; 2; 1; [880231//190125, 0, -119411//63375, -55823//38025, -111646//38025, 97608//21125, 184434//21125, 2550061//190125, 347304//21125, 0, 55823//7605, -10782//4225, 223292//7605, -18948361//190125, 111646//2535, -2838367//190125, 3405203//38025, 4577486//38025, -5522808//21125, -64116211//190125, -72835601//190125, -58128946//190125, -446584//1521, -4130902//7605, 35100257//38025, -7312813//7605, 16750108//21125, -4130902//7605, 6153171//21125, -1060637//12675, -1618867//38025, 20080474//190125, -28530478//190125, 492773//4875, -18942523//190125, 55823//1521, -111646//2535, 1509088//38025, -223292//7605, 1113134//63375, -55823//7605, -8371//190125, 55823//12675, -223292//38025, 1052989//190125, -304066//63375, 54333//21125, -315308//190125]
5; 6; 5; 6; 4; 2; 2; 11; 1; 1; [-30784067//120163875, -54622198//40054625, -105800146//120163875, -2860986//8010925, 56158342//120163875, 560633674//120163875, 9832424//1848675, 4001590//961311, -76191346//120163875, 7312054//1602185, 28135598//8010925, 208904132//24032775, 582376//30615, 4202821322//120163875, 6771242104//120163875, 3319970266//120163875, -460178488//24032775, -5953836232//120163875, -10552845884//120163875, -1351205234//24032775, 6688478//123245, 31060083566//120163875, -14992024//1602185, 2163204704//24032775, -2847550678//24032775, 544678741//4806555, -10228841609//120163875, 6889081012//120163875, -2914837762//120163875, 63736798//24032775, 924772874//120163875, -2378224352//120163875, 326109892//24032775, -17133634//1602185, 2469394888//120163875, -24242734//4806555, 128008466//24032775, -106555672//24032775, 985502//320437, -195610159//120163875, 68185937//120163875, 32095378//120163875, -80734//123245, 84219944//120163875, -88136902//120163875, 10380556//24032775, -1136654//4806555, 40051478//120163875]
5; 6; 5; 6; 10; 1; 1; 12; 1; 1; [-26973101//40054625, 419002201//520710125, 524075598//520710125, 506186871//520710125, 378496334//520710125, -1840501497//520710125, -14289413//1602185, -6771936128//520710125, -8178797066//520710125, -1666857318//104142025, -782171262//104142025, -549305371//104142025, -1967391886//104142025, -2602424867//520710125, -23844989411//520710125, -6708079293//520710125, 3844107464//520710125, 40073893231//520710125, 119089179227//520710125, 1362649365//4165681, 181311927213//520710125, 173716867641//520710125, 28158165927//104142025, -1261534247//104142025, -14721849091//104142025, 20976514309//104142025, -7947106202//40054625, 80668830607//520710125, -53592722279//520710125, 26500547542//520710125, -3701634032//520710125, -2254126944//520710125, 860595941//20828405, -6445639891//520710125, 20173209253//520710125, -425772682//104142025, 873937642//104142025, -965274309//104142025, 826586901//104142025, -2936186776//520710125, 1637989322//520710125, -598644304//520710125, -138638658//520710125, 574998718//520710125, -564813044//520710125, 6037098//4165681, -301358546//520710125, 427007833//520710125]
5; 6; 5; 6; 12; 1; 1; 3; 2; 1; [1050268//443625, -8189//29575, -198362//147875, -367446//147875, -682412//147875, -26604//147875, 5838776//443625, 1405919//63375, 2231077//147875, 180902//12675, 75512//4225, 6857//88725, 2269511//88725, -21145318//443625, 4112821//88725, -598747//63375, 2181696//147875, 41339731//443625, -5089321//34125, -88031967//147875, -107883136//147875, -223450711//443625, -56949071//88725, -664058//4225, 52515397//88725, -64484659//88725, 22599662//34125, -1757932//3549, 134254873//443625, -19249432//147875, 4190783//443625, 3929023//63375, -55548908//443625, 9326137//147875, -14626151//147875, 1815211//88725, -933624//29575, 2827303//88725, -2286301//88725, 362746//21125, -782648//88725, 1006108//443625, 296648//147875, -1775602//443625, 645997//147875, -1936163//443625, 933971//443625, -874348//443625]
5; 6; 5; 6; 5; 1; 1; 7; 1; 1; [1042480018//120163875, -199731234//40054625, -4743261//3081125, 327813971//120163875, -739969078//120163875, 840578549//120163875, 958802207//120163875, 113723443//24032775, -95978602//4806555, -341762794//8010925, 236965398//8010925, -1174302943//24032775, -13656242//961311, -6149752971//40054625, 30325826932//120163875, -15602870906//120163875, 1568906323//40054625, 10882644011//40054625, -37522411769//120163875, -4761136499//40054625, 5578889987//24032775, 29959398496//24032775, 2140482941//8010925, -14334955377//8010925, 55792243597//24032775, -3490905007//1602185, 199497958061//120163875, -124074265579//120163875, 56691925622//120163875, -2143515651//40054625, -22651264771//120163875, 35575515838//120163875, -12752640007//40054625, 2113473822//8010925, -2705844394//24032775, 794569044//8010925, -2485606514//24032775, 2057397703//24032775, -7216477//123245, 3749829511//120163875, -368021068//40054625, -635096938//120163875, 1521266012//120163875, -1712258216//120163875, 1496783758//120163875, -1119010001//120163875, 133751626//24032775, -24506641//24032775]
5; 6; 5; 6; 4; 2; 1; 7; 1; 1; [1206010109//1562130375, 567582959//1562130375, -3406254352//1562130375, 9744143696//1562130375, 4029959197//312426075, 1533644706//520710125, -3069779503//1562130375, -1414703527//520710125, -26440344152//1562130375, -9959830771//312426075, 100060358//12497043, 45329077//4806555, -26786902774//312426075, -168641488844//1562130375, -26729496064//1562130375, 54826090394//520710125, -299609570431//1562130375, -77068762717//312426075, -16806129713//1562130375, -207647609257//1562130375, 114253006247//520710125, 1829827357997//1562130375, 138538639873//104142025, -5039279116//12497043, -13369373044//62485215, 54923009867//104142025, -962482495882//1562130375, 839218412848//1562130375, -601974147529//1562130375, 114123528849//520710125, -31306618496//312426075, -14882724014//1562130375, 90900797239//1562130375, -115180864967//1562130375, 205662355261//1562130375, 8391421//312426075, 18778637//961311, -563757032//20828405, 8148878669//312426075, -32168347232//1562130375, 20600891888//1562130375, -251911836//40054625, 1568289937//1562130375, 195350803//104142025, -5588677439//1562130375, 11994394//3316625, -4539384007//1562130375, 1623879652//520710125]
5; 6; 5; 6; 4; 2; 2; 5; 1; 1; [1624//4875, 0, 4159//4875, -238//1625, -476//1625, 1238//1625, -311//4875, -6871//4875, -644//195, 0, 238//325, -7739//975, 952//325, -2426//125, 1428//325, -124829//4875, 14518//1625, 19516//1625, 83006//4875, 270941//4875, 489091//4875, 142609//975, -1904//65, -17612//325, 29817//325, -31178//325, 383543//4875, -17612//325, 136333//4875, -13566//1625, -6902//1625, 60883//4875, -53282//4875, 79763//4875, -627//325, 238//65, -1428//325, 3854//975, -952//325, 8503//4875, -238//325, -122//4875, 714//1625, -952//1625, 221//375, -654//1625, 1828//4875, -14//975]
5; 6; 5; 6; 4; 1; 2; 12; 1; 1; [-6716116204//1562130375, -5469886313//1562130375, 3894703127//1562130375, -1325386379//312426075, -138761169//104142025, -333562917//520710125, 4034747471//1562130375, 47757427//1989975, -681209939//120163875, -956771282//312426075, 15041042452//312426075, 522080263//312426075, -116159989//20828405, 213196996894//1562130375, 154515275218//1562130375, -32942393072//1562130375, -1575694801//104142025, -75339870934//312426075, 236809917301//1562130375, -80880610972//520710125, -97202385114//104142025, 205207521457//1562130375, 7552355383//312426075, -78493432393//312426075, 105260198503//312426075, -19968788009//62485215, 394921749247//1562130375, -78958731647//520710125, 37509062988//520710125, -694085072//62485215, -62262931//1602185, 6202803041//120163875, -82464364088//1562130375, -102500147//20828405, -770435771//40054625, 1487196129//104142025, -4706069522//312426075, 3944325467//312426075, -544605164//62485215, 2525449729//520710125, -735389162//520710125, -361286927//520710125, 186650813//104142025, -722683993//312426075, 3123772988//1562130375, -180131456//120163875, 2650666//312426075, -329158034//1562130375]
5; 6; 5; 6; 3; 2; 1; 3; 1; 1; [75721//102375, 0, 5618//6825, -122//273, -244//273, 2851//1575, 47896//34125, 5804//14625, -166508//102375, 0, 610//273, -226942//20475, 2440//273, 143008//34125, 1220//91, -11623//315, 7442//273, 10004//273, -445307//20475, 1744597//102375, 7089697//102375, 4916606//34125, -24400//273, -45140//273, 5743783//20475, -79910//273, 24869752//102375, -45140//273, 137339//1575, -2318//91, -3538//273, 237299//6825, -4121419//102375, 4012201//102375, -2004701//102375, 3050//273, -1220//91, 35311//2925, -2440//273, 78626//14625, -610//273, -841//20475, 122//91, -488//273, 7106//4095, -139054//102375, 4591//4875, -30931//102375]
5; 6; 5; 6; 3; 2; 1; 4; 2; 1; [-10651//21125, 0, 380179//570375, 1453//38025, 2906//38025, 33188//570375, -89173//114075, -1128623//570375, -1916212//570375, 0, -1453//7605, -170747//38025, -5812//7605, 400321//21125, -2906//2535, -2645653//190125, -88633//38025, -119146//38025, 18465172//570375, 93841//1521, 52557533//570375, 64339607//570375, 11624//1521, 107522//7605, -2764451//114075, 190343//7605, -420322//21125, 107522//7605, -4694137//570375, 27607//12675, 42137//38025, -907769//570375, 239672//38025, 15971//14625, 4189141//570375, -1453//1521, 2906//2535, -39428//38025, 5812//7605, -84263//190125, 1453//7605, -6322//570375, -1453//12675, 5812//38025, -69779//570375, 19402//114075, 1864//570375, 75736//570375]
5; 6; 5; 6; 3; 2; 2; 9; 1; 1; [494356981//120163875, -16201246//120163875, -35051046//8010925, -60580083//40054625, 3431066//24032775, 204499953//40054625, 156084434//120163875, 598465769//120163875, 577052284//120163875, -366282446//24032775, 2748660//320437, 33805113//1602185, 2936119//153075, -14094125701//120163875, 3535552796//120163875, 1594727341//24032775, 9465330994//120163875, 30886679//320437, -18500826139//120163875, -6534079208//40054625, -10918656278//40054625, 11998183291//120163875, 379772953//1848675, -493776961//961311, 2850970459//4806555, -12515011267//24032775, 44843002982//120163875, -26428940857//120163875, 718240589//8010925, 1449602012//120163875, -1387067582//24032775, 8899612598//120163875, -10042153187//120163875, 5538759658//120163875, -3867244297//120163875, 629825056//24032775, -24364042//961311, 95658281//4806555, -102528516//8010925, 733072492//120163875, -134679377//120163875, -47031944//24032775, 10850628//3081125, -28295938//8010925, 114877246//40054625, -87903784//40054625, 104729618//120163875, -10053489//40054625]
5; 6; 5; 6; 7; 1; 1; 12; 1; 1; [-1235928197//520710125, 151958187//104142025, 1153527008//520710125, 581217187//520710125, -1732376046//520710125, -8182470048//520710125, -6968739613//520710125, -302228214//20828405, -15192142477//520710125, -49650814//8010925, -668507592//104142025, -37049107//4165681, -3593997234//104142025, 9642831687//520710125, -8251744713//104142025, -1181754841//40054625, -30441039882//520710125, 91755377201//520710125, 1882410967//3081125, 152675131433//520710125, 16055867901//104142025, 6253823254//40054625, -27474233827//104142025, 40313652903//104142025, -7995258099//20828405, 31714414731//104142025, -104345452684//520710125, 10137575853//104142025, -971981203//40054625, -15364713216//520710125, 30458241198//520710125, -13886597266//520710125, 30844760599//520710125, -2610139979//104142025, 12928596816//520710125, -1860630468//104142025, 1609361462//104142025, -230042107//20828405, 653878299//104142025, -1203395054//520710125, -2117394//4165681, 1008166196//520710125, -1307199536//520710125, 1259608418//520710125, -619958276//520710125, 679805474//520710125, -34771286//104142025, 87158476//520710125]
5; 6; 5; 6; 4; 1; 1; 2; 1; 1; [2757688//63375, 0, 176116//4225, -1582168//63375, -3164336//63375, 421996//4225, 1737952//21125, 2124316//63375, -1488112//21125, 0, 1582168//12675, -2482008//4225, 6328672//12675, 6881192//63375, 3164336//4225, -4972888//2535, 96512248//63375, 129737776//63375, -5885692//4225, 36975464//63375, 208911184//63375, 463813256//63375, -12657344//2535, -117080432//12675, 198654176//12675, -207264008//12675, 286568892//21125, -117080432//12675, 20600728//4225, -30061192//21125, -45882872//63375, 24517148//12675, -143588428//63375, 3515648//1625, -71425792//63375, 1582168//2535, -3164336//4225, 8548444//12675, -6328672//12675, 6342292//21125, -1582168//12675, -27992//12675, 1582168//21125, -6328672//63375, 1226804//12675, -1609616//21125, 1101064//21125, -1109252//63375]
5; 6; 5; 6; 11; 1; 1; 9; 1; 1; [-1110656171//520710125, -223114829//520710125, -79123614//104142025, 20520014//520710125, 103558852//104142025, -391109241//520710125, 352789356//104142025, 1778433513//520710125, 3015004072//520710125, 1029269382//104142025, 45488187//20828405, 112736681//8010925, -4453624//663325, 20615243941//520710125, -269058671//520710125, 4754704089//104142025, -32010223159//520710125, -11121613687//104142025, -21044813659//520710125, -7365096534//104142025, -13244598113//520710125, -117318323727//520710125, -2407961553//104142025, 7121293367//20828405, -47804648197//104142025, 45593674882//104142025, -176002453537//520710125, 112552854757//520710125, -10413180013//104142025, 6781985593//520710125, 3388288589//104142025, -32682508272//520710125, 6194428219//104142025, -27381649354//520710125, 12815680819//520710125, -2022225547//104142025, 33140476//1602185, -1806888243//104142025, 1252694583//104142025, -3410805197//520710125, 1108859927//520710125, 95045482//104142025, -1301364787//520710125, 290546954//104142025, -1355758142//520710125, 7600259//4165681, -593833944//520710125, 136394569//520710125]
5; 6; 5; 6; 10; 1; 1; 6; 1; 1; [-97472//63375, 3296//12675, 23806//63375, 207686//63375, 469228//63375, 100294//63375, -285236//63375, -778087//63375, -424399//63375, -54878//4225, 49978//4225, -1468//2535, -519611//12675, 9473//1625, -846152//12675, -262427//21125, -1909771//63375, -2947501//21125, -99589//63375, 2265242//21125, 25062772//63375, 17190049//63375, 3213957//4225, -514927//4225, -46064//169, 1887168//4225, -29318824//63375, 4785691//12675, -16404073//63375, 8575277//63375, -2891849//63375, -1585072//63375, 1314401//21125, -2980594//63375, 1456289//21125, -26477//4225, 227876//12675, -53873//2535, 80112//4225, -884864//63375, 104633//12675, -216178//63375, -9083//63375, 127886//63375, -14104//4875, 180953//63375, -114704//63375, 101512//63375]
5; 6; 5; 6; 4; 1; 1; 10; 1; 1; [27439774928//1562130375, 627763376//1562130375, -8863687708//1562130375, 5599711462//520710125, -234617276//62485215, 11500409984//1562130375, -16188110012//520710125, -2031685822//40054625, 31742067612//520710125, -4604611188//104142025, -5892792992//62485215, 4538163706//312426075, 11631028868//312426075, -799066161848//1562130375, 23088478248//520710125, 21851219486//520710125, 458204470234//1562130375, 140256784996//312426075, -1191457256684//1562130375, 718610834922//520710125, 849614677786//520710125, -2536512234116//1562130375, 17800691412//104142025, -23802137258//20828405, 153813255442//104142025, -143890361804//104142025, 1617308945606//1562130375, -1031958282788//1562130375, 158754020938//520710125, -33639030368//1562130375, -33554735024//312426075, 253941705428//1562130375, -70953609644//520710125, 28214038978//120163875, -94207688806//520710125, 19686671584//312426075, -4110853814//62485215, 5665284558//104142025, -11600618648//312426075, 10125741752//520710125, -9245699908//1562130375, -5094486796//1562130375, 12926749712//1562130375, -2754290696//312426075, 11604029758//1562130375, -46447216//9949875, 2499981618//520710125, -4233682888//1562130375]
5; 6; 5; 6; 4; 1; 2; 6; 1; 1; [8207//21125, 0, -23512//63375, 68801//63375, 137602//63375, -82952//21125, -308764//63375, -333496//63375, -239632//63375, 0, -68801//12675, 188948//12675, -275204//12675, 2110514//63375, -137602//4225, 3289792//63375, -4196861//63375, -5641682//63375, 7622296//63375, 2074008//21125, 1024632//21125, -1552116//21125, 550408//2535, 5091274//12675, -8644672//12675, 9012931//12675, -37276208//63375, 5091274//12675, -13533424//63375, 1307219//21125, 1995229//63375, -1719804//21125, 6598672//63375, -416264//4875, 3808976//63375, -68801//2535, 137602//4225, -371848//12675, 275204//12675, -825358//63375, 68801//12675, 4276//63375, -68801//21125, 275204//63375, -263512//63375, 72224//21125, -133252//63375, 61496//63375]
5; 6; 5; 6; 3; 1; 1; 3; 1; 2; [356987//798525, 26419//443625, -877952//3992625, 5329//570375, -172474//1330875, -376861//3992625, -847193//1330875, -2630753//3992625, -263981//798525, -363856//159705, -22289//53235, 136301//266175, 117323//159705, -1420324//114075, -1123961//3992625, 2074304//1330875, 11778119//1330875, 27305119//1330875, 19759216//3992625, 54266309//3992625, 849089//147875, 4567228//798525, 809849//53235, -2619758//53235, 47316508//798525, -1219003//22815, 2400506//61425, -95306158//3992625, 40283876//3992625, 505837//1330875, -19403689//3992625, 32952943//3992625, -9504596//1330875, 25321199//3992625, -116821//31941, 82555//31941, -411254//159705, 549424//266175, -3347//2457, 5159//7605, -651008//3992625, -691909//3992625, 1373251//3992625, -197882//570375, 1252138//3992625, -819278//3992625, 55696//443625, -28939//798525]
5; 6; 5; 6; 4; 2; 2; 8; 1; 1; [-30784067//120163875, -54622198//40054625, -105800146//120163875, -2860986//8010925, 56158342//120163875, 560633674//120163875, 9832424//1848675, 4001590//961311, -76191346//120163875, 7312054//1602185, 28135598//8010925, 208904132//24032775, 582376//30615, 4202821322//120163875, 6771242104//120163875, 3319970266//120163875, -460178488//24032775, -5953836232//120163875, -10552845884//120163875, -1351205234//24032775, 6688478//123245, 31060083566//120163875, -14992024//1602185, 2163204704//24032775, -2847550678//24032775, 544678741//4806555, -10228841609//120163875, 6889081012//120163875, -2914837762//120163875, 63736798//24032775, 924772874//120163875, -2378224352//120163875, 326109892//24032775, -17133634//1602185, 2469394888//120163875, -24242734//4806555, 128008466//24032775, -106555672//24032775, 985502//320437, -195610159//120163875, 68185937//120163875, 32095378//120163875, -80734//123245, 84219944//120163875, -88136902//120163875, 10380556//24032775, -1136654//4806555, 40051478//120163875]
5; 6; 5; 6; 3; 1; 1; 4; 2; 2; [137554//570375, -84478//570375, -177361//570375, -121816//570375, -297554//570375, -34226//570375, 20711//43875, 827966//570375, -10136//114075, 154906//114075, 18308//12675, 122303//114075, 568912//114075, -7622314//570375, 6113438//570375, 100237//43875, 1823956//570375, 258637//21125, 78382//43875, -8833606//190125, -119921//1625, -41861//114075, -608813//8775, -2663788//114075, 8304893//114075, -9916648//114075, 44403158//570375, -32827066//570375, 19919183//570375, -8197732//570375, 251552//570375, 4944673//570375, -7946444//570375, 4590892//570375, -1018189//114075, 294214//114075, -144904//38025, 431552//114075, -38278//12675, 1129633//570375, -566546//570375, 10246//43875, 150668//570375, -30802//63375, 306473//570375, -93803//190125, 144947//570375, -4018//22815]
5; 6; 5; 6; 7; 1; 1; 6; 1; 1; [-36769//21125, -13349//63375, -4957//4225, 184//21125, -98226//21125, -143979//21125, -69016//63375, -205778//63375, -48707//4875, -104032//12675, -35712//4225, 149131//12675, -74362//2535, 2241877//63375, -507587//21125, 188896//4225, -3716917//63375, 623671//21125, 7696477//63375, -4583344//63375, -1827054//21125, -879754//63375, -484477//12675, 3925279//12675, -1719143//4225, 970547//2535, -6207783//21125, 11724257//63375, -213212//2535, 543169//63375, 2269634//63375, -3089414//63375, 1095281//21125, -1029697//21125, 47872//1625, -219793//12675, 230686//12675, -191891//12675, 8773//845, -117993//21125, 108572//63375, 11386//12675, -47487//21125, 162854//63375, -45278//21125, 33231//21125, -65446//63375, 23278//63375]
5; 6; 5; 6; 3; 1; 2; 11; 1; 1; [-286598084//62485215, 185593841//1562130375, 6017873014//1562130375, 2098763718//520710125, 710716646//1562130375, -11024372111//1562130375, -38042938612//1562130375, -65868037748//1562130375, -19509921058//520710125, -5842376966//312426075, -8883280007//312426075, -337291066//24032775, -8676216917//312426075, 40521693167//312426075, -68954973671//1562130375, -19686850953//520710125, -85671541009//1562130375, 164454627964//1562130375, 811893869401//1562130375, 1799726575717//1562130375, 2244905923018//1562130375, 1356379094974//1562130375, 28372809028//104142025, 48762771471//104142025, -84309550731//104142025, 264426548123//312426075, -72716359731//104142025, 751247372192//1562130375, -136224675519//520710125, 120312665063//1562130375, 23733965614//520710125, -123637528597//1562130375, 88892487367//520710125, -20499968507//520710125, 60016441464//520710125, -3339389818//104142025, 929812204//24032775, -3646493069//104142025, 8113785847//312426075, -1620649124//104142025, 10267303822//1562130375, -134170937//1562130375, -5953929197//1562130375, 8332763792//1562130375, -7237168147//1562130375, 597203227//120163875, -2097725671//1562130375, 1035857529//520710125]
5; 6; 5; 6; 3; 1; 1; 7; 1; 1; [-2985021107//1562130375, 3352238096//1562130375, 1481958734//120163875, 430586327//120163875, 5670551342//1562130375, 21784733536//1562130375, -23955749248//1562130375, -50726296988//1562130375, -454901693//40054625, 1348101938//312426075, -375487082//12497043, -9813896136//104142025, -10169712448//312426075, 166248103877//1562130375, -147024607546//1562130375, -457255973972//1562130375, 108984045494//1562130375, -91767522164//520710125, -266313022231//1562130375, 1510603452193//1562130375, 2103715450433//1562130375, 1685557910222//1562130375, 98911206068//312426075, -1004206869//4165681, 14994324504//104142025, -7036144581//104142025, 16022299726//1562130375, 41501788882//1562130375, -7105040132//120163875, 76178369762//1562130375, -69540879086//1562130375, 25574104342//1562130375, 49418328929//1562130375, 33263427583//520710125, 27068904362//520710125, 2613096362//312426075, -55270972//12497043, 360762758//312426075, 254903828//312426075, -934475368//520710125, 3187572527//1562130375, -3269355016//1562130375, 718302414//520710125, -473172032//520710125, 214633202//1562130375, 1365029854//1562130375, 1437502799//1562130375, 1895356156//1562130375]
5; 6; 5; 6; 3; 2; 2; 3; 2; 2; [-20351//14625, 0, -275551//102375, 16421//14625, 32842//14625, -484048//102375, -43387//14625, 13271//20475, 240452//34125, 0, -16421//2925, 664387//20475, -65684//2925, -3115978//102375, -32842//975, 3656437//34125, -1001681//14625, -1346522//14625, 983816//34125, -9852851//102375, -751603//2925, -15965087//34125, 131368//585, 1215154//2925, -1602997//2275, 2151151//2925, -62577679//102375, 1215154//2925, -1064867//4875, 311999//4875, 476209//14625, -3020947//34125, 3369104//34125, -2093093//20475, 505083//11375, -16421//585, 32842//975, -206984//6825, 65684//2925, -1384574//102375, 16421//2925, 11828//102375, -16421//4875, 65684//14625, -448601//102375, 344702//102375, -49898//20475, 68452//102375]
5; 6; 5; 6; 3; 1; 2; 5; 1; 1; [-143843//63375, 0, 22881//21125, 73388//63375, 146776//63375, -238361//63375, -137834//21125, -201023//21125, -700564//63375, 0, -73388//12675, 12644//2535, -293552//12675, 6365938//63375, -146776//4225, 1338092//63375, -4476668//63375, -6017816//63375, 12011221//63375, 4889584//21125, 15750994//63375, 10946224//63375, 587104//2535, 5430712//12675, -123030//169, 9613828//12675, -39574636//63375, 5430712//12675, -14533984//63375, 1394372//21125, 2128252//63375, -5327677//63375, 7402391//63375, -400546//4875, 1594674//21125, -73388//2535, 146776//4225, -79351//2535, 293552//12675, -292287//21125, 73388//12675, 902//21125, -73388//21125, 293552//63375, -92589//21125, 237976//63375, -43826//21125, 26399//21125]
5; 6; 5; 6; 2; 1; 1; 3; 2; 1; [-1716341//1330875, 0, -72809//190125, 742003//1330875, 1484006//1330875, -110314//53235, -3099983//1330875, -973603//443625, -1368532//1330875, 0, -742003//266175, 268413//29575, -2968012//266175, 17091811//1330875, -1484006//88725, 41411653//1330875, -45262183//1330875, -60844246//1330875, 14320034//266175, 45155743//1330875, -928751//1330875, -4461863//63375, 5936024//53235, 54908222//266175, -93213163//266175, 97202393//266175, -134088209//443625, 54908222//266175, -145684381//1330875, 14098057//443625, 21518087//1330875, -3741527//88725, 70170574//1330875, -219431//4875, 39108101//1330875, -742003//53235, 1484006//88725, -4009942//266175, 2968012//266175, -989543//147875, 742003//266175, 17068//443625, -742003//443625, 2968012//1330875, -190063//88725, 331142//190125, -1466198//1330875, 208682//443625]
5; 6; 5; 6; 10; 1; 1; 4; 2; 1; [543029//63375, 0, -1048384//190125, -74261//38025, -148522//38025, 334459//63375, 544324//38025, 4901438//190125, 6872972//190125, 0, 74261//7605, 714866//38025, 297044//7605, -42134302//190125, 148522//2535, 9470089//190125, 4529921//38025, 6089402//38025, -89800637//190125, -2984419//4225, -19221047//21125, -19379838//21125, -594088//1521, -5495314//7605, 46732151//38025, -9728191//7605, 199775239//190125, -5495314//7605, 74270327//190125, -1410959//12675, -2153569//38025, 2849011//21125, -8034769//38025, 1701397//14625, -29599021//190125, 74261//1521, -148522//2535, 2008259//38025, -297044//7605, 4427909//190125, -74261//7605, 187//190125, 74261//12675, -297044//38025, 1380584//190125, -16738//2535, 585491//190125, -502441//190125]
5; 6; 5; 6; 8; 1; 1; 3; 1; 2; [-372956//1330875, 11909//102375, 668578//1330875, 171764//443625, 1886//3549, 366809//1330875, -321214//147875, -710417//190125, -901//325, -578684//266175, -110291//38025, -54482//20475, -125767//29575, 2647082//443625, -12040057//1330875, -3183461//443625, 14282//147875, -1914019//266175, 4237748//190125, 135380411//1330875, 168139919//1330875, 27880369//266175, 21419791//266175, 470699//38025, -17097061//266175, 21647992//266175, -33448979//443625, 25306408//443625, -47847929//1330875, 21266269//1330875, -52111//29575, -642854//102375, 20676868//1330875, -2295841//443625, 1197544//88725, -27151//12675, 7961//2275, -320213//88725, 787303//266175, -888029//443625, 155541//147875, -19529//63375, -262151//1330875, 117674//266175, -648587//1330875, 234176//443625, -92551//443625, 1149//4225]
5; 6; 5; 6; 10; 1; 1; 3; 1; 1; [-5992963//443625, 0, 4112294//1330875, 5557036//1330875, 11114072//1330875, -3672538//266175, -30336286//1330875, -6114374//190125, -47894384//1330875, 0, -5557036//266175, 2129698//88725, -22228144//266175, 321557839//1330875, -11114072//88725, 126465736//1330875, -338979196//1330875, -455676952//1330875, 172912066//266175, 1017715756//1330875, 349413416//443625, 644567174//1330875, 44456288//53235, 411220664//266175, -232875572//88725, 727971716//266175, -1001291021//443625, 411220664//266175, -1099397672//1330875, 105583684//443625, 161154044//1330875, -81090628//266175, 556305658//1330875, -3425928//11375, 117967204//443625, -5557036//53235, 11114072//88725, -4291642//38025, 22228144//266175, -3168208//63375, 5557036//266175, 226298//1330875, -5557036//443625, 22228144//1330875, -4214254//266175, 17940448//1330875, -1439878//190125, 5839402//1330875]
5; 6; 5; 6; 12; 1; 1; 2; 1; 1; [1061278//21125, 1475681//21125, -71686//21125, -181//65, 354682//21125, -3006511//21125, -4298487//21125, -17507//1625, -2945431//21125, -341372//845, 20229//4225, -4146//845, -4887797//4225, -75591928//21125, -67271611//21125, 94592//1625, 2352329//4225, 42475678//21125, 90222136//21125, -6134641//1625, -275634539//21125, -56953019//21125, 5653444//845, -15076006//4225, 883892//845, 2411813//4225, -34492699//21125, 32332772//21125, -30900752//21125, 4571719//4225, -11019721//21125, 9048638//21125, -2958724//21125, -16257927//21125, 2278473//21125, 15049//169, 8046//4225, -9218//169, 310287//4225, -1572989//21125, 1118452//21125, -751542//21125, 73891//4225, -24476//21125, -47482//21125, 139926//21125, -34674//1625, 129203//21125]
5; 6; 5; 6; 8; 1; 1; 4; 2; 2; [-5983//63375, 0, -3383//63375, -259//21125, -518//21125, 1756//63375, 6763//63375, 893//4225, 6676//21125, 0, 259//4225, 3251//12675, 1036//4225, 4682//1625, 1554//4225, 47363//63375, 15799//21125, 21238//21125, -79052//21125, -382943//63375, -34683//4225, -566893//63375, -2072//845, -19166//4225, 97871//12675, -33929//4225, 1290962//190125, -19166//4225, 52223//21125, -14763//21125, -7511//21125, 51427//63375, -88684//63375, 7823//12675, -71089//63375, 259//845, -1554//4225, 4204//12675, -1036//4225, 28492//190125, -259//4225, 8//21125, 777//21125, -1036//21125, 73//1625, -2714//63375, 218//12675, -408//21125]
5; 6; 5; 6; 11; 1; 1; 3; 2; 2; [132199//29575, 441737//443625, -269398//443625, -45926//443625, -414026//443625, 35964//29575, -1643723//443625, -465334//88725, -879551//88725, -439112//17745, -100843//29575, -806573//88725, 384491//88725, -10645574//88725, -2360899//147875, -4258974//147875, 47854861//443625, 90336556//443625, 83871//1183, 20565371//147875, 4157463//29575, 2608651//6825, 3794842//17745, -54228169//88725, 21322774//29575, -1465116//2275, 13835319//29575, -125114006//443625, 16777538//147875, 4127393//443625, -28187137//443625, 8997431//88725, -38790601//443625, 7024397//88725, -515701//17745, 562049//17745, -2763896//88725, 731216//29575, -1433741//88725, 33461//4225, -770971//443625, -1018231//443625, 268579//63375, -1884992//443625, 335227//88725, -1091966//443625, 136172//88725, -11884//88725]
5; 6; 5; 6; 4; 1; 2; 3; 1; 1; [9922309//1330875, 0, -6006997//1330875, -2029946//1330875, -4059892//1330875, 10297//2535, 3025312//266175, 9174437//443625, 7776508//266175, 0, 2029946//266175, 862942//53235, 8119784//266175, -252284729//1330875, 4059892//88725, 19384454//443625, 123826706//1330875, 166455572//1330875, -20093993//53235, -151564646//266175, -982395476//1330875, -200064014//266175, -16239568//53235, -150216004//266175, 51101168//53235, -265922926//266175, 1091183383//1330875, -150216004//266175, 406332866//1330875, -38568974//443625, -58868434//1330875, 159617//1521, -980899//5915, 705688//7875, -6557576//53235, 2029946//53235, -4059892//88725, 731977//17745, -8119784//266175, 24188678//1330875, -2029946//266175, 2182//443625, 2029946//443625, -8119784//1330875, 100507//17745, -458884//88725, 3169622//1330875, -185791//88725]
5; 6; 5; 6; 4; 1; 2; 4; 2; 1; [7361//14625, 0, 407//195, -8942//14625, -17884//14625, 40282//14625, 1031//975, -29149//14625, -7636//1125, 0, 8942//2925, -65099//2925, 35768//2925, 421909//14625, 17884//975, -2837//39, 545462//14625, 733244//14625, 146758//14625, 309083//2925, 1085323//4875, 5269133//14625, -71536//585, -661708//2925, 1121701//2925, -1171402//2925, 541798//1625, -661708//2925, 69203//585, -169898//4875, -259318//14625, 55543//1125, -50066//975, 868937//14625, -283691//14625, 8942//585, -17884//975, 5366//325, -35768//2925, 35954//4875, -8942//2925, -44//585, 8942//4875, -35768//14625, 35219//14625, -1046//585, 6814//4875, -4006//14625]
5; 6; 5; 6; 12; 1; 1; 10; 1; 1; [-26973101//40054625, 419002201//520710125, 524075598//520710125, 506186871//520710125, 378496334//520710125, -1840501497//520710125, -14289413//1602185, -6771936128//520710125, -8178797066//520710125, -1666857318//104142025, -782171262//104142025, -549305371//104142025, -1967391886//104142025, -2602424867//520710125, -23844989411//520710125, -6708079293//520710125, 3844107464//520710125, 40073893231//520710125, 119089179227//520710125, 1362649365//4165681, 181311927213//520710125, 173716867641//520710125, 28158165927//104142025, -1261534247//104142025, -14721849091//104142025, 20976514309//104142025, -7947106202//40054625, 80668830607//520710125, -53592722279//520710125, 26500547542//520710125, -3701634032//520710125, -2254126944//520710125, 860595941//20828405, -6445639891//520710125, 20173209253//520710125, -425772682//104142025, 873937642//104142025, -965274309//104142025, 826586901//104142025, -2936186776//520710125, 1637989322//520710125, -598644304//520710125, -138638658//520710125, 574998718//520710125, -564813044//520710125, 6037098//4165681, -301358546//520710125, 427007833//520710125]
5; 6; 5; 6; 8; 1; 1; 7; 1; 1; [-1110656171//520710125, -223114829//520710125, -79123614//104142025, 20520014//520710125, 103558852//104142025, -391109241//520710125, 352789356//104142025, 1778433513//520710125, 3015004072//520710125, 1029269382//104142025, 45488187//20828405, 112736681//8010925, -4453624//663325, 20615243941//520710125, -269058671//520710125, 4754704089//104142025, -32010223159//520710125, -11121613687//104142025, -21044813659//520710125, -7365096534//104142025, -13244598113//520710125, -117318323727//520710125, -2407961553//104142025, 7121293367//20828405, -47804648197//104142025, 45593674882//104142025, -176002453537//520710125, 112552854757//520710125, -10413180013//104142025, 6781985593//520710125, 3388288589//104142025, -32682508272//520710125, 6194428219//104142025, -27381649354//520710125, 12815680819//520710125, -2022225547//104142025, 33140476//1602185, -1806888243//104142025, 1252694583//104142025, -3410805197//520710125, 1108859927//520710125, 95045482//104142025, -1301364787//520710125, 290546954//104142025, -1355758142//520710125, 7600259//4165681, -593833944//520710125, 136394569//520710125]
5; 6; 5; 6; 7; 1; 1; 3; 1; 1; [1598572//1330875, 0, -37708//53235, -390317//1330875, -780634//1330875, 366937//443625, 543577//266175, 4731838//1330875, 6468296//1330875, 0, 390317//266175, 516263//266175, 1561268//266175, -4403733//147875, 780634//88725, 50107//10647, 23809337//1330875, 32005994//1330875, -87799991//1330875, -25503619//266175, -160639603//1330875, -156291101//1330875, -3122536//53235, -28883458//266175, 5457157//29575, -51131527//266175, 23357111//147875, -28883458//266175, 3116261//53235, -7416023//443625, -11319193//1330875, 27252782//1330875, -8322473//266175, 1862437//102375, -474421//21125, 390317//53235, -780634//88725, 2110897//266175, -1561268//266175, 4658564//1330875, -390317//266175, -118//53235, 390317//443625, -1561268//1330875, 1456912//1330875, -29066//29575, 633596//1330875, -72149//190125]
5; 6; 5; 6; 7; 1; 1; 4; 2; 1; [1084//63375, 39826//63375, 2464//38025, -38456//38025, -184718//63375, -961288//190125, -22262//4875, -563//125, -782662//190125, -36//65, -123166//38025, -27394//38025, -43912//7605, 145013//190125, -244228//190125, 1183541//38025, 2194171//38025, 24621719//190125, 29784668//190125, 6716126//63375, 9282613//190125, 4948967//190125, 29122//2535, 3020014//38025, -493946//4225, 292528//2535, -1349402//14625, 11522726//190125, -367649//12675, 361538//38025, 2658472//190125, -1547816//190125, 4030529//190125, -2212751//190125, 229214//21125, -36664//7605, 204761//38025, -177296//38025, 5054//1521, -361366//190125, 14779//21125, 677//4225, -2293//4225, 1386//1625, -619//1125, 115424//190125, -17497//63375, 3439//21125]
5; 6; 5; 6; 3; 1; 2; 8; 1; 1; [-286598084//62485215, 185593841//1562130375, 6017873014//1562130375, 2098763718//520710125, 710716646//1562130375, -11024372111//1562130375, -38042938612//1562130375, -65868037748//1562130375, -19509921058//520710125, -5842376966//312426075, -8883280007//312426075, -337291066//24032775, -8676216917//312426075, 40521693167//312426075, -68954973671//1562130375, -19686850953//520710125, -85671541009//1562130375, 164454627964//1562130375, 811893869401//1562130375, 1799726575717//1562130375, 2244905923018//1562130375, 1356379094974//1562130375, 28372809028//104142025, 48762771471//104142025, -84309550731//104142025, 264426548123//312426075, -72716359731//104142025, 751247372192//1562130375, -136224675519//520710125, 120312665063//1562130375, 23733965614//520710125, -123637528597//1562130375, 88892487367//520710125, -20499968507//520710125, 60016441464//520710125, -3339389818//104142025, 929812204//24032775, -3646493069//104142025, 8113785847//312426075, -1620649124//104142025, 10267303822//1562130375, -134170937//1562130375, -5953929197//1562130375, 8332763792//1562130375, -7237168147//1562130375, 597203227//120163875, -2097725671//1562130375, 1035857529//520710125]
5; 6; 5; 6; 6; 1; 1; 11; 1; 1; [715691224//120163875, 88412674//120163875, -925379474//120163875, -2243993702//120163875, -422598106//24032775, 275967326//120163875, 977824104//40054625, 759950924//24032775, 956642259//40054625, 144170756//8010925, -8931911//8010925, -600062066//24032775, 2566543927//24032775, -776741869//120163875, 13601553016//120163875, 4889905463//40054625, 50661696422//120163875, 9315839434//24032775, -14758034517//40054625, -44705574254//40054625, -24539507893//24032775, -22373705319//40054625, -7690969789//8010925, -11543017543//24032775, 29366334704//24032775, -33888080653//24032775, 150081490513//120163875, -108548118727//120163875, 64672503757//120163875, -7651743588//40054625, -17155874//24032775, 5233928664//40054625, -29322674021//120163875, 1089984503//8010925, -6629222807//40054625, 1075602487//24032775, -501201594//8010925, 485794927//8010925, -381236734//8010925, 3701057783//120163875, -45840218//3081125, 118306324//40054625, 614085581//120163875, -37975573//4806555, 1000730362//120163875, -978414406//120163875, 32554154//8010925, -377320046//120163875]
5; 6; 5; 6; 4; 2; 2; 4; 1; 2; [1286//7605, 16073//12675, 1552//975, 497158//190125, 141227//38025, -39337//190125, -99478//21125, -304352//63375, -57896//7605, -502817//38025, -392059//38025, -366922//38025, -975383//38025, -305609//12675, -309653//7605, -952813//38025, -13661428//190125, -2747036//38025, 6139909//63375, 4355478//21125, 49056791//190125, 14164652//38025, 12772468//38025, -757663//12675, -1441144//12675, 7229897//38025, -2538104//12675, 6193237//38025, -4319839//38025, 831407//14625, -17918//845, -1081039//190125, 6407866//190125, -3079667//190125, 524149//12675, -94093//38025, 96413//12675, -346948//38025, 311063//38025, -231433//38025, 136984//38025, -6491//4225, -14384//190125, 10616//12675, -219509//190125, 259976//190125, -45044//63375, 34838//38025]
5; 6; 5; 6; 6; 1; 1; 5; 1; 1; [2619//1625, 0, 1552//4875, -994//1625, -1988//1625, 2188//975, 12904//4875, 13048//4875, 7856//4875, 0, 994//325, -2992//325, 3976//325, -1988//125, 5964//325, -51644//1625, 60634//1625, 81508//1625, -12332//195, -74668//1625, -62308//4875, 292304//4875, -7952//65, -73556//325, 374644//975, -130214//325, 538748//1625, -73556//325, 586004//4875, -56658//1625, -28826//1625, 44924//975, -94644//1625, 79252//1625, -160988//4875, 994//65, -5964//325, 5372//325, -3976//325, 11928//1625, -994//325, -196//4875, 2982//1625, -3976//1625, 176//75, -9352//4875, 5836//4875, -2588//4875]
5; 6; 5; 6; 5; 1; 1; 11; 1; 1; [892289716//120163875, -172775227//120163875, 787593506//120163875, 986832628//120163875, 406576606//120163875, 613812792//40054625, 3112240792//120163875, 1597837628//40054625, 622305187//40054625, 332258948//24032775, 110106889//1602185, -241540554//8010925, 14388766//616225, -17652986161//120163875, 11981562577//120163875, -39650411041//120163875, -469120612//3081125, -2206262126//120163875, -15911979407//40054625, -24825998074//40054625, -93489989449//120163875, 18454148669//120163875, -20585209417//24032775, -6600001481//4806555, 57734373388//24032775, -60769091671//24032775, 252440361002//120163875, -57883524053//40054625, 92385708367//120163875, -30108388214//120163875, -14243689768//120163875, 34424848222//120163875, -45834415091//120163875, 33313289363//120163875, -26517428983//120163875, 2281674667//24032775, -554238566//4806555, 193409419//1848675, -624130443//8010925, 5651373412//120163875, -184564523//9243375, 4205544//40054625, 439721667//40054625, -1877466683//120163875, 1781494432//120163875, -1498265516//120163875, 848501998//120163875, -437137448//120163875]
5; 6; 5; 6; 3; 2; 2; 4; 1; 1; [4213//190125, 0, -20819//63375, 21094//190125, 42188//190125, -92264//190125, -15019//63375, 14519//63375, 188828//190125, 0, -21094//38025, 139471//38025, -84376//38025, -798203//190125, -42188//12675, 2288417//190125, -1286734//190125, -1729708//190125, 49264//190125, -942371//63375, -6409787//190125, -10808153//190125, 168752//7605, 1560956//38025, -882233//12675, 2763314//38025, -11493994//190125, 1560956//38025, -4091209//190125, 400786//63375, 611726//190125, -1685413//190125, 1808636//190125, -153247//14625, 247567//63375, -21094//7605, 42188//12675, -113936//38025, 84376//38025, -254279//190125, 21094//38025, 802//63375, -21094//63375, 84376//190125, -27581//63375, 62386//190125, -15712//63375, 1204//21125]
5; 6; 5; 6; 4; 2; 1; 11; 1; 1; [3907441396//1562130375, 7564737538//1562130375, 12545008163//1562130375, 3632214553//312426075, 4308740467//520710125, 390528079//520710125, -7567850044//1562130375, -13891031114//1562130375, -2160937817//1562130375, -2948514968//312426075, -2803729759//312426075, -8611446004//312426075, -19991443244//312426075, -277880493226//1562130375, -359834795278//1562130375, -426978981418//1562130375, -26654042461//104142025, -155432653031//1562130375, 240401163898//1562130375, 276858141094//1562130375, 144892492219//1562130375, -352148497133//1562130375, -17834427788//312426075, -1775049428//24032775, 13889786202//104142025, -15275617073//104142025, 58783084209//520710125, -147529262794//1562130375, 52667471741//1562130375, -8332463234//312426075, -5426660521//520710125, 37328070389//1562130375, -36918514//3081125, 34518914767//1562130375, -12161583838//520710125, 546718191//104142025, -2040984386//312426075, 1861930729//312426075, -474005537//104142025, 4063703732//1562130375, -2184688604//1562130375, -262853239//1562130375, 121314326//312426075, -1506192458//1562130375, 1555767359//1562130375, -278831151//520710125, 826107377//1562130375, -649399904//1562130375]
5; 6; 5; 6; 2; 1; 1; 2; 1; 1; [-9069//4225, 0, 3383//2535, 259//845, 518//845, -1756//2535, -6763//2535, -893//169, -6676//845, 0, -259//169, -3251//507, -1036//169, 4106//65, -1554//169, -47363//2535, -15799//845, -21238//845, 79052//845, 382943//2535, 34683//169, 566893//2535, 10360//169, 19166//169, -97871//507, 33929//169, -2073976//12675, 19166//169, -52223//845, 14763//845, 7511//845, -51427//2535, 88684//2535, -7823//507, 71089//2535, -1295//169, 1554//169, -4204//507, 1036//169, -46022//12675, 259//169, -8//845, -777//845, 1036//845, -73//65, 2714//2535, -218//507, 408//845]
5; 6; 5; 6; 9; 1; 1; 9; 1; 1; [-2004781131//520710125, 455638854//520710125, 1220147493//520710125, 26908391//40054625, -951039256//520710125, -6644609193//520710125, -2688083719//520710125, -641234186//520710125, -3702936596//520710125, 1466427762//104142025, -109134072//104142025, -423748402//104142025, -22305287//663325, 23863645801//520710125, -33879900394//520710125, -7470365388//520710125, -56650579408//520710125, -10563049559//520710125, 173228086793//520710125, -33959140481//520710125, -138755892084//520710125, -215060846319//520710125, -37781461173//104142025, 5208019771//8010925, -71810167222//104142025, 59945620666//104142025, -206661715357//520710125, 660677687//3081125, -36458276264//520710125, -18273548864//520710125, 42250336933//520710125, -42198508656//520710125, 42968487577//520710125, -38849840307//520710125, 9524786503//520710125, -3264675727//104142025, 2978684792//104142025, -2229101973//104142025, 1353817104//104142025, -2903583317//520710125, 81009538//520710125, 1539250136//520710125, -2252802304//520710125, 2146323418//520710125, -1556597066//520710125, 1080410647//520710125, -664742812//520710125, -71030087//520710125]
5; 6; 5; 6; 11; 1; 1; 4; 1; 1; [1576922//190125, 0, 581003//190125, -78187//21125, -156374//21125, 881222//63375, 2852222//190125, 2512261//190125, 834224//190125, 0, 78187//4225, -487022//7605, 312748//4225, -4192964//63375, 469122//4225, -41535433//190125, 4769407//21125, 6411334//21125, -63859226//190125, -34454837//190125, 13876709//190125, 105442006//190125, -625496//845, -5785838//4225, 5892893//2535, -10242497//4225, 381652954//190125, -5785838//4225, 138058421//190125, -4456659//21125, -2267423//21125, 53408012//190125, -66168016//190125, 4415389//14625, -12112379//63375, 78187//845, -469122//4225, 152110//1521, -312748//4225, 8449034//190125, -78187//4225, -50509//190125, 234561//21125, -312748//21125, 2707177//190125, -730382//63375, 1401587//190125, -579542//190125]
5; 6; 5; 6; 5; 1; 1; 5; 1; 1; [13592//1625, 0, 8536//4875, -5467//1625, -10934//1625, 12034//975, 70972//4875, 71764//4875, 43208//4875, 0, 5467//325, -16456//325, 21868//325, -10934//125, 32802//325, -284042//1625, 333487//1625, 448294//1625, -67826//195, -410674//1625, -342694//4875, 1607672//4875, -43736//65, -404558//325, 2060542//975, -716177//325, 2963114//1625, -404558//325, 3223022//4875, -311619//1625, -158543//1625, 247082//975, -520542//1625, 435886//1625, -885434//4875, 5467//65, -32802//325, 29546//325, -21868//325, 65604//1625, -5467//325, -1078//4875, 16401//1625, -21868//1625, 968//75, -51436//4875, 32098//4875, -14234//4875]
5; 6; 5; 6; 2; 1; 1; 10; 1; 1; [-667668208//1562130375, 671703187//1562130375, 8195293//120163875, 1354284694//1562130375, -213155948//1562130375, 1041105851//1562130375, 2170463924//1562130375, 380840893//312426075, -2546925788//1562130375, -929902126//312426075, -684201707//104142025, 272659514//312426075, -995488024//104142025, 18484812923//1562130375, -11986976069//520710125, 5145671356//1562130375, -2307982319//1562130375, 39529956493//1562130375, 4760300429//1562130375, -10692346058//520710125, 414968837//104142025, 136615525733//1562130375, 6999499019//312426075, 14329198979//312426075, -24049966646//312426075, 24813206978//312426075, -34017323182//520710125, 22807863303//520710125, -12344832944//520710125, 10826066273//1562130375, 8291589779//1562130375, -15137339528//1562130375, 16029910783//1562130375, -600821042//62485215, 5741620933//520710125, -961525709//312426075, 1141810876//312426075, -1025585089//312426075, 251342269//104142025, -748201062//520710125, 300997213//520710125, 23917268//1562130375, -571251947//1562130375, 810737554//1562130375, -19011762//40054625, 184583121//520710125, -73355768//312426075, 98139383//520710125]
5; 6; 5; 6; 4; 2; 1; 5; 1; 1; [-25279//12675, 0, -32777//12675, -32221//63375, -64442//63375, 66002//63375, 301643//63375, 617749//63375, 314188//21125, 0, 32221//12675, 169639//12675, 128884//12675, 742906//12675, 64442//4225, 167377//4225, 1965481//63375, 2642122//63375, -3603894//21125, -17902403//63375, -24714029//63375, -9171563//21125, -257768//2535, -2384354//12675, 1353413//4225, -4220951//12675, 3534124//12675, -2384354//12675, 17391//169, -612199//21125, -934409//63375, 696143//21125, -1256418//21125, 113831//4875, -1043179//21125, 32221//2535, -64442//4225, 58122//4225, -128884//12675, 15622//2535, -32221//12675, 292//12675, 32221//21125, -128884//63375, 117229//63375, -114274//63375, 42518//63375, -54182//63375]
5; 6; 5; 6; 4; 1; 1; 12; 1; 1; [27439774928//1562130375, 627763376//1562130375, -8863687708//1562130375, 5599711462//520710125, -234617276//62485215, 11500409984//1562130375, -16188110012//520710125, -2031685822//40054625, 31742067612//520710125, -4604611188//104142025, -5892792992//62485215, 4538163706//312426075, 11631028868//312426075, -799066161848//1562130375, 23088478248//520710125, 21851219486//520710125, 458204470234//1562130375, 140256784996//312426075, -1191457256684//1562130375, 718610834922//520710125, 849614677786//520710125, -2536512234116//1562130375, 17800691412//104142025, -23802137258//20828405, 153813255442//104142025, -143890361804//104142025, 1617308945606//1562130375, -1031958282788//1562130375, 158754020938//520710125, -33639030368//1562130375, -33554735024//312426075, 253941705428//1562130375, -70953609644//520710125, 28214038978//120163875, -94207688806//520710125, 19686671584//312426075, -4110853814//62485215, 5665284558//104142025, -11600618648//312426075, 10125741752//520710125, -9245699908//1562130375, -5094486796//1562130375, 12926749712//1562130375, -2754290696//312426075, 11604029758//1562130375, -46447216//9949875, 2499981618//520710125, -4233682888//1562130375]
5; 6; 5; 6; 6; 1; 1; 8; 1; 1; [892289716//120163875, -172775227//120163875, 787593506//120163875, 986832628//120163875, 406576606//120163875, 613812792//40054625, 3112240792//120163875, 1597837628//40054625, 622305187//40054625, 332258948//24032775, 110106889//1602185, -241540554//8010925, 14388766//616225, -17652986161//120163875, 11981562577//120163875, -39650411041//120163875, -469120612//3081125, -2206262126//120163875, -15911979407//40054625, -24825998074//40054625, -93489989449//120163875, 18454148669//120163875, -20585209417//24032775, -6600001481//4806555, 57734373388//24032775, -60769091671//24032775, 252440361002//120163875, -57883524053//40054625, 92385708367//120163875, -30108388214//120163875, -14243689768//120163875, 34424848222//120163875, -45834415091//120163875, 33313289363//120163875, -26517428983//120163875, 2281674667//24032775, -554238566//4806555, 193409419//1848675, -624130443//8010925, 5651373412//120163875, -184564523//9243375, 4205544//40054625, 439721667//40054625, -1877466683//120163875, 1781494432//120163875, -1498265516//120163875, 848501998//120163875, -437137448//120163875]
5; 6; 5; 6; 3; 2; 1; 9; 1; 1; [-750196//12497043, -625565982//520710125, -3306582161//312426075, -777671616//520710125, 2872180039//520710125, 59383219//40054625, 4046300486//520710125, 30391050137//1562130375, 7156067929//312426075, -2697971789//312426075, 4619734499//312426075, 9453813098//104142025, -1867411649//312426075, -27278121542//312426075, 20439290806//1562130375, 30772783681//104142025, -2672800778//40054625, -261760382537//1562130375, -398155512436//1562130375, -967708865378//1562130375, -1424238256687//1562130375, -1334361758//1989975, 207191157031//312426075, 82352020249//312426075, -232860804181//312426075, 276474783466//312426075, -248270848952//312426075, 908534157953//1562130375, -20749649963//62485215, 215613510869//1562130375, -92796029//40054625, -157397929073//1562130375, 144379590691//1562130375, -244258661546//1562130375, 6142014497//104142025, -2802911327//104142025, 4051010727//104142025, -3973111838//104142025, 9483816964//312426075, -2074652551//104142025, 15413026438//1562130375, -584546029//312426075, -4434553711//1562130375, 7720864474//1562130375, -8818980188//1562130375, 6302361341//1562130375, -2055358502//520710125, 72742367//62485215]
5; 6; 5; 6; 3; 1; 2; 4; 1; 2; [137554//570375, -84478//570375, -177361//570375, -121816//570375, -297554//570375, -34226//570375, 20711//43875, 827966//570375, -10136//114075, 154906//114075, 18308//12675, 122303//114075, 568912//114075, -7622314//570375, 6113438//570375, 100237//43875, 1823956//570375, 258637//21125, 78382//43875, -8833606//190125, -119921//1625, -41861//114075, -608813//8775, -2663788//114075, 8304893//114075, -9916648//114075, 44403158//570375, -32827066//570375, 19919183//570375, -8197732//570375, 251552//570375, 4944673//570375, -7946444//570375, 4590892//570375, -1018189//114075, 294214//114075, -144904//38025, 431552//114075, -38278//12675, 1129633//570375, -566546//570375, 10246//43875, 150668//570375, -30802//63375, 306473//570375, -93803//190125, 144947//570375, -4018//22815]
5; 6; 5; 6; 4; 1; 1; 6; 1; 1; [63732//21125, 0, -23118//21125, -50738//63375, -101476//63375, 158468//63375, 101848//21125, 94946//12675, 588304//63375, 0, 50738//12675, -11392//12675, 202952//12675, -4894736//63375, 101476//4225, -139302//21125, 3095018//63375, 4160516//63375, -9210868//63375, -12018034//63375, -920242//4225, -11285624//63375, -405904//2535, -3754612//12675, 6380918//12675, -6646678//12675, 27337792//63375, -3754612//12675, 10071322//63375, -964022//21125, -1471402//63375, 3642356//63375, -1734264//21125, 53354//975, -3476002//63375, 50738//2535, -101476//4225, 91444//4225, -202952//12675, 605792//63375, -50738//12675, -1438//63375, 50738//21125, -202952//63375, 191266//63375, -166132//63375, 5894//4225, -57932//63375]
5; 6; 5; 6; 5; 1; 1; 8; 1; 1; [715691224//120163875, 88412674//120163875, -925379474//120163875, -2243993702//120163875, -422598106//24032775, 275967326//120163875, 977824104//40054625, 759950924//24032775, 956642259//40054625, 144170756//8010925, -8931911//8010925, -600062066//24032775, 2566543927//24032775, -776741869//120163875, 13601553016//120163875, 4889905463//40054625, 50661696422//120163875, 9315839434//24032775, -14758034517//40054625, -44705574254//40054625, -24539507893//24032775, -22373705319//40054625, -7690969789//8010925, -11543017543//24032775, 29366334704//24032775, -33888080653//24032775, 150081490513//120163875, -108548118727//120163875, 64672503757//120163875, -7651743588//40054625, -17155874//24032775, 5233928664//40054625, -29322674021//120163875, 1089984503//8010925, -6629222807//40054625, 1075602487//24032775, -501201594//8010925, 485794927//8010925, -381236734//8010925, 3701057783//120163875, -45840218//3081125, 118306324//40054625, 614085581//120163875, -37975573//4806555, 1000730362//120163875, -978414406//120163875, 32554154//8010925, -377320046//120163875]
5; 6; 5; 6; 9; 1; 1; 3; 2; 2; [-7846136//1330875, 0, 5547407//1330875, 532526//443625, 1065052//443625, -4017536//1330875, -12640822//1330875, -23824651//1330875, -4927592//190125, 0, -532526//88725, -20470//1183, -2130104//88725, 69932147//443625, -1065052//29575, -21586309//443625, -32484086//443625, -43667132//443625, 61328528//190125, 10582099//21125, 882254431//1330875, 926461414//1330875, 4260208//17745, 39406924//88725, -40227731//53235, 69760906//88725, -286087444//443625, 39406924//88725, -320644901//1330875, 10117994//147875, 15443254//443625, -108379702//1330875, 19652874//147875, -759961//11375, 135328997//1330875, -532526//17745, 1065052//29575, -576136//17745, 2130104//88725, -6342379//443625, 532526//88725, -3053//190125, -532526//147875, 2130104//443625, -5903467//1330875, 5477146//1330875, -2401267//1330875, 2312252//1330875]
5; 6; 5; 6; 4; 2; 1; 8; 1; 1; [1893354301//1562130375, 404241157//1562130375, -5217760009//1562130375, -13546560052//1562130375, -6781152428//520710125, -8183386637//520710125, -4225023236//312426075, -2489125352//1562130375, 7500582928//1562130375, 2250025783//312426075, -4627304341//312426075, -2981129992//312426075, -162226928//12497043, -88525980076//1562130375, 21659236103//1562130375, 235780918349//1562130375, 142306087954//520710125, 480656843584//1562130375, 179526833011//1562130375, -43132504561//312426075, -886565632418//1562130375, -1011223573853//1562130375, -124061043407//312426075, 42608744029//312426075, 324828117//8010925, -2851922479//20828405, 6506747703//40054625, -232330153621//1562130375, 184103920112//1562130375, -85336447474//1562130375, 22021082474//520710125, 7636153163//1562130375, -2314967753//104142025, -5240056454//1562130375, -26543447233//520710125, -101425956//104142025, -1498564619//312426075, 2245157542//312426075, -149889982//20828405, 8942744312//1562130375, -5952902051//1562130375, 3234259202//1562130375, -367502834//1562130375, -335558408//1562130375, 1613618918//1562130375, -4722111//4165681, 45715742//120163875, -1812741614//1562130375]
5; 6; 5; 6; 3; 1; 1; 11; 1; 1; [375127099//1562130375, -358731911//1562130375, 8559244504//1562130375, 2957376778//1562130375, -9173933858//1562130375, -6115508509//520710125, -35068473437//1562130375, -148090786//3316625, -32002544023//520710125, -2365399918//62485215, -5549542357//312426075, -15599399552//312426075, 1276056352//62485215, 120362580866//1562130375, 54757004951//1562130375, -83420959998//520710125, 119625325297//1562130375, 768082480558//1562130375, 1324514901062//1562130375, 2042382958087//1562130375, 2755065412426//1562130375, 2200150151224//1562130375, -7978895234//62485215, -34357504039//104142025, 164545398938//312426075, -33770933284//62485215, 696862659148//1562130375, -463960723997//1562130375, 233125459978//1562130375, -62275116299//1562130375, -4474595562//520710125, 166080853001//1562130375, -26383765379//1562130375, 227920837793//1562130375, 26047447607//1562130375, 88653106//4165681, -7792141688//312426075, 2301514094//104142025, -202107787//12497043, 15041834948//1562130375, -5956438897//1562130375, -191792254//520710125, 104838399//40054625, -1551701332//520710125, 474749632//120163875, -717085073//520710125, 4823407858//1562130375, 241817689//520710125]
5; 6; 5; 6; 12; 1; 1; 12; 1; 1; [-1658949943//520710125, 663323019//520710125, -92791809//520710125, 30103568//20828405, 293101626//40054625, -180872009//104142025, -8712029917//520710125, -844732937//40054625, -15548654101//520710125, -643439548//20828405, -897884514//104142025, 1714613389//104142025, -5669429247//104142025, 8303166498//520710125, -58194390069//520710125, 35499632269//520710125, -3676469064//104142025, -48265147898//520710125, 7009789408//20828405, 246239692507//520710125, 209279933456//520710125, 35632548317//40054625, 23320657796//20828405, 20513661546//104142025, -7398648427//8010925, 121116395973//104142025, -560572435526//520710125, 421809950448//520710125, -260459933293//520710125, 23125521546//104142025, -11294296989//520710125, -9416629492//104142025, 92643857126//520710125, -71404126577//520710125, 85707579853//520710125, -129794019//4165681, 5225909014//104142025, -5354181604//104142025, 4377015117//104142025, -14784691396//520710125, 7712648478//520710125, -2130127768//520710125, -306258206//104142025, 3312077716//520710125, -722876404//104142025, 3475956681//520710125, -2157386722//520710125, 1735582993//520710125]
5; 6; 5; 6; 3; 2; 1; 3; 2; 2; [-9887//190125, 0, -3496//29575, 1424//63375, 2848//63375, -150676//1330875, -101//63375, 18712//102375, 118844//266175, 0, -1424//12675, 299231//266175, -5696//12675, 7515094//1330875, -2848//4225, 322492//88725, -86864//63375, -116768//63375, -2778004//1330875, -9902014//1330875, -868546//63375, -5399977//266175, 11392//2535, 105376//12675, -3747544//266175, 186544//12675, -5300956//443625, 105376//12675, -163648//38025, 27056//21125, 41296//63375, -2518297//1330875, 765686//443625, -3238958//1330875, 20948//53235, -1424//2535, 2848//4225, -53812//88725, 5696//12675, -27161//102375, 1424//12675, 191//53235, -1424//21125, 5696//63375, -119732//1330875, 6416//102375, -24881//443625, 1076//266175]
5; 6; 5; 6; 3; 1; 1; 5; 1; 1; [3054//845, 0, 19603//4225, -1773//21125, -3546//21125, 34564//21125, -79507//21125, -9939//845, -456284//21125, 0, 1773//4225, -29727//845, 7092//4225, -169336//4225, 10638//4225, -468239//4225, 108153//21125, 145386//21125, 3836996//21125, 8187527//21125, 2576713//4225, 16658949//21125, -14184//845, -131202//4225, 43253//845, -232263//4225, 184859//4225, -131202//4225, 9859//845, -101061//21125, -51417//21125, 315573//21125, 208076//21125, 11181//325, 651337//21125, 1773//845, -10638//4225, 1892//845, -7092//4225, 4116//4225, -1773//4225, -408//4225, 5319//21125, -7092//21125, 10233//21125, 1546//21125, 2902//4225, 12552//21125]
5; 6; 5; 6; 10; 1; 1; 9; 1; 1; [-276965752//520710125, 612762034//520710125, 874320177//520710125, 793623429//520710125, 611593176//520710125, -1385475037//520710125, -5604079613//520710125, -7344216156//520710125, -5577773952//520710125, -214943002//20828405, -1194173658//104142025, -70183354//8010925, -18111719//663325, -9805361793//520710125, -34195644454//520710125, -12402933172//520710125, -6382614//520710125, 10819102669//520710125, 84138146217//520710125, 172677588493//520710125, 157755330816//520710125, 112081178827//520710125, 5111454239//20828405, 5714263227//104142025, -22898919782//104142025, 28176761202//104142025, -130076649204//520710125, 95792571683//520710125, -60092619536//520710125, 25915225458//520710125, -833480313//520710125, -9405981874//520710125, 26899141109//520710125, -11585855717//520710125, 19957075141//520710125, -31406001//4165681, 94193256//8010925, -1242597353//104142025, 1005690828//104142025, -3383405904//520710125, 1717777678//520710125, -470139656//520710125, -378119142//520710125, 799651042//520710125, -803230824//520710125, 900549589//520710125, -399582332//520710125, 398954901//520710125]
5; 6; 5; 6; 4; 1; 1; 3; 1; 1; [-2557//975, 0, 399884//102375, 1241//14625, 2482//14625, 28334//34125, -57244//14625, -1105264//102375, -388568//20475, 0, -1241//2925, -570712//20475, -4964//2925, 2207299//20475, -2482//975, -8916434//102375, -75701//14625, -101762//14625, 17643358//102375, 3923302//11375, 2571334//4875, 4520792//6825, 9928//585, 91834//2925, -1118422//20475, 162571//2925, -843697//20475, 91834//2925, -304546//14625, 23579//4875, 35989//14625, 34598//34125, 2396974//102375, 1745662//102375, 716122//20475, -1241//585, 2482//975, -47458//20475, 4964//2925, -19001//20475, 1241//2925, -7442//102375, -1241//4875, 4964//14625, -19036//102375, 6316//11375, 28982//102375, 13246//20475]
5; 6; 5; 6; 8; 1; 1; 11; 1; 1; [-1113620323//520710125, -27570754//104142025, 117464127//520710125, 562331748//520710125, 1554383286//520710125, 1098952333//520710125, -1085543826//520710125, -1878447007//520710125, 2498186272//520710125, 329791498//104142025, -716245623//104142025, 23241086//4165681, -6320321//663325, 20505366933//520710125, -1001805044//104142025, 11528205098//520710125, -14899576803//520710125, -74435028311//520710125, -46223205493//520710125, 48653571676//520710125, 61879593172//520710125, -24975511202//520710125, 27307973593//104142025, 19957040007//104142025, -8701108336//20828405, 48633872283//104142025, -209749221681//520710125, 30040175899//104142025, -85462897766//520710125, 31051605111//520710125, 2620199112//520710125, -28817329849//520710125, 35732424233//520710125, -28110099254//520710125, 22209561644//520710125, -1639032678//104142025, 2175364578//104142025, -412207153//20828405, 122350944//8010925, -5016444411//520710125, 93863557//20828405, -322637126//520710125, -917425869//520710125, 1382348482//520710125, -1516626619//520710125, 1247562938//520710125, -759497874//520710125, 403347719//520710125]
5; 6; 5; 6; 4; 1; 1; 4; 2; 1; [-8573//4875, 0, 23681//14625, 1813//4875, 3626//4875, -12292//14625, -47341//14625, -6251//975, -46732//4875, 0, -1813//975, -22757//2925, -7252//975, 19226//375, -3626//325, -331541//14625, -110593//4875, -148666//4875, 553364//4875, 2680601//14625, 80927//325, 3968251//14625, 14504//195, 134162//975, -685097//2925, 237503//975, -2920378//14625, 134162//975, -365561//4875, 34447//1625, 52577//4875, -359989//14625, 620788//14625, -54761//2925, 497623//14625, -1813//195, 3626//325, -29428//2925, 7252//975, -64748//14625, 1813//975, -56//4875, -1813//1625, 7252//4875, -511//375, 18998//14625, -1526//2925, 952//1625]
5; 6; 5; 6; 6; 1; 1; 4; 1; 2; [-4213//190125, 0, 20819//63375, -21094//190125, -42188//190125, 92264//190125, 15019//63375, -14519//63375, -188828//190125, 0, 21094//38025, -139471//38025, 84376//38025, 798203//190125, 42188//12675, -2288417//190125, 1286734//190125, 1729708//190125, -49264//190125, 942371//63375, 6409787//190125, 10808153//190125, -168752//7605, -1560956//38025, 882233//12675, -2763314//38025, 11493994//190125, -1560956//38025, 4091209//190125, -400786//63375, -611726//190125, 1685413//190125, -1808636//190125, 153247//14625, -247567//63375, 21094//7605, -42188//12675, 113936//38025, -84376//38025, 254279//190125, -21094//38025, -802//63375, 21094//63375, -84376//190125, 27581//63375, -62386//190125, 15712//63375, -1204//21125]
5; 6; 5; 6; 4; 1; 2; 9; 1; 1; [-2796804541//1562130375, 8979450452//1562130375, 4305339811//520710125, 930454279//520710125, 414039361//1562130375, -2180401571//1562130375, -9042370101//520710125, -7906713993//520710125, 5815474636//1562130375, -2242644802//312426075, -3408264623//62485215, -52250964//1602185, -2378293432//104142025, 88658452346//1562130375, -253799662877//1562130375, -211513750033//1562130375, -9317513042//1562130375, -89981370826//1562130375, 425379272746//1562130375, 489665438031//520710125, 1048596634099//1562130375, -97421861791//1562130375, 25152423456//104142025, 10925552529//20828405, -54473008073//62485215, 280616266744//312426075, -1151863489667//1562130375, 257852521703//520710125, -141864658638//520710125, 119810681074//1562130375, 23659872199//520710125, -154497570857//1562130375, 263611646339//1562130375, -124485196898//1562130375, 119348798332//1562130375, -3628471276//104142025, 198126631//4806555, -461747465//12497043, 8481753671//312426075, -25206330472//1562130375, 3383823058//520710125, 10850192//120163875, -6474944926//1562130375, 8691977347//1562130375, -2675095859//520710125, 49555457//9949875, -1089750131//520710125, 1896050162//1562130375]
5; 6; 5; 6; 12; 1; 1; 6; 1; 1; [-66524//63375, 46418//21125, 9309//21125, -148813//63375, 251086//63375, -5336//2535, -48432//4225, -121223//12675, -397213//63375, -314224//12675, -79047//4225, 15771//4225, -340649//12675, 38293//4875, -5840884//63375, 2756978//63375, 1276316//21125, -1512867//21125, 608513//4225, 1745422//4225, 1465081//12675, 2665996//21125, 835397//975, -1186931//12675, -4683647//12675, 7156831//12675, -36035998//63375, 28847813//63375, -19253536//63375, 10104914//63375, -902251//21125, -126007//4225, 1165783//12675, -317276//4225, 4718054//63375, -122851//12675, 292426//12675, -334033//12675, 97478//4225, -1056548//63375, 608878//63375, -78002//21125, -8622//21125, 173722//63375, -44249//12675, 47288//12675, -62//25, 36298//21125]
5; 6; 5; 6; 8; 1; 1; 5; 1; 1; [-250082//63375, -109987//21125, -14888//4875, 8378//63375, 34312//63375, -145079//63375, 64876//12675, 184109//12675, 1577209//63375, 3258//169, 69388//4225, 621304//12675, 46939//4225, 6889562//63375, 9927221//63375, 514663//4875, -6889198//63375, -14571922//63375, -3326762//21125, -4668908//12675, -7881373//12675, -50725034//63375, -126798//845, 5277224//12675, -6156256//12675, 5512022//12675, -19855139//63375, 4131266//21125, -1508866//21125, -186298//21125, 191288//4875, -4666108//63375, 118064//2535, -978101//12675, -327022//63375, -54397//2535, 266696//12675, -70168//4225, 45871//4225, -333439//63375, 79208//63375, 104822//63375, -61398//21125, 176954//63375, -12866//4875, 17984//12675, -18728//12675, -8039//21125]
5; 6; 5; 6; 4; 2; 2; 3; 2; 1; [2778817//443625, 0, -656239//147875, -1830482//1330875, -3660964//1330875, 4733282//1330875, 938642//88725, 3730057//190125, 37385392//1330875, 0, 1830482//266175, 4613066//266175, 7321928//266175, -224080316//1330875, 3660964//88725, 21258707//443625, 111659402//1330875, 150099524//1330875, -473252842//1330875, -145060007//266175, -316997383//443625, -985123442//1330875, -14643856//53235, -135455668//266175, 230431781//266175, -239793142//266175, 984120952//1330875, -135455668//266175, 366919003//1330875, -34779158//443625, -53083978//1330875, 125023484//1330875, -13394348//88725, 8045491//102375, -151595911//1330875, 1830482//53235, -3660964//88725, 471494//12675, -7321928//266175, 3116411//190125, -1830482//266175, 15593//1330875, 1830482//443625, -7321928//1330875, 6780019//1330875, -1248542//266175, 133453//63375, -2584046//1330875]
5; 6; 5; 6; 7; 1; 1; 9; 1; 1; [-51142966//20828405, -281148431//520710125, -395376866//520710125, -355295388//520710125, -506433158//520710125, -1696618436//520710125, 2088944724//520710125, 3900350416//520710125, 870647886//520710125, 267413164//20828405, 785193654//104142025, 1203955094//104142025, 680187//663325, 5851284718//104142025, 7457317701//520710125, 17935057576//520710125, -32451147752//520710125, -24123169862//520710125, 26435174946//520710125, -112500859774//520710125, -146132813636//520710125, -113832036686//520710125, -5387442056//20828405, 34083013334//104142025, -31419670316//104142025, 1832450513//8010925, -14441825682//104142025, 33022885368//520710125, -1750955112//520710125, -16898428486//520710125, 21764908619//520710125, -21494829202//520710125, 13058888858//520710125, -18587519898//520710125, 871914112//520710125, -300262159//20828405, 1230037166//104142025, -829028494//104142025, 435743751//104142025, -688272//616225, -418462092//520710125, 73532546//40054625, -1083605166//520710125, 895545724//520710125, -632917892//520710125, 279761838//520710125, -264777738//520710125, -121770068//520710125]
5; 6; 5; 6; 3; 1; 1; 8; 1; 1; [375127099//1562130375, -358731911//1562130375, 8559244504//1562130375, 2957376778//1562130375, -9173933858//1562130375, -6115508509//520710125, -35068473437//1562130375, -148090786//3316625, -32002544023//520710125, -2365399918//62485215, -5549542357//312426075, -15599399552//312426075, 1276056352//62485215, 120362580866//1562130375, 54757004951//1562130375, -83420959998//520710125, 119625325297//1562130375, 768082480558//1562130375, 1324514901062//1562130375, 2042382958087//1562130375, 2755065412426//1562130375, 2200150151224//1562130375, -7978895234//62485215, -34357504039//104142025, 164545398938//312426075, -33770933284//62485215, 696862659148//1562130375, -463960723997//1562130375, 233125459978//1562130375, -62275116299//1562130375, -4474595562//520710125, 166080853001//1562130375, -26383765379//1562130375, 227920837793//1562130375, 26047447607//1562130375, 88653106//4165681, -7792141688//312426075, 2301514094//104142025, -202107787//12497043, 15041834948//1562130375, -5956438897//1562130375, -191792254//520710125, 104838399//40054625, -1551701332//520710125, 474749632//120163875, -717085073//520710125, 4823407858//1562130375, 241817689//520710125]
5; 6; 5; 6; 5; 1; 1; 4; 1; 2; [138806//570375, 0, -126892//570375, -44849//570375, -89698//570375, 40373//190125, 65794//114075, 592718//570375, 831404//570375, 0, 44849//114075, 86732//114075, 179396//114075, -1534951//570375, 89698//38025, 1149907//570375, 2735789//570375, 3677618//570375, -10857539//570375, -1082927//38025, -6976531//190125, -2345756//63375, -358792//22815, -3318826//114075, 5644637//114075, -5875219//114075, 24291307//570375, -3318826//114075, 8971301//570375, -852131//190125, -1300621//570375, 114689//21125, -970699//114075, 15799//3375, -3577207//570375, 44849//22815, -89698//38025, 242573//114075, -179396//114075, 19921//21125, -44849//114075, 31//570375, 44849//190125, -179396//570375, 166748//570375, -674//2535, 70691//570375, -60727//570375]
5; 6; 5; 6; 4; 2; 1; 4; 1; 2; [-209441//190125, -115891//63375, -378347//190125, -123131//63375, 38471//190125, -296704//190125, 10953//21125, 1248886//190125, 1608254//190125, 60991//4225, 119677//12675, 144424//12675, 97223//4225, 5990066//190125, 8386633//190125, 13167322//190125, 5624308//190125, -16256351//190125, -8704646//190125, -2744268//21125, -44193031//190125, -556927//1625, -15671896//38025, 1927157//12675, 1150457//38025, -4874203//38025, 31013678//190125, -9308977//63375, 21946976//190125, -12874766//190125, 5049152//190125, -6679//1625, -437914//21125, 54653//4875, -7038862//190125, -58684//38025, -166516//38025, 265748//38025, -269897//38025, 1108658//190125, -735286//190125, 132887//63375, -100556//190125, -92918//190125, 54409//63375, -211516//190125, 42284//63375, -19233//21125]
5; 6; 5; 6; 9; 1; 1; 4; 1; 1; [-1333013//190125, 0, 282091//190125, 467809//190125, 935618//190125, -1564363//190125, -2496266//190125, -1144651//63375, -3727612//190125, 0, -467809//38025, 42164//2535, -1871236//38025, 25940023//190125, -935618//12675, 12131074//190125, -28536349//190125, -38360338//190125, 70127743//190125, 80181886//190125, 79714768//190125, 14459624//63375, 3742472//7605, 34617866//38025, -11761736//7605, 61282979//38025, -28103154//21125, 34617866//38025, -92482438//190125, 8888371//63375, 13566461//190125, -11417597//63375, 46582873//190125, -291708//1625, 29299256//190125, -467809//7605, 935618//12675, -505781//7605, 1871236//38025, -1867322//63375, 467809//38025, 6784//63375, -467809//63375, 1871236//190125, -592037//63375, 1505588//190125, -855776//190125, 160757//63375]
5; 6; 5; 6; 10; 1; 1; 3; 2; 2; [-2239//29575, 0, -1714246//1330875, -264317//1330875, -528634//1330875, 434527//1330875, 2806526//1330875, 241744//53235, 1355428//190125, 0, 264317//266175, 645824//88725, 1057268//266175, 1626173//266175, 528634//88725, 29163181//1330875, 16123337//1330875, 21673994//1330875, -14857861//190125, -25507673//190125, -223959//1183, -288507376//1330875, -2114536//53235, -19559458//266175, 11110429//88725, -34625527//266175, 639733//5915, -19559458//266175, 53886403//1330875, -5022023//443625, -7665193//1330875, 16438159//1330875, -32355443//1330875, 10163//1365, -9505991//443625, 264317//53235, -528634//88725, 1430813//266175, -1057268//266175, 70769//29575, -264317//266175, 2759//190125, 264317//443625, -1057268//1330875, 948574//1330875, -964478//1330875, 12269//53235, -498143//1330875]
5; 6; 5; 6; 2; 1; 1; 12; 1; 1; [-667668208//1562130375, 671703187//1562130375, 8195293//120163875, 1354284694//1562130375, -213155948//1562130375, 1041105851//1562130375, 2170463924//1562130375, 380840893//312426075, -2546925788//1562130375, -929902126//312426075, -684201707//104142025, 272659514//312426075, -995488024//104142025, 18484812923//1562130375, -11986976069//520710125, 5145671356//1562130375, -2307982319//1562130375, 39529956493//1562130375, 4760300429//1562130375, -10692346058//520710125, 414968837//104142025, 136615525733//1562130375, 6999499019//312426075, 14329198979//312426075, -24049966646//312426075, 24813206978//312426075, -34017323182//520710125, 22807863303//520710125, -12344832944//520710125, 10826066273//1562130375, 8291589779//1562130375, -15137339528//1562130375, 16029910783//1562130375, -600821042//62485215, 5741620933//520710125, -961525709//312426075, 1141810876//312426075, -1025585089//312426075, 251342269//104142025, -748201062//520710125, 300997213//520710125, 23917268//1562130375, -571251947//1562130375, 810737554//1562130375, -19011762//40054625, 184583121//520710125, -73355768//312426075, 98139383//520710125]
5; 6; 5; 6; 12; 1; 1; 3; 1; 1; [1000886//443625, -318902//443625, -838052//443625, -7837//147875, 16816//63375, 3170957//443625, 983963//147875, 3715027//443625, 11769872//443625, 929246//88725, -111448//88725, 685448//88725, 2033098//88725, -7384967//147875, 21671842//443625, 9652612//443625, 17078326//443625, -130369//1625, -60728879//147875, -83792899//443625, -23640024//147875, -74622984//147875, -1270877//12675, -6179321//29575, 2375956//6825, -10626114//29575, 130781447//443625, -88701244//443625, 16037092//147875, -13170272//443625, -9985121//443625, 3813063//147875, -8736024//147875, 5461263//147875, -8093877//147875, 1233419//88725, -1465882//88725, 1314752//88725, -967058//88725, 2873747//443625, -1174664//443625, -1468//34125, 745328//443625, -6074//2625, 799514//443625, -2989//1625, 138498//147875, -418781//443625]
5; 6; 5; 6; 12; 1; 1; 4; 2; 1; [-67//195, 79901//63375, -335449//63375, -682322//63375, -443122//63375, -170954//63375, -110792//63375, 152786//12675, 1207019//63375, -168958//12675, -94717//12675, 222389//4225, 417823//12675, 25879//2535, -3021781//63375, 10832494//63375, 4782334//21125, 2344384//21125, 2005043//21125, -3863336//21125, -864426//845, -58892114//63375, 5807617//12675, 2706068//12675, -2366706//4225, 2773231//4225, -1469846//2535, 26691712//63375, -15308288//63375, 2317152//21125, 767456//63375, -1335806//21125, 5142161//63375, -1659857//12675, 1467503//63375, -86509//4225, 366232//12675, -356107//12675, 281597//12675, -36451//2535, 443617//63375, -6091//4875, -41448//21125, 246581//63375, -82891//21125, 67307//21125, -40264//12675, 28798//63375]
5; 6; 5; 6; 8; 1; 1; 8; 1; 1; [-3006638469//520710125, -1118961873//520710125, -1604412517//520710125, 299906572//104142025, 2344580404//520710125, -348637402//104142025, -646791527//520710125, -2077024516//520710125, 8232595037//520710125, 1750769978//104142025, -1594912557//104142025, 5246542346//104142025, -7874938//663325, 57508618169//520710125, 14016356173//520710125, 86837719192//520710125, -16736974999//104142025, -154530156269//520710125, -8629516837//104142025, 58342638977//520710125, 100567678821//520710125, -354283432357//520710125, 25255417913//104142025, 104324986013//104142025, -158959873174//104142025, 159790963094//104142025, -642014804948//520710125, 429250043359//520710125, -215318268964//520710125, 10191203257//104142025, 44499963203//520710125, -21013013143//104142025, 8887392557//40054625, -91910454267//520710125, 51985963009//520710125, -6500129513//104142025, 7406993052//104142025, -6479764711//104142025, 4676892351//104142025, -13516074028//520710125, 5215997699//520710125, 744510796//520710125, -804340019//104142025, 4949323438//520710125, -2941505//320437, 282144602//40054625, -2170311872//520710125, 720893114//520710125]
5; 6; 5; 6; 4; 1; 2; 3; 2; 2; [26344//443625, 0, -49804//3992625, 9106//266175, 18212//266175, -98992//798525, -610186//3992625, -217948//1330875, -460904//3992625, 0, -9106//53235, 126578//266175, -36424//53235, 328171//443625, -18212//17745, 6603644//3992625, -555466//266175, -746692//266175, 600128//159705, 12084776//3992625, 5686664//3992625, -362038//147875, 72848//10647, 673844//53235, -17162156//798525, 1192886//53235, -24686761//1330875, 673844//53235, -26864228//3992625, 173014//88725, 264074//266175, -75918//29575, 13088228//3992625, -91984//34125, 1076836//570375, -9106//10647, 18212//17745, -738224//798525, 36424//53235, -546536//1330875, 9106//53235, 2854//1330875, -9106//88725, 36424//266175, -3876//29575, 429928//3992625, -264898//3992625, 5792//190125]
5; 6; 5; 6; 3; 2; 1; 4; 1; 1; [-4424//14625, 0, 16636//14625, -952//4875, -1904//4875, 4952//4875, -1244//14625, -27484//14625, -2576//585, 0, 952//975, -30956//2925, 3808//975, 13696//375, 1904//325, -499316//14625, 58072//4875, 78064//4875, 332024//14625, 1083764//14625, 1956364//14625, 570436//2925, -7616//195, -70448//975, 39756//325, -124712//975, 1575512//14625, -70448//975, 545332//14625, -18088//1625, -27608//4875, 243532//14625, -213128//14625, 319052//14625, -836//325, 952//195, -1904//325, 15416//2925, -3808//975, 34792//14625, -952//975, -488//14625, 952//1625, -3808//4875, 884//1125, -872//1625, 7312//14625, -56//2925]
5; 6; 5; 6; 7; 1; 1; 3; 2; 2; [-139088//443625, 4702//266175, 3524//11375, -7064//190125, -713//2925, -1576154//1330875, -268246//266175, -133321//88725, -5320279//1330875, -268649//266175, 5671//12675, -162166//88725, -254824//266175, 3920473//443625, -449258//266175, -856157//147875, -5668357//1330875, 491396//29575, 12155077//190125, 10195751//266175, 1589404//38025, 4467629//63375, -3318124//266175, 5988121//266175, -304183//12675, 1776682//88725, -1996812//147875, 2003198//266175, -1205273//443625, -1608371//1330875, 190823//53235, -193211//443625, 139172//29575, -10783//38025, 853466//190125, -289481//266175, 88198//88725, -22083//29575, 120854//266175, -36064//190125, 404//53235, 43067//443625, -28553//190125, 6004//38025, -78908//1330875, 28493//266175, -271//266175, 12946//190125]
5; 6; 5; 6; 2; 1; 1; 6; 1; 1; [-127918//63375, 0, -565624//190125, 32368//63375, 64736//63375, -168368//63375, 42296//190125, 934456//190125, 87584//7605, 0, -32368//12675, 1052504//38025, -129472//12675, 678986//4875, -64736//4225, 16976744//190125, -1974448//63375, -2654176//63375, -11288816//190125, -36847976//190125, -66516376//190125, -19394824//38025, 258944//2535, 2395232//12675, -1351704//4225, 4240208//12675, -17181731//63375, 2395232//12675, -18541288//190125, 614992//21125, 938672//63375, -8280088//190125, 7246352//190125, -10847768//190125, 28424//4225, -32368//2535, 64736//4225, -524144//38025, 129472//12675, -127197//21125, 32368//12675, 16592//190125, -32368//21125, 129472//63375, -2312//1125, 29648//21125, -248608//190125, 1904//38025]
5; 6; 5; 6; 3; 1; 2; 3; 2; 1; [-3443213//3992625, 0, 466733//798525, 30554//159705, 61108//159705, -2013016//3992625, -1151557//798525, -10550173//3992625, -2139868//570375, 0, -30554//31941, -64139//29575, -122216//31941, 91101928//3992625, -61108//10647, -4716053//798525, -1863794//159705, -2505428//159705, 27437728//570375, 8326927//114075, 126473021//1330875, 388854631//3992625, 1222160//31941, 2260996//31941, -32049751//266175, 4002574//31941, -410776006//3992625, 2260996//31941, -30595259//798525, 580526//53235, 886066//159705, -52417117//3992625, 16666528//798525, -87643//7875, 20750921//1330875, -152770//31941, 61108//10647, -4131632//798525, 122216//31941, -1011694//443625, 30554//31941, -112//114075, -30554//53235, 122216//159705, -2833897//3992625, 519094//798525, -1184366//3992625, 1059308//3992625]
5; 6; 5; 6; 4; 2; 2; 2; 1; 1; [-2884//325, 0, 6766//975, 518//325, 1036//325, -3512//975, -13526//975, -1786//65, -13352//325, 0, -518//65, -6502//195, -2072//65, 6496//25, -3108//65, -94726//975, -31598//325, -42476//325, 158104//325, 765886//975, 69366//65, 1133786//975, 4144//13, 38332//65, -195742//195, 67858//65, -832622//975, 38332//65, -104446//325, 29526//325, 15022//325, -102854//975, 177368//975, -15646//195, 142178//975, -518//13, 3108//65, -8408//195, 2072//65, -18466//975, 518//65, -16//325, -1554//325, 2072//325, -146//25, 5428//975, -436//195, 816//325]
5; 6; 5; 6; 3; 1; 1; 4; 1; 2; [199354//570375, 86948//570375, -7771//63375, 69893//570375, -77738//570375, 25198//43875, -161411//570375, -574204//570375, 31597//114075, -11684//8775, -42323//38025, 10607//22815, -207329//114075, -10779079//570375, -3343498//570375, 266258//190125, 2453497//570375, 915257//63375, -8277329//570375, 19510211//570375, 10464908//190125, 2286814//114075, 305563//114075, -2093434//114075, 542444//22815, -2549809//114075, 78929//4875, -6240859//570375, 2823122//570375, -212479//570375, -797221//570375, 1433428//570375, -941437//570375, 966559//190125, -3748//4563, 115567//114075, -40252//38025, 2221//2535, -22822//38025, 57866//190125, -57749//570375, -29453//570375, 75701//570375, -25802//190125, 67118//570375, -37057//570375, 58132//570375, -482//114075]
5; 6; 5; 6; 4; 2; 2; 10; 1; 1; [4135817//3081125, 123335246//120163875, 135927578//40054625, -24268637//24032775, 128551772//120163875, 89973158//24032775, -108676286//24032775, -12847214//1848675, -456882498//40054625, -234289124//24032775, 42395793//8010925, -269031898//8010925, -36915082//8010925, -3070947338//120163875, -1186570702//40054625, -12549663494//120163875, 1570879681//24032775, 2635099868//120163875, 285853628//8010925, 298092206//1602185, 4990216864//24032775, 22459125548//40054625, 427437412//1848675, -10059834116//24032775, 10670303746//24032775, -8987656706//24032775, 30973445921//120163875, -5722623376//40054625, 1638775906//40054625, 105400333//4806555, -6222497936//120163875, 510171446//8010925, -1126823108//24032775, 1201014778//24032775, 54172584//40054625, 486349184//24032775, -444707884//24032775, 332794184//24032775, -67875818//8010925, 438465481//120163875, -7650096//40054625, -239299832//120163875, 66961717//24032775, -24569752//9243375, 51713374//24032775, -29430506//24032775, 20709844//24032775, 40257122//120163875]
5; 6; 5; 6; 3; 2; 2; 3; 1; 2; [356987//798525, 26419//443625, -877952//3992625, 5329//570375, -172474//1330875, -376861//3992625, -847193//1330875, -2630753//3992625, -263981//798525, -363856//159705, -22289//53235, 136301//266175, 117323//159705, -1420324//114075, -1123961//3992625, 2074304//1330875, 11778119//1330875, 27305119//1330875, 19759216//3992625, 54266309//3992625, 849089//147875, 4567228//798525, 809849//53235, -2619758//53235, 47316508//798525, -1219003//22815, 2400506//61425, -95306158//3992625, 40283876//3992625, 505837//1330875, -19403689//3992625, 32952943//3992625, -9504596//1330875, 25321199//3992625, -116821//31941, 82555//31941, -411254//159705, 549424//266175, -3347//2457, 5159//7605, -651008//3992625, -691909//3992625, 1373251//3992625, -197882//570375, 1252138//3992625, -819278//3992625, 55696//443625, -28939//798525]
5; 6; 5; 6; 2; 1; 1; 3; 1; 1; [-297253//3992625, 0, -167309//3992625, -56453//3992625, -112906//3992625, 150263//3992625, 84179//798525, 766091//3992625, 1082528//3992625, 0, 56453//798525, 40123//266175, 225812//798525, 7450448//3992625, 112906//266175, 1623164//3992625, 3443633//3992625, 4629146//3992625, -13980803//3992625, -324566//61425, -9118072//1330875, -27862103//3992625, -451624//159705, -4177522//798525, 789506//88725, -7395343//798525, 31000969//3992625, -4177522//798525, 11300252//3992625, -1072607//1330875, -1637137//3992625, 3883556//3992625, -1227731//798525, 1105024//1330875, -72398//63375, 56453//159705, -112906//266175, 305341//798525, -225812//798525, 25372//147875, -56453//798525, 187//3992625, 56453//1330875, -225812//3992625, 209621//3992625, -38288//798525, 88117//3992625, -11077//570375]
5; 6; 5; 6; 3; 2; 2; 4; 2; 2; [13511//190125, 0, -221293//190125, 10402//63375, 20804//63375, -173744//190125, 49079//190125, 134867//63375, 891292//190125, 0, -10402//12675, 44063//4225, -41608//12675, -4562141//190125, -20804//4225, 6371213//190125, -634522//63375, -852964//63375, -5264296//190125, -15228589//190125, -26635351//190125, -12624779//63375, 83216//2535, 769748//12675, -3906863//38025, 1362662//12675, -17157043//190125, 769748//12675, -5917061//190125, 197638//21125, 301658//63375, -911671//63375, 2175308//190125, -95497//4875, 106969//190125, -10402//2535, 20804//4225, -168392//38025, 41608//12675, -379063//190125, 10402//12675, 2038//63375, -10402//21125, 41608//63375, -14107//21125, 82858//190125, -84388//190125, -892//63375]
5; 6; 5; 6; 2; 1; 1; 4; 2; 1; [-234986//190125, 0, -169036//190125, -12934//63375, -25868//63375, 29222//63375, 67564//38025, 669176//190125, 1000616//190125, 0, 12934//12675, 162488//38025, 51736//12675, 7426816//190125, 25868//4225, 2367406//190125, 788974//63375, 1060588//63375, -11847146//190125, -1275446//12675, -8664262//63375, -3147304//21125, -103472//2535, -957116//12675, 4887578//38025, -1694354//12675, 21413018//190125, -957116//12675, 7823858//190125, -245746//21125, -375086//63375, 285338//21125, -885826//38025, 150214//14625, -3550798//190125, 12934//2535, -25868//4225, 209942//38025, -51736//12675, 472838//190125, -12934//12675, 1198//190125, 12934//21125, -51736//63375, 142172//190125, -3012//4225, 54422//190125, -61138//190125]
5; 6; 5; 6; 10; 1; 1; 4; 1; 1; [1378844//190125, 0, 88058//12675, -791084//190125, -1582168//190125, 210998//12675, 868976//63375, 1062158//190125, -744056//63375, 0, 791084//38025, -413668//4225, 3164336//38025, 3440596//190125, 1582168//12675, -2486444//7605, 48256124//190125, 64868888//190125, -2942846//12675, 18487732//190125, 104455592//190125, 231906628//190125, -6328672//7605, -58540216//38025, 99327088//38025, -103632004//38025, 47761482//21125, -58540216//38025, 10300364//12675, -15030596//63375, -22941436//190125, 12258574//38025, -71794214//190125, 1757824//4875, -35712896//190125, 791084//7605, -1582168//12675, 4274222//38025, -3164336//38025, 3171146//63375, -791084//38025, -13996//38025, 791084//63375, -3164336//190125, 613402//38025, -804808//63375, 550532//63375, -554626//190125]
5; 6; 5; 6; 8; 1; 1; 4; 1; 2; [-65467//63375, -174637//190125, -16331//12675, -124012//63375, -185719//190125, 280057//190125, 65363//63375, -601//1625, 791302//190125, 56971//7605, 228593//38025, 155884//12675, 2993//325, 5815096//190125, 485269//63375, 488324//12675, 11649566//190125, -226361//190125, -16525897//190125, -1743531//21125, -2775392//21125, -36997732//190125, 86833//7605, 4878073//38025, -773857//4225, 762649//4225, -2067019//14625, 5920597//63375, -561164//12675, 2369143//190125, 840299//63375, -5322821//190125, 461572//21125, -1737428//63375, 1150654//190125, -11588//1521, 320257//38025, -2346//325, 195119//38025, -545932//190125, 15272//14625, 706//2535, -169262//190125, 73634//63375, -216226//190125, 46036//63375, -37928//63375, 2818//63375]
5; 6; 5; 6; 11; 1; 1; 3; 1; 2; [1000886//443625, -318902//443625, -838052//443625, -7837//147875, 16816//63375, 3170957//443625, 983963//147875, 3715027//443625, 11769872//443625, 929246//88725, -111448//88725, 685448//88725, 2033098//88725, -7384967//147875, 21671842//443625, 9652612//443625, 17078326//443625, -130369//1625, -60728879//147875, -83792899//443625, -23640024//147875, -74622984//147875, -1270877//12675, -6179321//29575, 2375956//6825, -10626114//29575, 130781447//443625, -88701244//443625, 16037092//147875, -13170272//443625, -9985121//443625, 3813063//147875, -8736024//147875, 5461263//147875, -8093877//147875, 1233419//88725, -1465882//88725, 1314752//88725, -967058//88725, 2873747//443625, -1174664//443625, -1468//34125, 745328//443625, -6074//2625, 799514//443625, -2989//1625, 138498//147875, -418781//443625]
5; 6; 5; 6; 11; 1; 1; 4; 2; 2; [-7583//63375, -14329//4225, -15781//21125, 157486//21125, -3548//21125, 4501//12675, 628//845, 433861//63375, 970811//63375, -110554//4225, 122636//12675, 631354//12675, -686032//12675, -821074//21125, 1404419//12675, 649513//63375, -12945983//63375, -2106527//21125, -1509568//12675, 175271//975, -19349411//63375, -27570451//63375, 12885103//12675, -2028044//12675, -4646236//12675, 7623883//12675, -39544166//63375, 6540403//12675, -21919861//63375, 11005511//63375, -3594373//63375, -19936//507, 1082918//12675, -6412313//63375, 3571822//63375, -108658//12675, 307144//12675, -361744//12675, 322837//12675, -1189741//63375, 142339//12675, -287086//63375, -22504//63375, 177472//63375, -50611//12675, 49012//12675, -199243//63375, 92797//63375]
5; 6; 5; 6; 4; 1; 2; 4; 1; 1; [191782//63375, 0, -74404//38025, -136382//190125, -272764//190125, 124106//63375, 197588//38025, 1765864//190125, 2462488//190125, 0, 136382//38025, 243304//38025, 545528//38025, -15134576//190125, 272764//12675, 635194//38025, 8319302//190125, 11183324//190125, -32443558//190125, -1071326//4225, -6866926//21125, -6871992//21125, -1091056//7605, -10092268//38025, 17164054//38025, -17866042//38025, 73393802//190125, -10092268//38025, 5453222//38025, -2591258//63375, -3955078//190125, 1049174//21125, -588214//7605, 630986//14625, -10771394//190125, 136382//7605, -272764//12675, 737626//38025, -545528//38025, 1626682//190125, -136382//38025, -38//38025, 136382//63375, -545528//190125, 507556//190125, -30676//12675, 216538//190125, -182654//190125]
5; 6; 5; 6; 3; 2; 2; 7; 1; 1; [494356981//120163875, -16201246//120163875, -35051046//8010925, -60580083//40054625, 3431066//24032775, 204499953//40054625, 156084434//120163875, 598465769//120163875, 577052284//120163875, -366282446//24032775, 2748660//320437, 33805113//1602185, 2936119//153075, -14094125701//120163875, 3535552796//120163875, 1594727341//24032775, 9465330994//120163875, 30886679//320437, -18500826139//120163875, -6534079208//40054625, -10918656278//40054625, 11998183291//120163875, 379772953//1848675, -493776961//961311, 2850970459//4806555, -12515011267//24032775, 44843002982//120163875, -26428940857//120163875, 718240589//8010925, 1449602012//120163875, -1387067582//24032775, 8899612598//120163875, -10042153187//120163875, 5538759658//120163875, -3867244297//120163875, 629825056//24032775, -24364042//961311, 95658281//4806555, -102528516//8010925, 733072492//120163875, -134679377//120163875, -47031944//24032775, 10850628//3081125, -28295938//8010925, 114877246//40054625, -87903784//40054625, 104729618//120163875, -10053489//40054625]
5; 6; 5; 6; 6; 1; 1; 3; 2; 1; [215623//1330875, 0, 153128//1330875, -144338//1330875, -288676//1330875, 8763//21125, 554546//1330875, 141898//443625, 9908//1330875, 0, 144338//266175, -549592//266175, 577352//266175, 406417//1330875, 288676//88725, -3102041//443625, 8804618//1330875, 11835716//1330875, -11692529//1330875, -4157311//1330875, 7364881//1330875, 27392912//1330875, -1154704//53235, -10681012//266175, 18128563//266175, -18908278//266175, 78420031//1330875, -10681012//266175, 28282931//1330875, -2742422//443625, -4185802//1330875, 1574059//190125, -4480111//443625, 921421//102375, -7192169//1330875, 144338//53235, -288676//88725, 86663//29575, -577352//266175, 1735661//1330875, -144338//266175, -3673//443625, 144338//443625, -577352//1330875, 61832//147875, -49662//147875, 291353//1330875, -12661//147875]
5; 6; 5; 6; 11; 1; 1; 7; 1; 1; [-3596397681//520710125, -1506872001//520710125, -1662631962//520710125, 306276073//520710125, 1400297644//520710125, -1837195429//520710125, 5576990754//520710125, 8248163158//520710125, 11383491217//520710125, 3615798972//104142025, 341001153//104142025, 1045788318//20828405, 135713//26533, 86713869836//520710125, 36157543441//520710125, 83941691102//520710125, -101300883473//520710125, -178225114384//520710125, -72813897226//520710125, -219849643864//520710125, -18062606591//40054625, -461898927667//520710125, -16875179688//104142025, 115369387448//104142025, -29924048186//20828405, 2162667388//1602185, -534186361622//520710125, 338785655998//520710125, -11586531078//40054625, 13499776391//520710125, 56554759808//520710125, -103298943248//520710125, 91002672158//520710125, -92396122614//520710125, 33658511139//520710125, -6393605912//104142025, 6674196292//104142025, -220943108//4165681, 756134097//20828405, -10051156402//520710125, 3077504123//520710125, 1732232816//520710125, -319631873//40054625, 4518266768//520710125, -4167441918//520710125, 2785433733//520710125, -1934535804//520710125, 279707529//520710125]
5; 6; 5; 6; 7; 1; 1; 4; 1; 1; [428849//190125, 0, -133891//63375, -14968//38025, -29936//38025, 147223//190125, 47966//12675, 1490303//190125, 2289068//190125, 0, 14968//7605, 425044//38025, 59872//7605, -13228724//190125, 29936//2535, 2106136//63375, 913048//38025, 1227376//38025, -25982363//190125, -1735316//7605, -20066686//63375, -67476928//190125, -119744//1521, -1107632//7605, 9431914//38025, -1960808//7605, 13350736//63375, -1107632//7605, 15169844//190125, -284392//12675, -434072//38025, 4811251//190125, -589087//12675, 254642//14625, -7430654//190125, 14968//1521, -29936//2535, 135007//12675, -59872//7605, 296146//63375, -14968//7605, 3814//190125, 14968//12675, -59872//38025, 271541//190125, -53392//38025, 32122//63375, -128899//190125]
5; 6; 5; 6; 3; 1; 2; 2; 1; 1; [-9581681//63375, 0, -1627167//21125, 4560217//63375, 9120434//63375, -17454929//63375, -5827178//21125, -4444911//21125, -21284//12675, 0, -4560217//12675, 17428324//12675, -18240868//12675, 52600771//63375, -9120434//4225, 295029236//63375, -278173237//63375, -373937794//63375, 367617709//63375, 42539528//21125, -238481702//63375, -174570976//12675, 36481736//2535, 337456058//12675, -190920062//4225, 597388427//12675, -2474615287//63375, 337456058//12675, -893510632//63375, 86644123//21125, 132246293//63375, -348204613//63375, 424468847//63375, -29131642//4875, 15126194//4225, -4560217//2535, 9120434//4225, -24642299//12675, 18240868//12675, -54778937//63375, 4560217//12675, 116526//21125, -4560217//21125, 18240868//63375, -5861101//21125, 14117992//63375, -3069962//21125, 239579//4225]
5; 6; 5; 6; 4; 1; 1; 9; 1; 1; [21462953168//1562130375, -777564316//520710125, -29047927114//1562130375, -16733936672//1562130375, -4554203258//520710125, -20920312748//1562130375, 14105271798//520710125, 85726980796//1562130375, -36452603456//1562130375, -18042152218//312426075, 23179516744//312426075, 10078220036//104142025, 28974278092//312426075, -187664514156//520710125, 260002503508//1562130375, 152785269838//520710125, 100042238684//520710125, 89270435818//120163875, 257428726116//520710125, -189906562498//120163875, -1131186363842//520710125, 112295341736//1562130375, -51788727158//312426075, -478462224616//312426075, 695037675818//312426075, -680881412528//312426075, 2684225931406//1562130375, -1760194514656//1562130375, 901230369262//1562130375, -176717984744//1562130375, -195109207498//1562130375, 37578868468//120163875, -1265619242//3316625, 253505701502//1562130375, -277699232722//1562130375, 28712277538//312426075, -31828161844//312426075, 9149830544//104142025, -19459745612//312426075, 54813696716//1562130375, -19783067636//1562130375, -4012502918//1562130375, 17973909656//1562130375, -20986765348//1562130375, 20808996674//1562130375, -17250605792//1562130375, 2122789244//520710125, -1315415284//520710125]
5; 6; 5; 6; 5; 1; 1; 3; 2; 1; [-276704//1330875, 0, 436747//266175, -345766//1330875, -691532//1330875, 205287//147875, -302977//1330875, -3775193//1330875, -1720448//266175, 0, 345766//266175, -3998143//266175, 1383064//266175, 40862494//1330875, 691532//88725, -12876128//266175, 21091726//1330875, 28352812//1330875, 47223157//1330875, 145748782//1330875, 259429748//1330875, 74822357//266175, -2766128//53235, -25586684//266175, 4811798//29575, -45295346//266175, 21073908//147875, -25586684//266175, 13168648//266175, -6569554//443625, -10027214//1330875, 29801276//1330875, -25143679//1330875, 3049948//102375, -10314//4225, 345766//53235, -691532//88725, 1866133//266175, -1383064//266175, 4191812//1330875, -345766//266175, -2497//53235, 345766//443625, -1383064//1330875, 1397281//1330875, -312568//443625, 904529//1330875, -53//7605]
5; 6; 5; 6; 3; 1; 2; 10; 1; 1; [-3857200834//520710125, -669979691//520710125, 1563545956//1562130375, -1193667324//520710125, 3154988468//1562130375, -1950987908//312426075, 847392107//1562130375, 132775811//120163875, -1950529177//62485215, 860915424//104142025, 6892050826//312426075, 600293393//104142025, -27761597//24032775, 346121434817//1562130375, 39005277923//1562130375, 34384246249//1562130375, -167832763888//1562130375, -215567915633//1562130375, 10589817679//24032775, -21781417784//520710125, -27010815856//520710125, 44067911842//62485215, 10374684209//104142025, 50356696222//104142025, -226704082861//312426075, 226512108439//312426075, -298144019548//520710125, 604447597934//1562130375, -304586348893//1562130375, 66406400966//1562130375, 65525382916//1562130375, -1785512654//24032775, 157230799699//1562130375, -140014613494//1562130375, 5829765533//62485215, -9292697242//312426075, 10523823514//312426075, -705151813//24032775, 2196464247//104142025, -18713532839//1562130375, 7225973524//1562130375, 368986464//520710125, -447095258//120163875, 7041053206//1562130375, -81680161//20828405, 5046728654//1562130375, -3236861209//1562130375, 94645852//62485215]
5; 6; 5; 6; 4; 2; 1; 3; 2; 1; [-169568//190125, 0, 750038//1330875, -96506//190125, -193012//190125, 288166//147875, 2932//1521, 634786//443625, -111976//1330875, 0, 96506//38025, -2621488//266175, 386024//38025, -73079//1330875, 193012//12675, -14776016//443625, 5886866//190125, 7913492//190125, -53343614//1330875, -3319832//266175, 5558356//190125, 133870376//1330875, -772048//7605, -7141444//38025, 84845092//266175, -12642286//38025, 366937678//1330875, -7141444//38025, 18905048//190125, -1833614//63375, -2798674//190125, 51632278//1330875, -4185014//88725, 4327972//102375, -33404492//1330875, 96506//7605, -193012//12675, 405602//29575, -386024//38025, 8121518//1330875, -96506//38025, -17428//443625, 96506//63375, -386024//190125, 289522//147875, -46432//29575, 1367396//1330875, -58718//147875]
5; 6; 5; 6; 4; 1; 1; 3; 2; 2; [-56374//17745, -223102//443625, 47608//34125, -7262//34125, 16313//88725, -30887//29575, 1191013//443625, 451538//147875, 557086//147875, 238949//12675, 55118//12675, -38996//17745, -20338//5915, 8154193//88725, 3041032//443625, -3456889//443625, -31691684//443625, -911557//6825, -1285133//88725, -30985793//443625, -20314639//443625, -77198683//443625, -19150237//88725, 11719352//29575, -7502003//17745, 6302987//17745, -7172449//29575, 20049882//147875, -6572789//147875, -9193442//443625, 3884053//88725, -754168//12675, 7304347//147875, -18054437//443625, 318516//21125, -1700873//88725, 1560334//88725, -46883//3549, 143362//17745, -101856//29575, 28257//147875, 263561//147875, -391294//147875, 215354//88725, -60051//29575, 558736//443625, -307982//443625, -3379//443625]
5; 6; 5; 6; 12; 1; 1; 9; 1; 1; [-2478459671//520710125, 790298741//520710125, 231746104//104142025, 2021155779//520710125, 1698483424//104142025, 7797611059//520710125, -5768910442//520710125, -8773602303//520710125, 783929282//520710125, -1046946676//104142025, -532798818//20828405, 1082471209//104142025, -4214352//51025, 23650441291//520710125, -83934764421//520710125, 6177297397//104142025, -32852322574//520710125, -62276969277//104142025, -162342212069//520710125, 214127801072//520710125, 242595702733//520710125, 373241716933//520710125, 184666717739//104142025, 8815515341//20828405, -168421714141//104142025, 207257292748//104142025, -72892986149//40054625, 707114886567//520710125, -86448978561//104142025, 14325417946//40054625, -890746868//20828405, -105071112832//520710125, 149757492741//520710125, -126222601796//520710125, 125604361059//520710125, -5808287674//104142025, 360036256//4165681, -699623033//8010925, 7361515257//104142025, -24594712297//520710125, 12621915747//520710125, -651816898//104142025, -2849275782//520710125, 1109727246//104142025, -6553446282//520710125, 5689806891//520710125, -3693933916//520710125, 2523793269//520710125]
5; 6; 5; 6; 6; 1; 1; 2; 1; 1; [-32074//975, 0, 282812//975, -16184//325, -32368//325, 84184//325, -21148//975, -467228//975, -43792//39, 0, 16184//65, -526252//195, 64736//65, 140402//25, 97104//65, -8488372//975, 987224//325, 1327088//325, 5644408//975, 18423988//975, 33258188//975, 9697412//195, -129472//13, -1197616//65, 2027556//65, -2120104//65, 26620411//975, -1197616//65, 9270644//975, -922488//325, -469336//325, 4140044//975, -3623176//975, 5423884//975, -42636//65, 16184//13, -97104//65, 262072//195, -64736//65, 588383//975, -16184//65, -8296//975, 48552//325, -64736//325, 15028//75, -44472//325, 124304//975, -952//195]
5; 6; 5; 6; 6; 1; 1; 10; 1; 1; [50885983//8010925, -81661462//40054625, -10020028//40054625, -746089168//120163875, -1841916026//120163875, 22970618//1848675, 94054457//9243375, 576343843//24032775, 5333150347//120163875, -46959596//1602185, -4545144//1602185, -53364718//8010925, 217335566//8010925, -352706639//8010925, 7164594052//40054625, -3274525157//40054625, 26625245483//120163875, 6731375102//40054625, -4475218053//8010925, -479890157//40054625, -18934900723//24032775, -88041676792//120163875, 995434369//1602185, -1856054099//1602185, 9951819632//8010925, -8387263129//8010925, 269198774//369735, -15793131639//40054625, 5191388639//40054625, 7099958309//120163875, -16547074862//120163875, 3544304753//24032775, -6226674261//40054625, 48356784//616225, -4061831282//40054625, 90174821//1602185, -248974478//4806555, 312656933//8010925, -191921331//8010925, 19421312//1848675, -20948234//40054625, -210541676//40054625, 933015919//120163875, -881376667//120163875, 43908911//8010925, -470987453//120163875, 2365942//1848675, -127665916//120163875]
5; 6; 5; 6; 4; 2; 2; 12; 1; 1; [4135817//3081125, 123335246//120163875, 135927578//40054625, -24268637//24032775, 128551772//120163875, 89973158//24032775, -108676286//24032775, -12847214//1848675, -456882498//40054625, -234289124//24032775, 42395793//8010925, -269031898//8010925, -36915082//8010925, -3070947338//120163875, -1186570702//40054625, -12549663494//120163875, 1570879681//24032775, 2635099868//120163875, 285853628//8010925, 298092206//1602185, 4990216864//24032775, 22459125548//40054625, 427437412//1848675, -10059834116//24032775, 10670303746//24032775, -8987656706//24032775, 30973445921//120163875, -5722623376//40054625, 1638775906//40054625, 105400333//4806555, -6222497936//120163875, 510171446//8010925, -1126823108//24032775, 1201014778//24032775, 54172584//40054625, 486349184//24032775, -444707884//24032775, 332794184//24032775, -67875818//8010925, 438465481//120163875, -7650096//40054625, -239299832//120163875, 66961717//24032775, -24569752//9243375, 51713374//24032775, -29430506//24032775, 20709844//24032775, 40257122//120163875]
5; 6; 5; 6; 3; 1; 1; 3; 2; 1; [-204004//1330875, 0, 205676//3992625, -2302//53235, -4604//53235, 666868//3992625, 643112//3992625, 449788//3992625, -95024//3992625, 0, 2302//10647, -76736//88725, 9208//10647, 957328//443625, 4604//3549, -11653016//3992625, 140422//53235, 188764//53235, -13053988//3992625, -3043592//3992625, 3935104//1330875, 36588464//3992625, -92080//10647, -170348//10647, 7227712//266175, -301562//10647, 10463254//443625, -170348//10647, 33806152//3992625, -43738//17745, -66758//53235, 13222036//3992625, -15989276//3992625, 28528//7875, -401408//190125, 11510//10647, -4604//3549, 932924//798525, -9208//10647, 694322//1330875, -2302//10647, -13648//3992625, 2302//17745, -9208//53235, 666436//3992625, -532976//3992625, 351056//3992625, -19004//570375]
5; 6; 5; 6; 5; 1; 1; 2; 1; 1; [-32074//975, 0, 282812//975, -16184//325, -32368//325, 84184//325, -21148//975, -467228//975, -43792//39, 0, 16184//65, -526252//195, 64736//65, 140402//25, 97104//65, -8488372//975, 987224//325, 1327088//325, 5644408//975, 18423988//975, 33258188//975, 9697412//195, -129472//13, -1197616//65, 2027556//65, -2120104//65, 26620411//975, -1197616//65, 9270644//975, -922488//325, -469336//325, 4140044//975, -3623176//975, 5423884//975, -42636//65, 16184//13, -97104//65, 262072//195, -64736//65, 588383//975, -16184//65, -8296//975, 48552//325, -64736//325, 15028//75, -44472//325, 124304//975, -952//195]
5; 6; 5; 6; 9; 1; 1; 3; 1; 2; [786388//190125, 0, -466146//147875, -138319//190125, -276638//190125, 731371//443625, 80089//12675, 16638256//1330875, 8286976//443625, 0, 138319//38025, 446791//29575, 553276//38025, -160547011//1330875, 276638//12675, 58549019//1330875, 8437459//190125, 11342158//190125, -98228551//443625, -95090783//266175, -92226533//190125, -702967453//1330875, -1106552//7605, -10235606//38025, 121959629//266175, -18119789//38025, 57627253//147875, -10235606//38025, 9295477//63375, -2628061//63375, -4011251//190125, 64123756//1330875, -22086611//266175, 1252943//34125, -88429099//1330875, 138319//7605, -276638//12675, 5238691//266175, -553276//38025, 3834379//443625, -138319//38025, 29402//1330875, 138319//63375, -553276//190125, 3548446//1330875, -75122//29575, 453524//443625, -1522289//1330875]
5; 6; 5; 6; 4; 2; 1; 2; 1; 1; [415351//21125, 0, -803207//63375, -287939//63375, -575878//63375, 260309//21125, 420353//12675, 3775117//63375, 5283352//63375, 0, 287939//12675, 539911//12675, 1151756//12675, -32418083//63375, 575878//4225, 7117022//63375, 17564279//63375, 23610998//63375, -69232987//63375, -6887112//4225, -44282154//21125, -44531739//21125, -2303512//2535, -21307486//12675, 36239116//12675, -37720009//12675, 154932971//63375, -21307486//12675, 57584746//63375, -5470841//21125, -8350231//63375, 6634158//21125, -6223187//12675, 1323938//4875, -22878056//63375, 287939//2535, -575878//4225, 1557349//12675, -1151756//12675, 3433966//63375, -287939//12675, -49//63375, 287939//21125, -1151756//63375, 1070959//63375, -64852//4225, 455149//63375, -388211//63375]
5; 6; 5; 6; 9; 1; 1; 4; 2; 2; [34403//14625, 0, 21013//14625, -6181//4875, -12362//4875, 71312//14625, 70039//14625, 51151//14625, -5092//14625, 0, 6181//975, -1613//65, 24724//975, -4562//375, 12362//325, -408871//4875, 377041//4875, 506842//4875, -1446632//14625, -139733//4875, 1124579//14625, 3746807//14625, -49448//195, -457394//975, 465779//585, -809711//975, 10064086//14625, -457394//975, 3632021//14625, -117439//1625, -179249//4875, 1418059//14625, -573824//4875, 171883//1625, -913649//14625, 6181//195, -12362//325, 1336//39, -24724//975, 222776//14625, -6181//975, -1444//14625, 6181//1625, -24724//4875, 5503//1125, -57322//14625, 37582//14625, -14444//14625]
5; 6; 5; 6; 5; 1; 1; 10; 1; 1; [69345156//8010925, 243743432//120163875, 51533023//24032775, 473844191//120163875, 917803894//120163875, 2149780939//120163875, 1679755771//120163875, -11925146//40054625, 1799030293//120163875, 3240536//73947, 44012372//8010925, -517931306//8010925, 598871277//8010925, -4214789776//24032775, -80828958//3081125, -3972029647//24032775, 4732709703//40054625, 2057288757//40054625, -79461246914//120163875, -45950364101//120163875, 86791844143//120163875, 38759901142//120163875, -1504479142//961311, -18340120124//24032775, 15735112564//8010925, -54736429829//24032775, 48272501308//24032775, -58854156412//40054625, 20541679397//24032775, -40397270353//120163875, -1017036504//40054625, 24841232738//120163875, -39538439648//120163875, 13095266478//40054625, -25459890784//120163875, 69070025//961311, -2422016966//24032775, 2350838888//24032775, -616476397//8010925, 1193874194//24032775, -973438762//40054625, 21870572//4806555, 308548039//40054625, -1587264587//120163875, 535669806//40054625, -1434121093//120163875, 1033148314//120163875, -485191469//120163875]
5; 6; 5; 6; 4; 2; 1; 10; 1; 1; [-373851519//520710125, -1393488172//520710125, -4701255862//520710125, -78527763//104142025, 2036656577//520710125, -5574992882//520710125, 280354332//104142025, 35132779//3316625, 677978824//24032775, 4606671644//104142025, -3487091363//312426075, 4470016547//104142025, 21664691648//312426075, -28362796298//1562130375, 104263556351//1562130375, 141773753187//520710125, -4527786022//104142025, -77230791397//520710125, -39104511523//520710125, -7872463086//20828405, -240591197329//1562130375, -133006173774//104142025, -148695109196//104142025, 279711419282//312426075, -42526168943//104142025, 15983151308//312426075, 89006198967//520710125, -410389390037//1562130375, 146122379921//520710125, -68481860698//312426075, 5540443728//40054625, -3128843973//40054625, 669241793//312426075, 5067052461//520710125, -738651544//8010925, -2797666884//104142025, 841834246//104142025, 463449648//104142025, -3359475958//312426075, 19362598096//1562130375, -16951239202//1562130375, 4234969431//520710125, -1450776628//312426075, 867027294//520710125, 202717588//1562130375, -13067721//8010925, 816376051//520710125, -279667992//104142025]
5; 6; 5; 6; 12; 1; 1; 3; 2; 2; [1050268//443625, -8189//29575, -198362//147875, -367446//147875, -682412//147875, -26604//147875, 5838776//443625, 1405919//63375, 2231077//147875, 180902//12675, 75512//4225, 6857//88725, 2269511//88725, -21145318//443625, 4112821//88725, -598747//63375, 2181696//147875, 41339731//443625, -5089321//34125, -88031967//147875, -107883136//147875, -223450711//443625, -56949071//88725, -664058//4225, 52515397//88725, -64484659//88725, 22599662//34125, -1757932//3549, 134254873//443625, -19249432//147875, 4190783//443625, 3929023//63375, -55548908//443625, 9326137//147875, -14626151//147875, 1815211//88725, -933624//29575, 2827303//88725, -2286301//88725, 362746//21125, -782648//88725, 1006108//443625, 296648//147875, -1775602//443625, 645997//147875, -1936163//443625, 933971//443625, -874348//443625]
5; 6; 5; 6; 8; 1; 1; 3; 2; 1; [-874457//1330875, -178327//1330875, 231916//1330875, -5209//88725, 130861//443625, 17282//102375, 1194457//1330875, 1279162//1330875, 797794//1330875, 847333//266175, 37891//38025, 14047//29575, -54703//88725, 24881417//1330875, 2655077//1330875, 2315219//1330875, -30958//2275, -44334863//1330875, -3983572//443625, -703483//34125, -14112962//1330875, -4688893//443625, -2593307//266175, 19407452//266175, -402009//4225, 23811841//266175, -90254909//1330875, 19172372//443625, -3759649//190125, 488303//266175, 2939327//443625, -5809451//443625, 2265127//190125, -2073653//190125, 2882521//443625, -119877//29575, 376741//88725, -937883//266175, 642679//266175, -1706444//1330875, 176192//443625, 276382//1330875, -140221//266175, 752326//1330875, -78487//147875, 68827//190125, -307556//1330875, 103738//1330875]
5; 6; 5; 6; 4; 2; 2; 6; 1; 1; [1624//4875, 0, 4159//4875, -238//1625, -476//1625, 1238//1625, -311//4875, -6871//4875, -644//195, 0, 238//325, -7739//975, 952//325, -2426//125, 1428//325, -124829//4875, 14518//1625, 19516//1625, 83006//4875, 270941//4875, 489091//4875, 142609//975, -1904//65, -17612//325, 29817//325, -31178//325, 383543//4875, -17612//325, 136333//4875, -13566//1625, -6902//1625, 60883//4875, -53282//4875, 79763//4875, -627//325, 238//65, -1428//325, 3854//975, -952//325, 8503//4875, -238//325, -122//4875, 714//1625, -952//1625, 221//375, -654//1625, 1828//4875, -14//975]
5; 6; 5; 6; 9; 1; 1; 7; 1; 1; [-51142966//20828405, -281148431//520710125, -395376866//520710125, -355295388//520710125, -506433158//520710125, -1696618436//520710125, 2088944724//520710125, 3900350416//520710125, 870647886//520710125, 267413164//20828405, 785193654//104142025, 1203955094//104142025, 680187//663325, 5851284718//104142025, 7457317701//520710125, 17935057576//520710125, -32451147752//520710125, -24123169862//520710125, 26435174946//520710125, -112500859774//520710125, -146132813636//520710125, -113832036686//520710125, -5387442056//20828405, 34083013334//104142025, -31419670316//104142025, 1832450513//8010925, -14441825682//104142025, 33022885368//520710125, -1750955112//520710125, -16898428486//520710125, 21764908619//520710125, -21494829202//520710125, 13058888858//520710125, -18587519898//520710125, 871914112//520710125, -300262159//20828405, 1230037166//104142025, -829028494//104142025, 435743751//104142025, -688272//616225, -418462092//520710125, 73532546//40054625, -1083605166//520710125, 895545724//520710125, -632917892//520710125, 279761838//520710125, -264777738//520710125, -121770068//520710125]
5; 6; 5; 6; 3; 2; 1; 3; 1; 2; [915269//3992625, -37133//1330875, -39568//190125, 66067//798525, 85408//798525, 2875804//3992625, 41168//61425, 3949031//3992625, 482836//159705, 716992//798525, -551686//798525, 54658//38025, 166601//266175, -24928184//3992625, 5968819//3992625, 17923648//3992625, 1095802//798525, -8247506//798525, -19846616//443625, -20102993//798525, -15474908//570375, -16546252//266175, -131258//798525, -3059911//798525, 4350088//798525, -198442//38025, 5134361//1330875, -3487046//1330875, 2024648//1330875, -7682//38025, -692572//798525, -10396//7875, -1507126//798525, -2420273//3992625, -41177//12675, 25664//114075, -196684//798525, 168752//798525, -117973//798525, 11534//147875, -12437//443625, -2258//570375, 926//31941, -34196//798525, -29087//3992625, -5089//114075, -36653//3992625, -6752//114075]
5; 6; 5; 6; 3; 2; 1; 4; 2; 2; [-55013//570375, 0, 3959//114075, -36688//570375, -73376//570375, 44933//190125, 158131//570375, 158683//570375, 93328//570375, 0, 36688//114075, -111467//114075, 146752//114075, -935567//570375, 73376//38025, -384476//114075, 2237968//570375, 3008416//570375, -289543//43875, -898642//190125, -224456//190125, 1238399//190125, -293504//22815, -2714912//114075, 4609258//114075, -4806128//114075, 19885799//570375, -2714912//114075, 1441796//114075, -697072//190125, -1063952//570375, 921616//190125, -3490543//570375, 2929376//570375, -1975274//570375, 36688//22815, -73376//38025, 198277//114075, -146752//114075, 146758//190125, -36688//114075, -97//22815, 36688//190125, -146752//570375, 140773//570375, -38336//190125, 71881//570375, -31739//570375]
5; 6; 5; 6; 3; 2; 2; 11; 1; 1; [501923867//120163875, 38376607//40054625, -18130927//120163875, -19145963//9243375, -418029446//120163875, -43616513//40054625, 1075024144//120163875, 745580203//40054625, 101417668//8010925, 31383824//4806555, 100882136//8010925, -348584194//24032775, 2009174//153075, -1137527749//9243375, 131235349//120163875, -6476072558//120163875, 8553416254//120163875, 3961481217//40054625, -4318660887//40054625, -64667159234//120163875, -90251743984//120163875, -2269705117//4806555, -2064010207//4806555, -11090166787//24032775, 1642971572//1848675, -23138856817//24032775, 97591749469//120163875, -68850834773//120163875, 38005111706//120163875, -12666695488//120163875, -3622250977//120163875, 12756355912//120163875, -6330577039//40054625, 10406382128//120163875, -2663887493//24032775, 165182003//4806555, -1045538258//24032775, 968483129//24032775, -244697821//8010925, 2259562199//120163875, -1014428668//120163875, 80035486//120163875, 477948112//120163875, -230433694//40054625, 52853164//9243375, -204920744//40054625, 292323058//120163875, -47048881//24032775]
5; 6; 5; 6; 2; 1; 1; 9; 1; 1; [-425580283//520710125, -837644047//1562130375, -6979694//9243375, -663269137//1562130375, -454556996//520710125, 825630869//1562130375, 103606109//1562130375, 3181952203//1562130375, 9697137967//1562130375, 650031628//312426075, 352235803//104142025, 1562099216//312426075, 21236357//1989975, 16024285338//520710125, 42769623607//1562130375, 22207117496//1562130375, -2929967011//520710125, 33867430018//1562130375, -113578265434//1562130375, -122136034919//1562130375, -225964740073//1562130375, -91609613694//520710125, -35665836062//312426075, 1905752898//104142025, 12947145956//312426075, -6991206952//104142025, 37022190344//520710125, -87526141064//1562130375, 1581350032//40054625, -10820347283//520710125, 3570614328//520710125, 255457461//520710125, -19045262332//1562130375, 388249687//120163875, -25775001626//1562130375, 99320804//104142025, -846015524//312426075, 1001514574//312426075, -296830403//104142025, 85202748//40054625, -1914635299//1562130375, 271805436//520710125, 22616051//1562130375, -475184636//1562130375, 583711643//1562130375, -251404594//520710125, 311791556//1562130375, -556680781//1562130375]
5; 6; 5; 6; 4; 1; 1; 4; 1; 1; [50612//190125, 0, 10147//21125, 2468//190125, 4936//190125, 3542//38025, -31277//63375, -5671//4225, -446164//190125, 0, -2468//38025, -129251//38025, -9872//38025, -2746402//190125, -4936//12675, -2016973//190125, -150548//190125, -202376//190125, 817946//38025, 2707247//63375, 2475071//38025, 15481789//190125, 19744//7605, 182632//38025, -105407//12675, 323308//38025, -162779//21125, 182632//38025, -582259//190125, 46892//63375, 71572//190125, -2453//38025, 594458//190125, 5563//2925, 281929//63375, -2468//7605, 4936//12675, -13454//38025, 9872//38025, -10672//63375, 2468//38025, -186//21125, -2468//63375, 9872//190125, -413//12675, 14518//190125, 76//2535, 5194//63375]
5; 6; 5; 6; 11; 1; 1; 11; 1; 1; [-3006638469//520710125, -1118961873//520710125, -1604412517//520710125, 299906572//104142025, 2344580404//520710125, -348637402//104142025, -646791527//520710125, -2077024516//520710125, 8232595037//520710125, 1750769978//104142025, -1594912557//104142025, 5246542346//104142025, -7874938//663325, 57508618169//520710125, 14016356173//520710125, 86837719192//520710125, -16736974999//104142025, -154530156269//520710125, -8629516837//104142025, 58342638977//520710125, 100567678821//520710125, -354283432357//520710125, 25255417913//104142025, 104324986013//104142025, -158959873174//104142025, 159790963094//104142025, -642014804948//520710125, 429250043359//520710125, -215318268964//520710125, 10191203257//104142025, 44499963203//520710125, -21013013143//104142025, 8887392557//40054625, -91910454267//520710125, 51985963009//520710125, -6500129513//104142025, 7406993052//104142025, -6479764711//104142025, 4676892351//104142025, -13516074028//520710125, 5215997699//520710125, 744510796//520710125, -804340019//104142025, 4949323438//520710125, -2941505//320437, 282144602//40054625, -2170311872//520710125, 720893114//520710125]
5; 6; 5; 6; 3; 2; 1; 7; 1; 1; [-750196//12497043, -625565982//520710125, -3306582161//312426075, -777671616//520710125, 2872180039//520710125, 59383219//40054625, 4046300486//520710125, 30391050137//1562130375, 7156067929//312426075, -2697971789//312426075, 4619734499//312426075, 9453813098//104142025, -1867411649//312426075, -27278121542//312426075, 20439290806//1562130375, 30772783681//104142025, -2672800778//40054625, -261760382537//1562130375, -398155512436//1562130375, -967708865378//1562130375, -1424238256687//1562130375, -1334361758//1989975, 207191157031//312426075, 82352020249//312426075, -232860804181//312426075, 276474783466//312426075, -248270848952//312426075, 908534157953//1562130375, -20749649963//62485215, 215613510869//1562130375, -92796029//40054625, -157397929073//1562130375, 144379590691//1562130375, -244258661546//1562130375, 6142014497//104142025, -2802911327//104142025, 4051010727//104142025, -3973111838//104142025, 9483816964//312426075, -2074652551//104142025, 15413026438//1562130375, -584546029//312426075, -4434553711//1562130375, 7720864474//1562130375, -8818980188//1562130375, 6302361341//1562130375, -2055358502//520710125, 72742367//62485215]
5; 6; 5; 6; 3; 2; 2; 5; 1; 1; [4712//1625, 0, 11143//14625, -4711//4875, -9422//4875, 17648//4875, 57757//14625, 10369//2925, 19252//14625, 0, 4711//975, -48131//2925, 18844//975, -38672//375, 9422//325, -822023//14625, 287371//4875, 386302//4875, -1304344//14625, -737077//14625, 41741//2925, 2028413//14625, -37688//195, -348614//975, 197261//325, -617141//975, 845379//1625, -348614//975, 2773351//14625, -89509//1625, -136619//4875, 1071673//14625, -1330976//14625, 229933//2925, -81539//1625, 4711//195, -9422//325, 76376//2925, -18844//975, 56207//4875, -4711//975, -1004//14625, 4711//1625, -18844//4875, 4181//1125, -4894//1625, 5618//2925, -11716//14625]
5; 6; 5; 6; 3; 1; 2; 12; 1; 1; [-3857200834//520710125, -669979691//520710125, 1563545956//1562130375, -1193667324//520710125, 3154988468//1562130375, -1950987908//312426075, 847392107//1562130375, 132775811//120163875, -1950529177//62485215, 860915424//104142025, 6892050826//312426075, 600293393//104142025, -27761597//24032775, 346121434817//1562130375, 39005277923//1562130375, 34384246249//1562130375, -167832763888//1562130375, -215567915633//1562130375, 10589817679//24032775, -21781417784//520710125, -27010815856//520710125, 44067911842//62485215, 10374684209//104142025, 50356696222//104142025, -226704082861//312426075, 226512108439//312426075, -298144019548//520710125, 604447597934//1562130375, -304586348893//1562130375, 66406400966//1562130375, 65525382916//1562130375, -1785512654//24032775, 157230799699//1562130375, -140014613494//1562130375, 5829765533//62485215, -9292697242//312426075, 10523823514//312426075, -705151813//24032775, 2196464247//104142025, -18713532839//1562130375, 7225973524//1562130375, 368986464//520710125, -447095258//120163875, 7041053206//1562130375, -81680161//20828405, 5046728654//1562130375, -3236861209//1562130375, 94645852//62485215]
5; 6; 5; 6; 11; 1; 1; 5; 1; 1; [-36307//12675, 42481//63375, -204388//63375, 25289//63375, 118972//63375, -13672//12675, 44013//21125, 62172//21125, 158774//21125, 188558//12675, -53857//4225, 300226//12675, 276389//12675, 194708//2535, -774721//63375, 7981763//63375, -1804713//21125, -6182432//63375, -1148852//12675, -12051199//63375, -11867161//63375, -8934074//21125, -410992//12675, 8717714//12675, -3941978//4225, 11342324//12675, -8771171//12675, 28109812//63375, -13020896//63375, 1944613//63375, 4458464//63375, -539601//4225, 7551578//63375, -7202498//63375, 84966//1625, -498923//12675, 533956//12675, -149862//4225, 104357//4225, -171187//12675, 94054//21125, 38198//21125, -318107//63375, 366274//63375, -4499//845, 78151//21125, -51996//21125, 36964//63375]
5; 6; 5; 6; 4; 2; 2; 3; 1; 1; [954679//1330875, 0, -300982//190125, 385096//1330875, 770192//1330875, -654587//443625, 45368//1330875, 1115404//443625, 8036516//1330875, 0, -385096//266175, 794578//53235, -1540384//266175, -44083514//1330875, -770192//88725, 7129961//147875, -23490856//1330875, -31577872//1330875, -39126179//1330875, -134452663//1330875, -245655227//1330875, -51634498//190125, 3080768//53235, 28497104//266175, -1930181//10647, 50447576//266175, -211173992//1330875, 28497104//266175, -73675033//1330875, 7316824//443625, 11167784//1330875, -32581727//1330875, 9755587//443625, -463721//14625, 6121327//1330875, -385096//53235, 770192//88725, -138589//17745, 1540384//266175, -4667392//1330875, 385096//266175, 21029//443625, -385096//443625, 1540384//1330875, -171638//147875, 50866//63375, -970441//1330875, 6393//147875]
5; 6; 5; 6; 4; 2; 2; 4; 2; 1; [428849//190125, 0, -133891//63375, -14968//38025, -29936//38025, 147223//190125, 47966//12675, 1490303//190125, 2289068//190125, 0, 14968//7605, 425044//38025, 59872//7605, -13228724//190125, 29936//2535, 2106136//63375, 913048//38025, 1227376//38025, -25982363//190125, -1735316//7605, -20066686//63375, -67476928//190125, -119744//1521, -1107632//7605, 9431914//38025, -1960808//7605, 13350736//63375, -1107632//7605, 15169844//190125, -284392//12675, -434072//38025, 4811251//190125, -589087//12675, 254642//14625, -7430654//190125, 14968//1521, -29936//2535, 135007//12675, -59872//7605, 296146//63375, -14968//7605, 3814//190125, 14968//12675, -59872//38025, 271541//190125, -53392//38025, 32122//63375, -128899//190125]
5; 6; 5; 6; 3; 1; 1; 2; 1; 1; [-13572376//63375, 0, 15379658//63375, 1698497//63375, 3396994//63375, -1531286//63375, -4390664//12675, -16784354//21125, -81688136//63375, 0, -1698497//12675, -6296916//4225, -6793988//12675, 469843046//63375, -3396994//4225, -288488368//63375, -103608317//63375, -139276754//63375, 849038366//63375, 304274752//12675, 2199788012//63375, 864962612//21125, 13587976//2535, 125688778//12675, -214484468//12675, 222503107//12675, -300433399//21125, 125688778//12675, -350844824//63375, 32271443//21125, 49256413//63375, -32485094//21125, 8994338//2535, -958036//1625, 216832588//63375, -1698497//2535, 3396994//4225, -9199922//12675, 6793988//12675, -6672969//21125, 1698497//12675, -70048//21125, -1698497//21125, 6793988//63375, -1980454//21125, 1303424//12675, -1474744//63375, 1278106//21125]
5; 6; 5; 6; 3; 1; 1; 10; 1; 1; [-9908767001//1562130375, -199567079//104142025, 2366885644//1562130375, -9988150478//1562130375, 637079618//1562130375, 2065906456//312426075, 310294865//12497043, 16346378562//520710125, -890864852//62485215, 3492965884//104142025, 16369870856//312426075, -910585726//104142025, 9522036484//312426075, 141452018677//520710125, 27052429213//312426075, -49034507699//1562130375, -141187132402//1562130375, -375261495248//1562130375, 2575953812//312426075, -227436428797//312426075, -323408906512//520710125, 83621212432//104142025, -38780929286//104142025, 460731338//1989975, -31433092213//312426075, 2220260344//312426075, 32576486796//520710125, -21561420203//312426075, 109973168243//1562130375, -31864295352//520710125, 41403273751//1562130375, -379935704//20828405, -9039365627//312426075, -920549117//40054625, 8386812796//312426075, -2096322067//312426075, 191669098//104142025, 443431763//312426075, -311604983//104142025, 5597588858//1562130375, -2705779//961311, 1055752761//520710125, -648050152//520710125, 26308792//120163875, 30509924//312426075, -23898341//24032775, -107781968//1562130375, 27246168//104142025]
5; 6; 5; 6; 3; 1; 2; 6; 1; 1; [-143843//63375, 0, 22881//21125, 73388//63375, 146776//63375, -238361//63375, -137834//21125, -201023//21125, -700564//63375, 0, -73388//12675, 12644//2535, -293552//12675, 6365938//63375, -146776//4225, 1338092//63375, -4476668//63375, -6017816//63375, 12011221//63375, 4889584//21125, 15750994//63375, 10946224//63375, 587104//2535, 5430712//12675, -123030//169, 9613828//12675, -39574636//63375, 5430712//12675, -14533984//63375, 1394372//21125, 2128252//63375, -5327677//63375, 7402391//63375, -400546//4875, 1594674//21125, -73388//2535, 146776//4225, -79351//2535, 293552//12675, -292287//21125, 73388//12675, 902//21125, -73388//21125, 293552//63375, -92589//21125, 237976//63375, -43826//21125, 26399//21125]
5; 6; 5; 6; 10; 1; 1; 3; 1; 2; [153031//88725, 0, -1525981//1330875, -1494482//1330875, -2988964//1330875, 4817011//1330875, 8535686//1330875, 12619147//1330875, 594988//53235, 0, 1494482//266175, -366112//88725, 5977928//266175, -1938736//266175, 2988964//88725, -24281384//1330875, 91163402//1330875, 122547524//1330875, -249904231//1330875, -309697436//1330875, -112602094//443625, -1957316//10647, -11955856//53235, -110591668//266175, 62638118//88725, -195777142//266175, 2575646//4225, -110591668//266175, 296107108//1330875, -28395158//443625, -43339978//1330875, 108253867//1330875, -151241213//1330875, 2699126//34125, -1312114//17745, 1494482//53235, -2988964//88725, 8079761//266175, -5977928//266175, 399081//29575, -1494482//266175, -52582//1330875, 1494482//443625, -5977928//1330875, 5651977//1330875, -4855568//1330875, 2662874//1330875, -13051//10647]
5; 6; 5; 6; 2; 1; 1; 3; 2; 2; [12442//1330875, 0, -365072//443625, 25023//147875, 50046//147875, -369617//443625, -10709//147875, 1595614//1330875, 269992//88725, 0, -25023//29575, 707107//88725, -100092//29575, -18574832//1330875, -150138//29575, 34355621//1330875, -1526403//147875, -2051886//147875, -5737643//443625, -66896989//1330875, -125443169//1330875, -37625927//266175, 200184//5915, 1851702//29575, -28228489//266175, 3278013//29575, -123169051//1330875, 1851702//29575, -14409739//443625, 1426311//147875, 725667//147875, -18797222//1330875, 17646653//1330875, -611603//34125, 132373//38025, -25023//5915, 150138//29575, -1215881//266175, 100092//29575, -2723356//1330875, 25023//29575, 34178//1330875, -75069//147875, 100092//147875, -898532//1330875, 70522//147875, -61328//147875, 1529//38025]
5; 6; 5; 6; 10; 1; 1; 4; 2; 2; [-1442//975, 0, 3383//2925, 259//975, 518//975, -1756//2925, -6763//2925, -893//195, -6676//975, 0, -259//195, -3251//585, -1036//195, 3248//75, -518//65, -47363//2925, -15799//975, -21238//975, 79052//975, 382943//2925, 11561//65, 566893//2925, 2072//39, 19166//195, -97871//585, 33929//195, -416311//2925, 19166//195, -52223//975, 4921//325, 7511//975, -51427//2925, 88684//2925, -7823//585, 71089//2925, -259//39, 518//65, -4204//585, 1036//195, -9233//2925, 259//195, -8//975, -259//325, 1036//975, -73//75, 2714//2925, -218//585, 136//325]
5; 6; 5; 6; 3; 2; 2; 8; 1; 1; [501923867//120163875, 38376607//40054625, -18130927//120163875, -19145963//9243375, -418029446//120163875, -43616513//40054625, 1075024144//120163875, 745580203//40054625, 101417668//8010925, 31383824//4806555, 100882136//8010925, -348584194//24032775, 2009174//153075, -1137527749//9243375, 131235349//120163875, -6476072558//120163875, 8553416254//120163875, 3961481217//40054625, -4318660887//40054625, -64667159234//120163875, -90251743984//120163875, -2269705117//4806555, -2064010207//4806555, -11090166787//24032775, 1642971572//1848675, -23138856817//24032775, 97591749469//120163875, -68850834773//120163875, 38005111706//120163875, -12666695488//120163875, -3622250977//120163875, 12756355912//120163875, -6330577039//40054625, 10406382128//120163875, -2663887493//24032775, 165182003//4806555, -1045538258//24032775, 968483129//24032775, -244697821//8010925, 2259562199//120163875, -1014428668//120163875, 80035486//120163875, 477948112//120163875, -230433694//40054625, 52853164//9243375, -204920744//40054625, 292323058//120163875, -47048881//24032775]
5; 6; 5; 6; 12; 1; 1; 4; 1; 1; [-12599//21125, -178547//63375, -378844//63375, -426409//63375, -731942//63375, -571996//63375, 180221//63375, 132172//12675, 344226//21125, 544//2535, -20921//4225, 131281//12675, -94756//4225, 758452//63375, 7738417//63375, 3721018//21125, 475208//4875, 9481//125, -11632274//63375, -10092752//21125, -1798681//2535, -3541886//4875, 319633//2535, 2079377//12675, -3805684//12675, 1352214//4225, -5692573//21125, 12233246//63375, -6013138//63375, 2408342//63375, 352337//21125, -2923027//63375, 1461272//63375, -913594//12675, -75388//21125, -29782//2535, 184648//12675, -56402//4225, 126988//12675, -388744//63375, 58822//21125, 437//63375, -80728//63375, 128546//63375, -132257//63375, 23779//21125, -20393//12675, -46//375]
5; 6; 5; 6; 8; 1; 1; 2; 1; 1; [-337381//21125, -643763//21125, -4080539//21125, 455737//21125, 4034408//21125, 160571//1625, 373817//21125, 472098//4225, 663604//1625, -1406376//4225, -391254//4225, 7627274//4225, -1253758//4225, -26873939//21125, 1814323//21125, 127265904//21125, -26654842//21125, -117720203//21125, -126155983//21125, -93057217//21125, -30831172//4225, -174286097//21125, 98844789//4225, 27958891//4225, -7371882//325, 116894452//4225, -531780897//21125, 395288089//21125, -233448948//21125, 100588174//21125, -7399034//21125, -4766938//1625, 5760753//1625, -16773343//4225, 52636289//21125, -3361024//4225, 5091384//4225, -5093889//4225, 4105653//4225, -13650777//21125, 6950759//21125, -1601408//21125, -1689626//21125, 3200866//21125, -3712064//21125, 2994879//21125, -91852//845, 1063369//21125]
5; 6; 5; 6; 4; 1; 2; 3; 1; 2; [-697048//443625, 10644//21125, 11716//5915, -54373//443625, 20544//147875, -1922423//443625, -178439//29575, -769523//88725, -10487954//443625, -974306//88725, 157886//88725, -994751//88725, -267452//17745, 18560413//443625, -14747884//443625, -2902451//88725, -2548219//147875, 29867638//443625, 143806813//443625, 19091882//88725, 20000696//88725, 245157784//443625, 1012828//6825, 1028623//12675, -5892767//29575, 4036468//17745, -29377067//147875, 63773848//443625, -7647401//88725, 14275154//443625, 139309//21125, -4154551//443625, 3637531//88725, -564556//29575, 1003347//21125, -216743//29575, 897409//88725, -123767//12675, 135292//17745, -2163116//443625, 1037648//443625, -13438//29575, -354446//443625, 617164//443625, -494516//443625, 39532//29575, -17613//29575, 18907//21125]
5; 6; 5; 6; 11; 1; 1; 8; 1; 1; [-1113620323//520710125, -27570754//104142025, 117464127//520710125, 562331748//520710125, 1554383286//520710125, 1098952333//520710125, -1085543826//520710125, -1878447007//520710125, 2498186272//520710125, 329791498//104142025, -716245623//104142025, 23241086//4165681, -6320321//663325, 20505366933//520710125, -1001805044//104142025, 11528205098//520710125, -14899576803//520710125, -74435028311//520710125, -46223205493//520710125, 48653571676//520710125, 61879593172//520710125, -24975511202//520710125, 27307973593//104142025, 19957040007//104142025, -8701108336//20828405, 48633872283//104142025, -209749221681//520710125, 30040175899//104142025, -85462897766//520710125, 31051605111//520710125, 2620199112//520710125, -28817329849//520710125, 35732424233//520710125, -28110099254//520710125, 22209561644//520710125, -1639032678//104142025, 2175364578//104142025, -412207153//20828405, 122350944//8010925, -5016444411//520710125, 93863557//20828405, -322637126//520710125, -917425869//520710125, 1382348482//520710125, -1516626619//520710125, 1247562938//520710125, -759497874//520710125, 403347719//520710125]
5; 6; 5; 6; 4; 1; 2; 4; 2; 2; [-55013//570375, 0, 3959//114075, -36688//570375, -73376//570375, 44933//190125, 158131//570375, 158683//570375, 93328//570375, 0, 36688//114075, -111467//114075, 146752//114075, -935567//570375, 73376//38025, -384476//114075, 2237968//570375, 3008416//570375, -289543//43875, -898642//190125, -224456//190125, 1238399//190125, -293504//22815, -2714912//114075, 4609258//114075, -4806128//114075, 19885799//570375, -2714912//114075, 1441796//114075, -697072//190125, -1063952//570375, 921616//190125, -3490543//570375, 2929376//570375, -1975274//570375, 36688//22815, -73376//38025, 198277//114075, -146752//114075, 146758//190125, -36688//114075, -97//22815, 36688//190125, -146752//570375, 140773//570375, -38336//190125, 71881//570375, -31739//570375]
5; 6; 5; 6; 8; 1; 1; 10; 1; 1; [-4320439752//520710125, -2524835036//520710125, -4266030328//520710125, -1747738261//520710125, -704858704//520710125, -6838974222//520710125, 12132303762//520710125, 19402882789//520710125, 11925762833//520710125, 5929490828//104142025, 3804016182//104142025, 9346490577//104142025, 795933421//20828405, 110084627737//520710125, 84540111376//520710125, 144600913153//520710125, -147499013374//520710125, -169752681561//520710125, 23450463007//520710125, -524635516492//520710125, -609241199499//520710125, -733242738043//520710125, -88229755117//104142025, 151812091177//104142025, -158189394453//104142025, 26356775486//20828405, -445763912874//520710125, 245962502653//520710125, -5155503377//40054625, -45387369422//520710125, 88648128292//520710125, -8450949953//40054625, 73916042349//520710125, -98480379872//520710125, 8199374251//520710125, -7243654978//104142025, 6548532368//104142025, -4847156077//104142025, 3463206//123245, -6049343934//520710125, 93312728//520710125, 3661897814//520710125, -5038174822//520710125, 4603447542//520710125, -284848623//40054625, 1950712799//520710125, -1681138572//520710125, -412664994//520710125]
5; 6; 5; 6; 10; 1; 1; 7; 1; 1; [-2478459671//520710125, 790298741//520710125, 231746104//104142025, 2021155779//520710125, 1698483424//104142025, 7797611059//520710125, -5768910442//520710125, -8773602303//520710125, 783929282//520710125, -1046946676//104142025, -532798818//20828405, 1082471209//104142025, -4214352//51025, 23650441291//520710125, -83934764421//520710125, 6177297397//104142025, -32852322574//520710125, -62276969277//104142025, -162342212069//520710125, 214127801072//520710125, 242595702733//520710125, 373241716933//520710125, 184666717739//104142025, 8815515341//20828405, -168421714141//104142025, 207257292748//104142025, -72892986149//40054625, 707114886567//520710125, -86448978561//104142025, 14325417946//40054625, -890746868//20828405, -105071112832//520710125, 149757492741//520710125, -126222601796//520710125, 125604361059//520710125, -5808287674//104142025, 360036256//4165681, -699623033//8010925, 7361515257//104142025, -24594712297//520710125, 12621915747//520710125, -651816898//104142025, -2849275782//520710125, 1109727246//104142025, -6553446282//520710125, 5689806891//520710125, -3693933916//520710125, 2523793269//520710125]
5; 6; 5; 6; 7; 1; 1; 3; 1; 2; [-874457//1330875, -178327//1330875, 231916//1330875, -5209//88725, 130861//443625, 17282//102375, 1194457//1330875, 1279162//1330875, 797794//1330875, 847333//266175, 37891//38025, 14047//29575, -54703//88725, 24881417//1330875, 2655077//1330875, 2315219//1330875, -30958//2275, -44334863//1330875, -3983572//443625, -703483//34125, -14112962//1330875, -4688893//443625, -2593307//266175, 19407452//266175, -402009//4225, 23811841//266175, -90254909//1330875, 19172372//443625, -3759649//190125, 488303//266175, 2939327//443625, -5809451//443625, 2265127//190125, -2073653//190125, 2882521//443625, -119877//29575, 376741//88725, -937883//266175, 642679//266175, -1706444//1330875, 176192//443625, 276382//1330875, -140221//266175, 752326//1330875, -78487//147875, 68827//190125, -307556//1330875, 103738//1330875]
5; 6; 5; 6; 6; 1; 1; 12; 1; 1; [69345156//8010925, 243743432//120163875, 51533023//24032775, 473844191//120163875, 917803894//120163875, 2149780939//120163875, 1679755771//120163875, -11925146//40054625, 1799030293//120163875, 3240536//73947, 44012372//8010925, -517931306//8010925, 598871277//8010925, -4214789776//24032775, -80828958//3081125, -3972029647//24032775, 4732709703//40054625, 2057288757//40054625, -79461246914//120163875, -45950364101//120163875, 86791844143//120163875, 38759901142//120163875, -1504479142//961311, -18340120124//24032775, 15735112564//8010925, -54736429829//24032775, 48272501308//24032775, -58854156412//40054625, 20541679397//24032775, -40397270353//120163875, -1017036504//40054625, 24841232738//120163875, -39538439648//120163875, 13095266478//40054625, -25459890784//120163875, 69070025//961311, -2422016966//24032775, 2350838888//24032775, -616476397//8010925, 1193874194//24032775, -973438762//40054625, 21870572//4806555, 308548039//40054625, -1587264587//120163875, 535669806//40054625, -1434121093//120163875, 1033148314//120163875, -485191469//120163875]
5; 6; 5; 6; 7; 1; 1; 4; 2; 2; [-25451//63375, -2452//14625, 136141//190125, 301814//190125, 139924//63375, 41434//38025, -35524//190125, -45098//38025, -551402//190125, -30662//12675, -23728//38025, -33344//12675, -70613//12675, -887552//190125, -4685584//190125, -2634392//63375, -13717279//190125, -15414947//190125, -73142//12675, 406751//21125, 1723484//38025, 402872//190125, -600442//12675, 356074//12675, -147259//12675, -24979//38025, 1336019//190125, -230353//21125, 1420162//190125, -2003452//190125, 14048//14625, -93559//38025, 77609//63375, 21614//7605, -17503//14625, -30604//38025, 6593//38025, 8482//38025, -94//225, 83119//190125, -74552//190125, 14084//63375, -38617//190125, -1462//63375, 20//1521, -6748//190125, 3808//38025, -10069//190125]
5; 6; 5; 6; 4; 1; 2; 7; 1; 1; [-95664974//24032775, -7632643852//1562130375, 1330193632//520710125, 1954471291//520710125, 1224488407//1562130375, 1662897659//312426075, 36851628//8010925, -1413865026//104142025, 4736781562//1562130375, 12005869628//312426075, 358948289//24032775, -3356576817//104142025, -294506318//20828405, 33827396248//312426075, 144339111757//1562130375, -106846051486//1562130375, -111438070658//1562130375, -303298386577//1562130375, -129898014652//312426075, -50981214//663325, 177805895951//312426075, 70659921428//1562130375, -54586370859//104142025, 17335417719//104142025, 23225049974//312426075, -2522873780//12497043, 74851708712//312426075, -106199864893//520710125, 77521499739//520710125, -145023971444//1562130375, 14082233908//520710125, -205375114//12497043, -8629466453//312426075, 18063787217//312426075, -44205335231//1562130375, -2883097//8010925, -2279627017//312426075, 3225210631//312426075, -631215719//62485215, 503334656//62485215, -2650073618//520710125, 3866610092//1562130375, -888291964//1562130375, -112244117//120163875, 8040074//8010925, -469077254//312426075, 175527587//104142025, -1231685746//1562130375]
5; 6; 5; 6; 3; 1; 2; 3; 1; 1; [170062//1330875, 0, -130994//1330875, -3463//147875, -6926//147875, 71798//1330875, 53411//266175, 174962//443625, 781028//1330875, 0, 3463//29575, 5879//12675, 13852//29575, -316217//63375, 20778//29575, 255832//190125, 211243//147875, 283966//147875, -9318038//1330875, -598298//53235, -20241986//1330875, -2437817//147875, -27704//5915, -256262//29575, 560792//38025, -453653//29575, 16628359//1330875, -256262//29575, 6279332//1330875, -197391//147875, -100427//147875, 230189//147875, -101116//38025, 40958//34125, -2815324//1330875, 3463//5915, -20778//29575, 168626//266175, -13852//29575, 369014//1330875, -3463//29575, 289//443625, 10389//147875, -13852//147875, 5446//63375, -21704//266175, 44257//1330875, -16138//443625]
5; 6; 5; 6; 3; 1; 2; 4; 2; 1; [-10651//21125, 0, 380179//570375, 1453//38025, 2906//38025, 33188//570375, -89173//114075, -1128623//570375, -1916212//570375, 0, -1453//7605, -170747//38025, -5812//7605, 400321//21125, -2906//2535, -2645653//190125, -88633//38025, -119146//38025, 18465172//570375, 93841//1521, 52557533//570375, 64339607//570375, 11624//1521, 107522//7605, -2764451//114075, 190343//7605, -420322//21125, 107522//7605, -4694137//570375, 27607//12675, 42137//38025, -907769//570375, 239672//38025, 15971//14625, 4189141//570375, -1453//1521, 2906//2535, -39428//38025, 5812//7605, -84263//190125, 1453//7605, -6322//570375, -1453//12675, 5812//38025, -69779//570375, 19402//114075, 1864//570375, 75736//570375]
5; 6; 5; 6; 7; 1; 1; 7; 1; 1; [-2004781131//520710125, 455638854//520710125, 1220147493//520710125, 26908391//40054625, -951039256//520710125, -6644609193//520710125, -2688083719//520710125, -641234186//520710125, -3702936596//520710125, 1466427762//104142025, -109134072//104142025, -423748402//104142025, -22305287//663325, 23863645801//520710125, -33879900394//520710125, -7470365388//520710125, -56650579408//520710125, -10563049559//520710125, 173228086793//520710125, -33959140481//520710125, -138755892084//520710125, -215060846319//520710125, -37781461173//104142025, 5208019771//8010925, -71810167222//104142025, 59945620666//104142025, -206661715357//520710125, 660677687//3081125, -36458276264//520710125, -18273548864//520710125, 42250336933//520710125, -42198508656//520710125, 42968487577//520710125, -38849840307//520710125, 9524786503//520710125, -3264675727//104142025, 2978684792//104142025, -2229101973//104142025, 1353817104//104142025, -2903583317//520710125, 81009538//520710125, 1539250136//520710125, -2252802304//520710125, 2146323418//520710125, -1556597066//520710125, 1080410647//520710125, -664742812//520710125, -71030087//520710125]
5; 6; 5; 6; 5; 1; 1; 12; 1; 1; [50885983//8010925, -81661462//40054625, -10020028//40054625, -746089168//120163875, -1841916026//120163875, 22970618//1848675, 94054457//9243375, 576343843//24032775, 5333150347//120163875, -46959596//1602185, -4545144//1602185, -53364718//8010925, 217335566//8010925, -352706639//8010925, 7164594052//40054625, -3274525157//40054625, 26625245483//120163875, 6731375102//40054625, -4475218053//8010925, -479890157//40054625, -18934900723//24032775, -88041676792//120163875, 995434369//1602185, -1856054099//1602185, 9951819632//8010925, -8387263129//8010925, 269198774//369735, -15793131639//40054625, 5191388639//40054625, 7099958309//120163875, -16547074862//120163875, 3544304753//24032775, -6226674261//40054625, 48356784//616225, -4061831282//40054625, 90174821//1602185, -248974478//4806555, 312656933//8010925, -191921331//8010925, 19421312//1848675, -20948234//40054625, -210541676//40054625, 933015919//120163875, -881376667//120163875, 43908911//8010925, -470987453//120163875, 2365942//1848675, -127665916//120163875]
5; 6; 5; 6; 4; 2; 1; 12; 1; 1; [-723013062//520710125, -11852348//4165681, -1999162897//520710125, 2026144863//520710125, -3707653213//520710125, -619410757//104142025, 4851493398//520710125, 4552995727//520710125, 38689579961//1562130375, -1048437772//104142025, -55626485//12497043, 8460645446//104142025, -1283916044//62485215, 22439949841//1562130375, 38927145493//312426075, 59648309952//520710125, -7238647991//40054625, 25786367663//520710125, -449385899//4165681, -80591990478//520710125, -726926814466//1562130375, -673068840177//520710125, 70042801978//104142025, 32721241534//62485215, -115872120554//104142025, 77533495396//62485215, -42890346438//40054625, 240067929533//312426075, -223358228044//520710125, 234505321978//1562130375, 18285020454//520710125, -14821481661//104142025, 256558180033//1562130375, -92915732211//520710125, 31196792839//520710125, -4397801118//104142025, 1158023249//20828405, -5458725876//104142025, 2523213694//62485215, -3058980074//120163875, 3723841162//312426075, -766199169//520710125, -7561494572//1562130375, 3875919894//520710125, -2380752316//312426075, 3121999956//520710125, -2349803231//520710125, 539430759//520710125]
5; 6; 5; 6; 6; 1; 1; 6; 1; 1; [13592//1625, 0, 8536//4875, -5467//1625, -10934//1625, 12034//975, 70972//4875, 71764//4875, 43208//4875, 0, 5467//325, -16456//325, 21868//325, -10934//125, 32802//325, -284042//1625, 333487//1625, 448294//1625, -67826//195, -410674//1625, -342694//4875, 1607672//4875, -43736//65, -404558//325, 2060542//975, -716177//325, 2963114//1625, -404558//325, 3223022//4875, -311619//1625, -158543//1625, 247082//975, -520542//1625, 435886//1625, -885434//4875, 5467//65, -32802//325, 29546//325, -21868//325, 65604//1625, -5467//325, -1078//4875, 16401//1625, -21868//1625, 968//75, -51436//4875, 32098//4875, -14234//4875]
5; 6; 5; 6; 3; 2; 2; 4; 1; 2; [199354//570375, 86948//570375, -7771//63375, 69893//570375, -77738//570375, 25198//43875, -161411//570375, -574204//570375, 31597//114075, -11684//8775, -42323//38025, 10607//22815, -207329//114075, -10779079//570375, -3343498//570375, 266258//190125, 2453497//570375, 915257//63375, -8277329//570375, 19510211//570375, 10464908//190125, 2286814//114075, 305563//114075, -2093434//114075, 542444//22815, -2549809//114075, 78929//4875, -6240859//570375, 2823122//570375, -212479//570375, -797221//570375, 1433428//570375, -941437//570375, 966559//190125, -3748//4563, 115567//114075, -40252//38025, 2221//2535, -22822//38025, 57866//190125, -57749//570375, -29453//570375, 75701//570375, -25802//190125, 67118//570375, -37057//570375, 58132//570375, -482//114075]
5; 6; 5; 6; 2; 1; 1; 4; 1; 1; [-68014//114075, 0, -116008//131625, 3202//21125, 6404//21125, -149816//190125, 110588//1711125, 2488888//1711125, 5835728//1711125, 0, -3202//4225, 2807276//342225, -12808//4225, 173504//4225, -19212//4225, 45282704//1711125, -195322//21125, -262564//21125, -30042056//1711125, -98191928//1711125, -177309208//1711125, -258563108//1711125, 25616//845, 236948//4225, -10831088//114075, 419462//4225, -9179774//114075, 236948//4225, -49526368//1711125, 182514//21125, 92858//21125, -22110748//1711125, 19365056//1711125, -28958024//1711125, 1145632//570375, -3202//845, 19212//4225, -1399976//342225, 12808//4225, -203872//114075, 3202//4225, 3404//131625, -9606//21125, 12808//21125, -1043528//1711125, 237632//570375, -663724//1711125, 25816//1711125]
5; 6; 5; 6; 9; 1; 1; 11; 1; 1; [536367102//520710125, 346907259//104142025, 3202632962//520710125, 2597144533//520710125, -2046434314//520710125, -169699791//8010925, -20212227014//520710125, -27384026796//520710125, -2139817583//40054625, -4882544152//104142025, -4010584143//104142025, -4134096324//104142025, -43696961//663325, -54931242602//520710125, -17344441697//104142025, -63161175782//520710125, 5247050837//520710125, 245751439764//520710125, 100295990968//104142025, 662344963204//520710125, 638126705626//520710125, 348471516444//520710125, 18385519418//104142025, 16531923892//104142025, -34138324254//104142025, 37002458503//104142025, -162283037041//520710125, 4361222786//20828405, -66507717266//520710125, 22778973031//520710125, 16866842887//520710125, 337460109//104142025, 55817267752//520710125, 5414618448//520710125, 33396958522//520710125, -1300867603//104142025, 1673933538//104142025, -1573483996//104142025, 1194323877//104142025, -3799124951//520710125, 327516356//104142025, -245640286//520710125, -724235549//520710125, 1330164432//520710125, -139968001//104142025, 1478322542//520710125, -62118782//520710125, 46985899//40054625]
5; 6; 5; 6; 5; 1; 1; 6; 1; 1; [2619//1625, 0, 1552//4875, -994//1625, -1988//1625, 2188//975, 12904//4875, 13048//4875, 7856//4875, 0, 994//325, -2992//325, 3976//325, -1988//125, 5964//325, -51644//1625, 60634//1625, 81508//1625, -12332//195, -74668//1625, -62308//4875, 292304//4875, -7952//65, -73556//325, 374644//975, -130214//325, 538748//1625, -73556//325, 586004//4875, -56658//1625, -28826//1625, 44924//975, -94644//1625, 79252//1625, -160988//4875, 994//65, -5964//325, 5372//325, -3976//325, 11928//1625, -994//325, -196//4875, 2982//1625, -3976//1625, 176//75, -9352//4875, 5836//4875, -2588//4875]
5; 6; 5; 6; 11; 1; 1; 4; 1; 2; [7417//4875, 81292//21125, 316832//63375, 484082//63375, 545936//63375, 6652//4225, 70541//63375, 312742//63375, 67098//4225, 304004//12675, 222//4225, 29963//12675, 9199//12675, -7349686//63375, -838172//4875, -3003844//21125, -10263677//63375, -7479341//63375, 195514//12675, -3073196//63375, -743819//4875, -2963901//4225, -9175801//12675, 258997//975, 674858//12675, -962487//4225, 5902789//21125, -5698006//21125, 4034848//21125, -8154701//63375, 1014444//21125, -11686//4225, -599886//21125, 662878//21125, -882241//12675, -33889//12675, -98186//12675, 51944//4225, -158749//12675, 640642//63375, -444278//63375, 73003//21125, -70171//63375, -53038//63375, 20212//12675, -114353//63375, 88259//63375, -21358//12675]
5; 6; 5; 6; 4; 2; 1; 6; 1; 1; [33869//12675, 0, 87026//63375, 44126//63375, 88252//63375, -130099//63375, -289711//63375, -483356//63375, -212816//21125, 0, -44126//12675, -29513//12675, -176504//12675, -1235051//12675, -88252//4225, -85087//21125, -2691686//63375, -3618332//63375, 3038853//21125, 12740941//63375, 15559261//63375, 4783321//21125, 353008//2535, 3265324//12675, -1850401//4225, 5780506//12675, -4849709//12675, 3265324//12675, -2928981//21125, 838394//21125, 1279654//63375, -1039216//21125, 1542831//21125, -219619//4875, 1076183//21125, -44126//2535, 88252//4225, -79539//4225, 176504//12675, -21431//2535, 44126//12675, 722//63375, -44126//21125, 176504//63375, -165398//63375, 146438//63375, -73852//63375, 54259//63375]
5; 6; 5; 6; 9; 1; 1; 5; 1; 1; [-36769//21125, -13349//63375, -4957//4225, 184//21125, -98226//21125, -143979//21125, -69016//63375, -205778//63375, -48707//4875, -104032//12675, -35712//4225, 149131//12675, -74362//2535, 2241877//63375, -507587//21125, 188896//4225, -3716917//63375, 623671//21125, 7696477//63375, -4583344//63375, -1827054//21125, -879754//63375, -484477//12675, 3925279//12675, -1719143//4225, 970547//2535, -6207783//21125, 11724257//63375, -213212//2535, 543169//63375, 2269634//63375, -3089414//63375, 1095281//21125, -1029697//21125, 47872//1625, -219793//12675, 230686//12675, -191891//12675, 8773//845, -117993//21125, 108572//63375, 11386//12675, -47487//21125, 162854//63375, -45278//21125, 33231//21125, -65446//63375, 23278//63375]
5; 6; 5; 6; 6; 1; 1; 3; 1; 1; [-75196//266175, 0, 278144//1330875, 98263//1330875, 196526//1330875, -2527//12675, -720883//1330875, -28866//29575, -1822192//1330875, 0, -98263//266175, -190213//266175, -393052//266175, 1644044//266175, -196526//88725, -840773//443625, -5994043//1330875, -8057566//1330875, 4758791//266175, 35600963//1330875, 1834927//53235, 46276967//1330875, 786104//53235, 7271462//266175, -12367373//266175, 12872453//266175, -10600804//266175, 7271462//266175, -19656277//1330875, 1866997//443625, 2849627//1330875, -38768//7605, 3544823//443625, -89989//20475, 7838611//1330875, -98263//53235, 196526//88725, -59053//29575, 393052//266175, -9395//10647, 98263//266175, -8//147875, -98263//443625, 393052//1330875, -24356//88725, 110758//443625, -30974//266175, 44357//443625]
5; 6; 5; 6; 6; 1; 1; 4; 2; 1; [-8573//4875, 0, 23681//14625, 1813//4875, 3626//4875, -12292//14625, -47341//14625, -6251//975, -46732//4875, 0, -1813//975, -22757//2925, -7252//975, 19226//375, -3626//325, -331541//14625, -110593//4875, -148666//4875, 553364//4875, 2680601//14625, 80927//325, 3968251//14625, 14504//195, 134162//975, -685097//2925, 237503//975, -2920378//14625, 134162//975, -365561//4875, 34447//1625, 52577//4875, -359989//14625, 620788//14625, -54761//2925, 497623//14625, -1813//195, 3626//325, -29428//2925, 7252//975, -64748//14625, 1813//975, -56//4875, -1813//1625, 7252//4875, -511//375, 18998//14625, -1526//2925, 952//1625]
5; 6; 5; 6; 3; 2; 1; 11; 1; 1; [679858169//312426075, 148936232//62485215, -941137999//520710125, 92696089//312426075, 592600342//520710125, -1477220469//520710125, -3415378448//1562130375, 16716952666//1562130375, 9928250244//520710125, 199438052//62485215, -776716652//312426075, 63931409//4806555, -832433893//20828405, -17951865144//104142025, -1356250292//12497043, 66625953547//1562130375, 713961343//104142025, -35180163087//520710125, -206619258173//1562130375, -243627173814//520710125, -487418845457//520710125, -1198481827922//1562130375, 1589757919//20828405, -8965802107//312426075, -253215857//62485215, 1326455174//62485215, -2312657168//62485215, 461400951//20828405, -29047845499//1562130375, 4067490716//312426075, -13655007943//1562130375, -8591933449//1562130375, -28991273056//1562130375, -24118891036//520710125, -16071044607//520710125, 20304833//62485215, 18494869//24032775, -77766374//62485215, 78534338//62485215, -376737494//312426075, 12991276//20828405, -532593214//1562130375, 2343196//20828405, 21433222//1562130375, -142522968//520710125, -26194897//120163875, -1495266128//1562130375, -847629401//1562130375]
5; 6; 5; 6; 3; 2; 1; 5; 1; 1; [-165//169, 0, -234103//63375, -2227//21125, -4454//21125, -1766//2535, 242234//63375, 218741//21125, 1145536//63375, 0, 2227//4225, 110178//4225, 8908//4225, -2599//169, 13362//4225, 5156273//63375, 135847//21125, 182614//21125, -2105642//12675, -20862259//63375, -31755733//63375, -13227842//21125, -17816//845, -164798//4225, 855229//12675, -291737//4225, 9561//169, -164798//4225, 1562419//63375, -126939//21125, -64583//21125, 3856//4225, -1558372//63375, -23071//1625, -2188703//63375, 2227//845, -13362//4225, 36406//12675, -8908//4225, 212//169, -2227//4225, 1423//21125, 6681//21125, -8908//21125, 1149//4225, -38342//63375, -13939//63375, -13426//21125]
5; 6; 5; 6; 3; 1; 1; 12; 1; 1; [-9908767001//1562130375, -199567079//104142025, 2366885644//1562130375, -9988150478//1562130375, 637079618//1562130375, 2065906456//312426075, 310294865//12497043, 16346378562//520710125, -890864852//62485215, 3492965884//104142025, 16369870856//312426075, -910585726//104142025, 9522036484//312426075, 141452018677//520710125, 27052429213//312426075, -49034507699//1562130375, -141187132402//1562130375, -375261495248//1562130375, 2575953812//312426075, -227436428797//312426075, -323408906512//520710125, 83621212432//104142025, -38780929286//104142025, 460731338//1989975, -31433092213//312426075, 2220260344//312426075, 32576486796//520710125, -21561420203//312426075, 109973168243//1562130375, -31864295352//520710125, 41403273751//1562130375, -379935704//20828405, -9039365627//312426075, -920549117//40054625, 8386812796//312426075, -2096322067//312426075, 191669098//104142025, 443431763//312426075, -311604983//104142025, 5597588858//1562130375, -2705779//961311, 1055752761//520710125, -648050152//520710125, 26308792//120163875, 30509924//312426075, -23898341//24032775, -107781968//1562130375, 27246168//104142025]
5; 6; 5; 6; 5; 1; 1; 3; 1; 1; [-598972//443625, 0, -53682//147875, 772168//1330875, 1544336//1330875, -952103//443625, -43579//17745, -3164228//1330875, -549488//443625, 0, -772168//266175, 271577//29575, -3088672//266175, 18862076//1330875, -1544336//88725, 42000773//1330875, -47102248//1330875, -63317776//1330875, 25489043//443625, 10208047//266175, 5320603//1330875, -89486611//1330875, 6177344//53235, 57140432//266175, -97005637//266175, 101154008//266175, -139523204//443625, 57140432//266175, -50552387//443625, 14671192//443625, 22392872//1330875, -58315808//1330875, 14641327//266175, -1591159//34125, 5865941//190125, -772168//53235, 1544336//88725, -4173023//266175, 3088672//266175, -9267002//1330875, 772168//266175, 52334//1330875, -772168//443625, 3088672//1330875, -2965178//1330875, 53682//29575, -506812//443625, 94051//190125]
5; 6; 5; 6; 5; 1; 1; 4; 2; 1; [-235717//190125, 0, 433//507, 9127//38025, 18254//38025, -22726//38025, -40511//21125, -230293//63375, -1003876//190125, 0, -9127//7605, -137339//38025, -36508//7605, 7476407//190125, -18254//2535, -388097//38025, -556747//38025, -748414//38025, 2484998//38025, 6459623//63375, 25722379//190125, 27128821//190125, 73016//1521, 675398//7605, -638421//4225, 1195637//7605, -8149733//63375, 675398//7605, -1832687//38025, 173413//12675, 264683//38025, -123541//7605, 5067662//190125, -193561//14625, 432867//21125, -9127//1521, 18254//2535, -246866//38025, 36508//7605, -180748//63375, 9127//7605, -46//12675, -9127//12675, 36508//38025, -11233//12675, 156742//190125, -7572//21125, 7402//21125]
5; 6; 5; 6; 4; 2; 1; 3; 1; 1; [4755388//1330875, 0, -5066144//1330875, -191977//443625, -383954//443625, 187394//443625, 7310278//1330875, 1853444//147875, 26992384//1330875, 0, 191977//88725, 883702//38025, 767908//88725, -22415074//190125, 383954//29575, 4494014//63375, 11710597//443625, 15742114//443625, -281729662//1330875, -503115278//1330875, -726103606//1330875, -854612894//1330875, -1535816//17745, -14206298//88725, 10387982//38025, -25148987//88725, 101907397//443625, -14206298//88725, 118814002//1330875, -3647563//147875, -5567333//443625, 33322664//1330875, -3603194//63375, 1043594//102375, -72379582//1330875, 191977//17745, -383954//29575, 346594//29575, -767908//88725, 6789836//1330875, -191977//88725, 7608//147875, 191977//147875, -767908//443625, 96184//63375, -732988//443625, 517012//1330875, -426194//443625]
5; 6; 5; 6; 4; 2; 1; 4; 2; 1; [-4213//190125, 0, 20819//63375, -21094//190125, -42188//190125, 92264//190125, 15019//63375, -14519//63375, -188828//190125, 0, 21094//38025, -139471//38025, 84376//38025, 798203//190125, 42188//12675, -2288417//190125, 1286734//190125, 1729708//190125, -49264//190125, 942371//63375, 6409787//190125, 10808153//190125, -168752//7605, -1560956//38025, 882233//12675, -2763314//38025, 11493994//190125, -1560956//38025, 4091209//190125, -400786//63375, -611726//190125, 1685413//190125, -1808636//190125, 153247//14625, -247567//63375, 21094//7605, -42188//12675, 113936//38025, -84376//38025, 254279//190125, -21094//38025, -802//63375, 21094//63375, -84376//190125, 27581//63375, -62386//190125, 15712//63375, -1204//21125]
5; 6; 5; 6; 9; 1; 1; 8; 1; 1; [-191458798//104142025, -392132621//520710125, -46359867//40054625, 158430492//520710125, -589567288//520710125, -3518898712//520710125, 108448837//520710125, 152949392//104142025, -889654941//520710125, 643784802//104142025, 7414119//104142025, 1694528436//104142025, 151114//132665, 3527023187//104142025, 9699289261//520710125, 26233052866//520710125, -32963672107//520710125, 2304111703//520710125, 81161646027//520710125, -30276391767//520710125, -406026243//4165681, -148801979389//520710125, -20140012023//104142025, 38886394489//104142025, -42063803924//104142025, 7156839596//20828405, -24918905227//104142025, 70212515683//520710125, -22623199662//520710125, -9032478551//520710125, 24374085169//520710125, -25551938489//520710125, 25018106549//520710125, -4374143639//104142025, 5042876573//520710125, -1902608887//104142025, 1763572696//104142025, -1335728071//104142025, 165569031//20828405, -73364887//20828405, 165886433//520710125, 877986028//520710125, -1304514531//520710125, 1272787654//520710125, -949301059//520710125, 647022774//520710125, -76727908//104142025, -46477312//520710125]
5; 6; 5; 6; 4; 2; 2; 9; 1; 1; [30292147//24032775, 3117796//9243375, 96339996//40054625, 39873694//120163875, -144492892//40054625, -134027242//40054625, -30011086//120163875, -101944868//24032775, -723971936//120163875, 124608314//24032775, -29069964//8010925, -8506598//369735, 192506//30615, -123113936//8010925, 519998432//120163875, -724877266//9243375, 52152184//3081125, 13518247406//120163875, 15196376726//120163875, 6718658262//40054625, 7192369856//24032775, 3109052846//120163875, -10307177236//24032775, -435935794//8010925, 1553839922//4806555, -668671854//1602185, 9357158323//24032775, -35743394854//120163875, 21889005826//120163875, -3347865444//40054625, 563526971//40054625, 5081597008//120163875, -1932295454//40054625, 558012954//8010925, -1765912134//40054625, 85595297//8010925, -33046636//1848675, 89065142//4806555, -24521488//1602185, 50076367//4806555, -667157054//120163875, 188597776//120163875, 117059908//120163875, -262350292//120163875, 325349888//120163875, -256318982//120163875, 45627196//24032775, -111881842//120163875]
5; 6; 5; 6; 8; 1; 1; 12; 1; 1; [-1329060946//520710125, -220629413//520710125, -582806779//520710125, 74063892//520710125, 2030209738//520710125, 240858221//104142025, 855186909//520710125, 1501395881//520710125, 2705984001//520710125, 430930208//104142025, 160641726//104142025, 1977576587//104142025, -1379555859//104142025, 24161401496//520710125, -483629169//40054625, 34319608759//520710125, -29623131872//520710125, -97264875038//520710125, -1999344312//20828405, -3555353003//40054625, -55901151276//520710125, -2001453797//40054625, 35627453348//104142025, 31332060446//104142025, -63968594653//104142025, 70460474321//104142025, -301244046057//520710125, 213658503444//520710125, -119164529863//520710125, 41605968434//520710125, 6216811721//520710125, -644874224//8010925, 46650040698//520710125, -47012344843//520710125, 32111589607//520710125, -2442830153//104142025, 3168621854//104142025, -2967533092//104142025, 2270935269//104142025, -7091345427//520710125, 249763458//40054625, -344819828//520710125, -1395719766//520710125, 2032032556//520710125, -435228004//104142025, 1686800863//520710125, -92278866//40054625, 43877719//40054625]
5; 6; 5; 6; 3; 1; 1; 6; 1; 1; [3054//845, 0, 19603//4225, -1773//21125, -3546//21125, 34564//21125, -79507//21125, -9939//845, -456284//21125, 0, 1773//4225, -29727//845, 7092//4225, -169336//4225, 10638//4225, -468239//4225, 108153//21125, 145386//21125, 3836996//21125, 8187527//21125, 2576713//4225, 16658949//21125, -14184//845, -131202//4225, 43253//845, -232263//4225, 184859//4225, -131202//4225, 9859//845, -101061//21125, -51417//21125, 315573//21125, 208076//21125, 11181//325, 651337//21125, 1773//845, -10638//4225, 1892//845, -7092//4225, 4116//4225, -1773//4225, -408//4225, 5319//21125, -7092//21125, 10233//21125, 1546//21125, 2902//4225, 12552//21125]
5; 6; 5; 6; 3; 2; 1; 8; 1; 1; [679858169//312426075, 148936232//62485215, -941137999//520710125, 92696089//312426075, 592600342//520710125, -1477220469//520710125, -3415378448//1562130375, 16716952666//1562130375, 9928250244//520710125, 199438052//62485215, -776716652//312426075, 63931409//4806555, -832433893//20828405, -17951865144//104142025, -1356250292//12497043, 66625953547//1562130375, 713961343//104142025, -35180163087//520710125, -206619258173//1562130375, -243627173814//520710125, -487418845457//520710125, -1198481827922//1562130375, 1589757919//20828405, -8965802107//312426075, -253215857//62485215, 1326455174//62485215, -2312657168//62485215, 461400951//20828405, -29047845499//1562130375, 4067490716//312426075, -13655007943//1562130375, -8591933449//1562130375, -28991273056//1562130375, -24118891036//520710125, -16071044607//520710125, 20304833//62485215, 18494869//24032775, -77766374//62485215, 78534338//62485215, -376737494//312426075, 12991276//20828405, -532593214//1562130375, 2343196//20828405, 21433222//1562130375, -142522968//520710125, -26194897//120163875, -1495266128//1562130375, -847629401//1562130375]
5; 6; 5; 6; 10; 1; 1; 11; 1; 1; [-1685759871//520710125, 747081066//520710125, 142312243//104142025, 1413309874//520710125, 986736934//104142025, 396667623//104142025, -755499754//40054625, -14454306093//520710125, -8899021936//520710125, -594067678//20828405, -394659339//20828405, 556695148//104142025, -39120311//663325, 14553733411//520710125, -63922913896//520710125, 3706539712//104142025, -8607067819//520710125, -1572247997//8010925, 10105210073//104142025, 359979845702//520710125, 388904777563//520710125, 392759177516//520710125, 5455261555//4165681, 2915278313//20828405, -99558530302//104142025, 129117415603//104142025, -606189171217//520710125, 461823624317//520710125, -58069819764//104142025, 133010715463//520710125, -4057942024//104142025, -10699696753//104142025, 102658360941//520710125, -69556470986//520710125, 88396855318//520710125, -649955858//20828405, 220850442//4165681, -5762492963//104142025, 4768663752//104142025, -16311419867//520710125, 8691185797//520710125, -523384114//104142025, -1439995517//520710125, 137013494//20828405, -159592659//20828405, 3852889851//520710125, -2235274786//520710125, 1833110913//520710125]
5; 6; 5; 6; 4; 1; 1; 3; 1; 2; [-697048//443625, 10644//21125, 11716//5915, -54373//443625, 20544//147875, -1922423//443625, -178439//29575, -769523//88725, -10487954//443625, -974306//88725, 157886//88725, -994751//88725, -267452//17745, 18560413//443625, -14747884//443625, -2902451//88725, -2548219//147875, 29867638//443625, 143806813//443625, 19091882//88725, 20000696//88725, 245157784//443625, 1012828//6825, 1028623//12675, -5892767//29575, 4036468//17745, -29377067//147875, 63773848//443625, -7647401//88725, 14275154//443625, 139309//21125, -4154551//443625, 3637531//88725, -564556//29575, 1003347//21125, -216743//29575, 897409//88725, -123767//12675, 135292//17745, -2163116//443625, 1037648//443625, -13438//29575, -354446//443625, 617164//443625, -494516//443625, 39532//29575, -17613//29575, 18907//21125]
