6; 11; 4; 11; 2; 1; 1; 8; 1; 1; [-42131//1001325, -13747796//53070225, -658637//3538015, -369957793//265351125, -1528444//816465, -46863683//265351125, 123561362//265351125, 11621156//20411625, 391354322//88450375, 198110398//53070225, 6851367//17690075, 39773282//10614045, 145878791//10614045, 6601366//1360775, 300586192//53070225, 6505508//1001325, 3074593871//88450375, 564274492//17690075, -2430608192//265351125, -10067030632//265351125, -21916678958//265351125, -50128987811//265351125, -5300914952//53070225, 455907302//17690075, 239906074//10614045, -160627044//3538015, 108112964//2122809, -764998202//17690075, 1650065399//53070225, -107600749//6803875, 405787966//53070225, 97146638//88450375, -1967227316//265351125, 867084046//265351125, -3969383573//265351125, 4675179//17690075, -31025372//17690075, 24209254//10614045, -28357//13351, 6691696//4082325, -4161176//4082325, 25178696//53070225, -83659//3358875, -8985706//53070225, 6046108//20411625, -90023611//265351125, 15734172//88450375, -28948446//88450375]
6; 11; 4; 11; 8; 1; 1; 4; 1; 1; [8671907//26385125, -492042//405925, -89562602//26385125, -72799712//26385125, 35735318//26385125, 26734077//5277025, 33816528//5277025, 23981428//2029625, 280017796//26385125, 21568878//5277025, 3953061//1055405, -306004//211081, 24417018//5277025, 29904946//2029625, 66233824//1055405, 1856811542//26385125, -367907278//26385125, -3866374923//26385125, -225865984//1055405, -1360130378//5277025, -9226679454//26385125, -2207820691//26385125, 152312298//5277025, -114172438//1055405, 2164898//16237, -641751047//5277025, 2425146874//26385125, -278527218//5277025, 718674256//26385125, -43006544//26385125, -506960924//26385125, 43807566//5277025, -154628454//5277025, -50015802//26385125, -340180563//26385125, 30549992//5277025, -6161678//1055405, 998130//211081, -16645578//5277025, 43267304//26385125, -1931101//5277025, -8012614//26385125, 19413646//26385125, -25043379//26385125, 2765882//5277025, -3804404//5277025, -427342//26385125, -4557728//26385125]
6; 11; 4; 11; 11; 1; 1; 3; 1; 1; [333905138//178767164875, -317439483227//178767164875, -554047283481//178767164875, -513327845961//178767164875, -12916165088//13751320375, 490528132342//178767164875, 1193681631791//178767164875, 1334764946404//178767164875, 1072119205024//178767164875, 113098497614//35753432975, 22715309724//7150686595, 187219569062//35753432975, 52021030779//2750264075, 4500480306527//178767164875, 11459570053587//178767164875, 9635878141166//178767164875, 2842121989716//178767164875, -11117790216756//178767164875, -37264633839877//178767164875, -45211994595941//178767164875, -23261973406784//178767164875, -8898530450469//178767164875, -2503889902831//35753432975, -429938117087//7150686595, 4449604078162//35753432975, -4868539985458//35753432975, 21233002073711//178767164875, -14379000575349//178767164875, 8857956720708//178767164875, -2881400491532//178767164875, -1223767644148//178767164875, 1058036562879//178767164875, -417955960431//13751320375, 2037691800013//178767164875, -2721794635187//178767164875, 169209328831//35753432975, -43974102712//7150686595, 15891185381//2750264075, -157565533992//35753432975, 499538286991//178767164875, -217521754584//178767164875, 35209330268//178767164875, 97108023638//178767164875, -156236960403//178767164875, 116433239889//178767164875, -158753287858//178767164875, 60333003628//178767164875, -49017533817//178767164875]
6; 11; 4; 11; 6; 1; 1; 10; 1; 1; [-764444//1119625, 1086424//3358875, 4034122//3358875, 4627637//3358875, -8812634//3358875, -35934376//3358875, -68772232//3358875, -103896752//3358875, -8814043//258375, -19159286//671775, -641509//44785, -101234//10335, -14218369//671775, -35427//21125, -35940578//1119625, -108416762//3358875, 35585128//3358875, 54671033//258375, 1689339781//3358875, 824069744//1119625, 2781205757//3358875, 2149816159//3358875, 249827719//671775, -2530473//44785, -18782432//134355, 50263097//223925, -259010773//1119625, 631181173//3358875, -434719241//3358875, 227476894//3358875, -2386616//258375, 32935288//3358875, 69711727//1119625, 16914421//3358875, 64088749//1119625, -746098//223925, 93602//10335, -1430503//134355, 2115898//223925, -597231//86125, 13692448//3358875, -5659946//3358875, -88132//1119625, 4247872//3358875, -3427442//3358875, 6744691//3358875, -1207354//3358875, 4115842//3358875]
6; 11; 4; 11; 7; 1; 1; 5; 1; 1; [-2589014244//4142464625, 258343949//828492925, -6708810663//4142464625, -270331531//318651125, -1114425812//4142464625, -9369774982//4142464625, 20552125772//4142464625, 16060427592//4142464625, 16295637902//4142464625, 892466192//63730225, -4187969202//828492925, 1285262063//165698585, 6290211066//828492925, 62784673184//4142464625, 3883383691//828492925, 237778240223//4142464625, -6692015084//318651125, -12775953148//4142464625, -230480632518//4142464625, -1052588090202//4142464625, -376738746997//4142464625, -848786291927//4142464625, -184905431944//828492925, 266634835268//828492925, -52310410311//165698585, 207963999686//828492925, -674955297358//4142464625, 67312316558//828492925, -60514340361//4142464625, -100135156096//4142464625, 174046242611//4142464625, -15107473263//318651125, 108455555794//4142464625, -125329329316//4142464625, 20785604559//4142464625, -12223571846//828492925, 10512114372//828492925, -298145022//33139717, 4229002314//828492925, -7535205818//4142464625, -347395797//828492925, 7038444134//4142464625, -8521791091//4142464625, 7718986616//4142464625, -5995859609//4142464625, 2643538419//4142464625, -1861023116//4142464625, -651522376//4142464625]
6; 11; 4; 11; 6; 1; 1; 8; 1; 1; [78980698//265351125, 55149557//88450375, 28975409//88450375, -634931273//265351125, -155033416//88450375, -756854962//265351125, -44473909//53070225, 30473083//10614045, -45195698//20411625, -43879236//17690075, -4454300//707603, -3276914//272155, 963721907//53070225, 2501331377//265351125, -2965507271//265351125, -3733358072//265351125, 6795823163//265351125, 602744746//20411625, 33155563027//265351125, 327464239//10614045, -3318867268//53070225, -15320930801//265351125, -4951577751//17690075, -275360987//10614045, 698619978//3538015, -13718272678//53070225, 64896246866//265351125, -631570067//3358875, 31122874864//265351125, -4710805867//88450375, 167939518//20411625, 7356754361//265351125, -586537349//17690075, 1709207722//53070225, -8245913983//265351125, 339532738//53070225, -3006864//272155, 122767481//10614045, -169903224//17690075, 134879302//20411625, -945560323//265351125, 95274248//88450375, 153178484//265351125, -365190901//265351125, 457801991//265351125, -24786988//17690075, 52202308//53070225, -58073121//88450375]
6; 11; 4; 11; 10; 1; 1; 10; 1; 1; [-1054967//1119625, 2128289//1119625, 3489206//1119625, -546501//1119625, -143044//86125, 3767381//1119625, 623079//223925, -1512936//1119625, -335923//44785, -2487236//223925, 365598//223925, -79389//8957, -7207066//223925, 34983132//1119625, -70861489//1119625, -96195976//1119625, -9990179//1119625, 56580967//1119625, 41904594//1119625, 2239421//223925, -152078574//1119625, 12493724//44785, 134848744//223925, -14667672//223925, -11624799//44785, 88571514//223925, -445479474//1119625, 357807738//1119625, -244723018//1119625, 122780053//1119625, -28520629//1119625, -26617048//1119625, 11607568//223925, -70007472//1119625, 209728//3445, -1518444//223925, 3626652//223925, -828642//44785, 3623586//223925, -13079094//1119625, 7555043//1119625, -3016708//1119625, -367007//1119625, 2248841//1119625, -2803578//1119625, 532723//223925, -2156772//1119625, 12263//8957]
6; 11; 4; 11; 8; 1; 1; 3; 1; 1; [-2701682889//35753432975, 18619702254//178767164875, -25200490351//35753432975, 2381097964//13751320375, 38384027646//35753432975, 277944759928//178767164875, 372019975372//178767164875, 354827916//550052815, 31440361898//35753432975, -54018129096//35753432975, -5597568126//35753432975, 313532778002//35753432975, 210104264241//35753432975, 530606659852//35753432975, -1283086074144//178767164875, -48866533624//35753432975, -7918474534247//178767164875, -3294453536046//35753432975, -17168394783318//178767164875, -21725374100992//178767164875, -797125788728//35753432975, 2938943021868//35753432975, 232637179908//2750264075, 1449842955074//35753432975, -70785300636//674593075, 4382647309211//35753432975, -769088930637//7150686595, 14038568456078//178767164875, -1659656521977//35753432975, 225581063783//13751320375, -1855089131//674593075, -3041454044464//178767164875, 2002848762104//178767164875, -600577337778//35753432975, 567835484642//35753432975, -137338265099//35753432975, 193130651906//35753432975, -187477324042//35753432975, 148031355489//35753432975, -95282085351//35753432975, 232533677138//178767164875, -9157576742//35753432975, -79299104876//178767164875, 133560008//211558775, -148323794474//178767164875, 7140917243//13751320375, -16011854702//35753432975, 2160337992//7150686595]
6; 11; 4; 11; 10; 1; 1; 8; 1; 1; [1316141//1668875, 392848//333775, 410526//1668875, 2586932//1668875, 1270566//333775, 4332857//1668875, -6654694//1668875, -11313503//1668875, -12674373//1668875, -1444206//333775, -2376651//333775, -371093//25675, -1026317//66755, -60363091//1668875, -14592174//333775, 4506449//1668875, 7025978//1668875, -15110708//333775, -65381917//1668875, 182391094//1668875, 497255023//1668875, 764961823//1668875, 66854829//333775, -27870901//333775, -629469//333775, 3291823//66755, -117118903//1668875, 853115//13351, -85635633//1668875, 55348104//1668875, -238378//13351, 1593109//1668875, 1328079//128375, 7422894//1668875, 50353759//1668875, 435766//333775, 39162//25675, -965751//333775, 206112//66755, -4425833//1668875, 598112//333775, -1683988//1668875, 570549//1668875, 26679//333775, -50637//128375, 874997//1668875, -221106//1668875, 1130674//1668875]
6; 11; 4; 11; 5; 1; 1; 2; 1; 1; [-33780760769//36012577575, 182610977996//180062887875, -285302495096//180062887875, -149996974291//180062887875, 433565340304//180062887875, -175144106964//60020962625, 661646271631//180062887875, 24607692114//12004192525, -334582809//71030725, 167929095966//12004192525, -77288964482//12004192525, 3998776406//2770198275, 736819804247//36012577575, 122251715824//7202515515, -6816476159476//180062887875, 11091597169021//180062887875, -5850464159284//180062887875, -560877786848//13850991375, 13951554597742//180062887875, -38189636553931//180062887875, 2599204845476//36012577575, 943777603142//36012577575, -4644183968384//12004192525, 13652372242474//36012577575, -3605126297394//12004192525, 7080782102422//36012577575, -7325493287//76459825, 3312400334602//180062887875, 5585879928368//180062887875, -9407215252772//180062887875, 240479452282//4616997125, -7505068570214//180062887875, 1300372257934//60020962625, -497034426508//36012577575, 240146214338//36012577575, -547708230463//36012577575, 29840284672//2770198275, -73052842366//12004192525, 26273773031//12004192525, 500642109//923399425, -121478200631//60020962625, 150313999566//60020962625, -408116959117//180062887875, 295688266418//180062887875, -57371404718//60020962625, 46925589697//180062887875, 1556567176//36012577575, -1502749003//7202515515]
6; 11; 4; 11; 7; 1; 1; 2; 1; 1; [105894573848//60020962625, -13702187071//12004192525, 149915483512//60020962625, -52731434501//60020962625, -1381892136//480167701, 22190452777//12004192525, -499451797413//60020962625, -369981977637//60020962625, -145797844087//60020962625, -298890299908//12004192525, 4078596966//923399425, -114394782897//12004192525, -284754428589//12004192525, -1916589618688//60020962625, 86285923//2841229, -4539902110327//60020962625, 6481078756046//60020962625, 656539672091//12004192525, 91772536736//12004192525, 19326253432843//60020962625, 2189670007562//60020962625, 878938579524//4616997125, 7089659395922//12004192525, -7637393019862//12004192525, 6450274113133//12004192525, -4516592034874//12004192525, 6053558011//29407625, -814397202628//12004192525, -1677182646136//60020962625, 4743789479478//60020962625, -1031954584084//12004192525, 957654821602//12004192525, -2644152655116//60020962625, 2205724484471//60020962625, -355150832404//60020962625, 24502463926//923399425, -240577665808//12004192525, 148018970272//12004192525, -65640169071//12004192525, 21146226191//60020962625, 31976570874//12004192525, -236373730766//60020962625, 235569826493//60020962625, -36151129121//12004192525, 24204771736//12004192525, -43955034086//60020962625, 15578207656//60020962625, 25910766881//60020962625]
6; 11; 4; 11; 5; 1; 1; 10; 1; 1; [216544//223925, -1392119//1119625, -1677404//1119625, -523747//3358875, -376904//223925, -9124163//3358875, 7491511//3358875, 399886//134355, -1142599//258375, 447034//223925, 389253//44785, -17431//2067, 293158//134355, -12016861//671775, 77157919//1119625, 110076002//3358875, -19349143//3358875, 625688//10335, 105629683//3358875, -143293227//1119625, -277824//4225, 41475814//1119625, -72193041//223925, -3316607//26871, 9629543//26871, -57076312//134355, 3397631//8957, -928992269//3358875, 564608861//3358875, -230332139//3358875, 31078//51675, 148002074//3358875, -213623083//3358875, 35139619//671775, -138796774//3358875, 8631563//671775, -64224//3445, 164457//8957, -654111//44785, 164467//17225, -15796634//3358875, 1197072//1119625, 4428326//3358875, -1602487//671775, 2948808//1119625, -2579816//1119625, 987236//671775, -903308//1119625]
6; 11; 4; 11; 4; 1; 1; 6; 1; 1; [-2294//1625, 973//4875, -5969//4875, -2362//1625, 1646//975, 13061//4875, 7412//4875, 13983//1625, 16503//1625, -5516//975, -218//325, 15268//975, 212//195, 189547//4875, -29621//1625, 276464//4875, 289//125, -166973//975, -387721//4875, 83968//4875, -1611119//4875, -1038134//4875, 505789//975, 74101//975, -395822//975, 20245//39, -2344429//4875, 137327//375, -1099028//4875, 500873//4875, -1137//65, -18646//375, 342709//4875, -411812//4875, 225328//4875, -13189//975, 7238//325, -22403//975, 1229//65, -62399//4875, 33041//4875, -9298//4875, -6017//4875, 878//325, -16058//4875, 13789//4875, -11242//4875, 4808//4875]
6; 11; 4; 11; 5; 1; 1; 8; 1; 1; [152205223//265351125, 31127514//88450375, 28537684//265351125, -67278907//265351125, -169301624//88450375, -111715676//88450375, -366581581//265351125, 30589226//53070225, 5455003//1570125, -245449742//53070225, -28525762//17690075, -1340371//816465, 434704853//53070225, -1102468793//265351125, -276484534//88450375, -679152693//88450375, 1909854779//88450375, 1097741899//20411625, 8927289703//265351125, 10270834247//88450375, -708367138//17690075, -49832053627//265351125, -2430633737//53070225, -4044236381//53070225, 279856991//2122809, -7328817062//53070225, 30508721996//265351125, -21021758621//265351125, 3740972011//88450375, -3225458539//265351125, -84423868//20411625, 4844118424//265351125, -3739461067//265351125, 810459569//53070225, -1851429767//88450375, 276778817//53070225, -25807688//4082325, 768623//134355, -75137396//17690075, 662848//258375, -289215311//265351125, 1952278//265351125, 55770412//88450375, -71623568//88450375, 75929688//88450375, -146710807//265351125, 1369404//3538015, -96904946//265351125]
6; 11; 4; 11; 7; 1; 1; 10; 1; 1; [678858//1119625, 120858//86125, 124186//44785, 4710301//1119625, 6147488//1119625, 8349864//1119625, 794916//86125, 11004419//1119625, 12616948//1119625, 294948//44785, 839154//223925, -870847//223925, -2676968//223925, -44041323//1119625, -67355534//1119625, -18614451//223925, -101117811//1119625, -1807761//21125, -126908559//1119625, -122518518//1119625, -109617524//1119625, -173904988//1119625, -132567//3445, -4909701//223925, 11855243//223925, -13720788//223925, 57637571//1119625, -46150237//1119625, 4167859//223925, -14259543//1119625, -5498149//1119625, 1456593//1119625, -14881149//1119625, 3742268//1119625, -14553024//1119625, 17634//8957, -602864//223925, 579877//223925, -455877//223925, 1417411//1119625, -755622//1119625, 8446//223925, 150172//1119625, -480524//1119625, 305763//1119625, -447519//1119625, 2636//21125, -273709//1119625]
6; 11; 4; 11; 12; 1; 1; 7; 1; 1; [693086//1119625, 1674031//1119625, 2135082//1119625, 928398//1119625, 1406432//1119625, 1560779//1119625, 837641//1119625, -998932//1119625, -117797//17225, -47946//4225, 3174//44785, -1532636//223925, -5018488//223925, -24535146//1119625, -52671331//1119625, -68084602//1119625, -29183088//1119625, 50683068//1119625, 56419386//1119625, 18502669//1119625, 35187172//1119625, 10560856//44785, 5426244//17225, 156882//44785, -42183636//223925, 57641232//223925, -279538598//1119625, 215182352//1119625, -142713776//1119625, 65704176//1119625, -9450256//1119625, -20105467//1119625, 39035732//1119625, -38148554//1119625, 8964552//223925, -1287717//223925, 97232//8957, -2621134//223925, 2212338//223925, -597166//86125, 4241122//1119625, -1498196//1119625, -519684//1119625, 1564534//1119625, -1771467//1119625, 1652232//1119625, -1179624//1119625, 190139//223925]
6; 11; 4; 11; 9; 1; 1; 7; 1; 1; [268491//1119625, -125564//1119625, 1403501//1119625, -21636//44785, 592128//1119625, 169398//1119625, 1006972//1119625, -2358337//1119625, -497698//1119625, -1612374//223925, -1548663//223925, 332596//44785, -18106//223925, -1580801//1119625, -5137856//1119625, -62897701//1119625, 2698//1325, 28682162//1119625, 22423257//1119625, 80798358//1119625, 36927662//1119625, 44088578//1119625, -4277289//223925, 48145267//223925, -2570244//8957, 61092244//223925, -18178476//86125, 149562967//1119625, -73111458//1119625, 2084402//223925, 27808466//1119625, -41690329//1119625, 47405279//1119625, -34111504//1119625, 26153314//1119625, -2726251//223925, 2886568//223925, -483129//44785, 1670361//223925, -4549848//1119625, 1444877//1119625, 580462//1119625, -343587//223925, 2038021//1119625, -1770679//1119625, 1378359//1119625, -742444//1119625, 349269//1119625]
6; 11; 4; 11; 7; 1; 1; 8; 1; 1; [-26223663//88450375, 2447486//17690075, -5104439//17690075, -42678787//88450375, -3282//54431, 69333247//88450375, 69274089//88450375, 14016701//6803875, 221080586//88450375, 18806376//3538015, 3091467//17690075, 70799224//17690075, 142104167//17690075, 843795898//88450375, -353648//223925, 221349211//17690075, 82492939//6803875, -19192106//3538015, -1557230342//88450375, -1162338599//88450375, -4925776378//88450375, -35971379//523375, -954072//8957, 2208310222//17690075, -1958185106//17690075, 18233773//223925, -4196738836//88450375, 338987226//17690075, 30658269//17690075, -1082143359//88450375, 59373848//3538015, -1499702221//88450375, 1051860778//88450375, -923118419//88450375, 4017369//6803875, -18989579//3538015, 75096538//17690075, -48753434//17690075, 24116523//17690075, -23702366//88450375, -7193072//17690075, 2590816//3538015, -66656939//88450375, 2244408//3538015, -40365291//88450375, 20241003//88450375, -10955054//88450375, -8191578//88450375]
6; 11; 4; 11; 3; 1; 1; 11; 1; 1; [-148654//63375, 21738//21125, 84736//21125, 264842//63375, -51296//21125, -35723//12675, 179528//63375, 263072//21125, -31757//4875, 84118//12675, 55492//4225, 22604//975, -37272//845, 2963509//63375, -1123318//21125, -5514698//63375, -4304624//21125, 389731//4875, 519083//2535, -295076//21125, -36880541//63375, -11216899//63375, 720253//12675, 4050121//12675, -2000396//4225, 1191308//2535, -23823788//63375, 15658273//63375, -2744693//21125, 1290584//63375, 174488//4875, -664934//12675, 4194251//63375, -5263403//63375, 669521//21125, -247153//12675, 7136//325, -80469//4225, 11511//845, -38056//4875, 183058//63375, 26536//63375, -54097//21125, 65218//21125, -33208//12675, 133436//63375, -114508//63375, 27448//63375]
6; 11; 4; 11; 12; 1; 1; 12; 1; 1; [-285538068//175781125, 98826512//175781125, 126185584//35156225, 155727408//35156225, 279355542//175781125, 210548003//175781125, 123358199//35156225, 5000159//13521625, -23772954//2704325, -335788514//35156225, 88486092//35156225, -64203331//7031245, -1585010673//35156225, 7077887508//175781125, -1136316842//175781125, -3163482768//35156225, -5961918676//35156225, -14132234377//175781125, 10738331692//175781125, 2569154787//35156225, 15797571823//175781125, 14049605539//35156225, 1479054412//2704325, 255075672//35156225, -2307255467//7031245, 15738758427//35156225, -75704893716//175781125, 59329373824//175781125, -597005332//2704325, 21547634//223925, -3818418246//175781125, -5719285829//175781125, 2204025384//35156225, -10138330771//175781125, 2430392863//35156225, -352586256//35156225, 664454138//35156225, -143155622//7031245, 603739413//35156225, -2106406806//175781125, 1167665249//175781125, -516274//223925, -32315836//35156225, 403894289//175781125, -487873259//175781125, 91544917//35156225, -316633286//175781125, 51551784//35156225]
6; 11; 4; 11; 9; 1; 1; 12; 1; 1; [193322924//175781125, 15677072//7031245, 45803393//35156225, 431975614//175781125, 73827698//35156225, -382322974//175781125, -27915439//7031245, -374225216//175781125, -1725729166//175781125, -665798938//35156225, -241819251//35156225, -8486136//1406249, -552117411//35156225, -8781362804//175781125, -2399399902//35156225, -1496864526//35156225, -8175974489//175781125, 1792972643//35156225, 41422334774//175781125, 5760321//26533, 26286074286//175781125, 3932812062//13521625, 11177925752//35156225, -6651341456//35156225, 535620058//7031245, 8372353//2704325, -702175444//13521625, 2231655568//35156225, -176545419//2704325, 52588209//1119625, -1015055433//35156225, 4456779017//175781125, 53514308//7031245, 233885248//175781125, 3869525468//175781125, 188164298//35156225, -39671834//35156225, -11024456//7031245, 98531991//35156225, -533522882//175781125, 86153217//35156225, -397078//223925, 159721668//175781125, -1838263//7031245, 12787537//175781125, 3800441//7031245, -50853162//175781125, 108995418//175781125]
6; 11; 4; 11; 2; 1; 1; 9; 1; 1; [86526967//527343375, -180045308//527343375, -172532557//527343375, 35345099//105468675, 2854822//35156225, -73248116//527343375, -541168906//527343375, 740023673//527343375, 79506006//35156225, 37469244//35156225, -1626077//2704325, 363600284//105468675, 2018742//1406249, -1426342604//175781125, 4371211198//527343375, 2574173909//175781125, -250578609//35156225, -281729529//35156225, -5306248898//175781125, 6152648//255125, -15148372028//527343375, -2848436834//35156225, -8911288//223925, -8624246//35156225, 2488484654//105468675, -226887679//7031245, 5414000623//175781125, -4220731782//175781125, 8615929951//527343375, -11066199//1406249, 34643992//35156225, 605259418//527343375, -557613314//175781125, 1658196061//527343375, -258512536//35156225, 1927787//2704325, -143142362//105468675, 154865806//105468675, -8721542//7031245, 151453633//175781125, -250347761//527343375, 92512396//527343375, 5070791//105468675, -6204069//35156225, 31234456//175781125, -85764032//527343375, 19524202//175781125, -1059568//7031245]
6; 11; 4; 11; 4; 1; 1; 4; 1; 1; [1730136//2029625, 13781314//6088875, 18173189//6088875, 3395536//1217775, 25545716//6088875, 238626//405925, -58699046//6088875, -85233682//6088875, -32254434//2029625, -12545656//1217775, -361966//31225, -21076984//1217775, 205158//405925, -247616533//6088875, -560370874//6088875, -562834589//6088875, -233774//18735, 130555949//6088875, 246953237//1217775, 2479489726//6088875, 1017721469//2029625, 2647180517//6088875, 3610949//1217775, -154115449//1217775, 209163476//1217775, -201837466//1217775, 776513936//6088875, -530196497//6088875, 216155738//6088875, -692354//93675, -1972392//156125, 998499//31225, -10594209//2029625, 257369581//6088875, 38873231//6088875, 678802//93675, -9514756//1217775, 8011559//1217775, -1867113//405925, 1174192//468375, -1882174//2029625, -2311382//6088875, 1093981//1217775, -6492698//6088875, 1396831//1217775, -753094//2029625, 5229416//6088875, 1178011//6088875]
6; 11; 4; 11; 11; 1; 1; 11; 1; 1; [-12949//21125, 4938//21125, -95493//21125, -103516//21125, 23542//21125, 82312//21125, 35951//4225, 109024//21125, 89277//21125, 8108//845, -52686//4225, -15582//4225, 97887//4225, 64193//1625, 107672//21125, 2506038//21125, 1131591//21125, -2314527//21125, -5425987//21125, -318597//845, -338879//21125, 2014353//21125, -1085//169, 857759//4225, -1175092//4225, 1131347//4225, -4355573//21125, 2817231//21125, -1229986//21125, 278953//21125, 360179//21125, -1021971//21125, 88793//4225, -679397//21125, 543189//21125, -9877//845, 53026//4225, -44813//4225, 31308//4225, -6571//1625, 28721//21125, 12514//21125, -2309//1625, 34914//21125, -37731//21125, 3521//4225, -14882//21125, 7744//21125]
6; 11; 4; 11; 6; 1; 1; 9; 1; 1; [-2260236566//527343375, -2701794347//527343375, -889551577//527343375, -2188648714//527343375, 218980796//527343375, 2944499764//527343375, 7233171484//527343375, 15642370786//527343375, 92952278//40564875, 246827596//105468675, 1325111907//35156225, 165089828//8112975, 372940928//21093735, 83198871136//527343375, 73181279947//527343375, 2921546414//175781125, -16623110962//175781125, -13310923997//40564875, -91716046274//527343375, -227403130534//527343375, -150954158892//175781125, 11658230147//175781125, 39021148//671775, -5284024724//105468675, 4113877424//105468675, -461039842//21093735, 8652983498//527343375, 3491923726//527343375, -50562173//9949875, 1905119462//527343375, -908541341//40564875, -1067763547//527343375, -4091868374//175781125, -19592477678//527343375, 1432877543//527343375, 210081044//105468675, -3431724//2704325, 23345332//35156225, -877856//7031245, -1902674//40564875, 238147661//527343375, -59995588//175781125, 38402194//175781125, -257242283//527343375, -6102599//175781125, -214036367//527343375, -131640076//175781125, 17297496//175781125]
6; 11; 4; 11; 3; 1; 1; 5; 1; 1; [-1338584869//955953375, -1170410702//955953375, -664481777//318651125, 1646058//4902325, 574624168//955953375, 3866058881//955953375, 96477961//24511625, 1966655891//191190675, 1081921101//318651125, 344470636//38238135, 491439804//63730225, 2765371327//191190675, 960988794//63730225, 14768358668//318651125, 26457048302//955953375, 42179745451//955953375, -2858216398//38238135, -96636577118//955953375, -144980959936//955953375, -140155737199//955953375, -39009784808//191190675, -41478852096//318651125, -3663068792//38238135, -66548812//4902325, 14492749397//191190675, -6073720576//63730225, 87365441212//955953375, -63727955584//955953375, 42262820243//955953375, -4282641734//191190675, -2634319019//955953375, 524190799//318651125, -18639317252//955953375, 9186315//2549209, -5174152128//318651125, 6384206//2549209, -785989912//191190675, 815413298//191190675, -222125874//63730225, 2308481012//955953375, -1179957674//955953375, 383012858//955953375, 31376182//191190675, -195240778//318651125, 446435777//955953375, -617456657//955953375, 38222504//191190675, -104386793//318651125]
6; 11; 4; 11; 10; 1; 1; 9; 1; 1; [34001009//35156225, -327305402//175781125, -518997052//175781125, -4006226//3316625, 49900628//35156225, -34460792//13521625, -1021780148//175781125, 149328739//175781125, 2505283242//175781125, 476942356//35156225, -126324489//35156225, 27144456//2704325, 1529528294//35156225, -45920620//1406249, 7978514542//175781125, 15816767147//175781125, 15155886298//175781125, -2850968283//35156225, -1311734208//13521625, 11889641058//175781125, 16866627//3316625, -83607845962//175781125, -165353192//223925, 251723536//35156225, 14746805988//35156225, -20480793626//35156225, 19853259642//35156225, -77804077244//175781125, 51173240286//175781125, -23799101106//175781125, 792866421//35156225, 7062372468//175781125, -998981662//13521625, 14223518533//175781125, -15576467506//175781125, 441466364//35156225, -66129532//2704325, 934587512//35156225, -793425174//35156225, 557091294//35156225, -1550028589//175781125, 549242506//175781125, 175096594//175781125, -109564309//35156225, 633102248//175781125, -575676711//175781125, 436029348//175781125, -334064326//175781125]
6; 11; 4; 11; 4; 1; 1; 3; 1; 1; [26213719202//41253961125, 40169717836//41253961125, 51603852271//41253961125, 61591607383//41253961125, 25957258714//41253961125, -56768337281//41253961125, -258210278513//41253961125, -104013216482//13751320375, -10624317283//2750264075, -10338965476//8250792225, -2342503726//550052815, -37278395116//8250792225, 9320804996//2750264075, -1075010192287//41253961125, -412797906082//13751320375, -345548532627//13751320375, 260985952952//41253961125, 2701121507626//41253961125, 4264558691071//41253961125, 2719727712461//13751320375, 9857866993991//41253961125, 160329628271//2750264075, -1154817161281//8250792225, -2574315889//330031689, 755547533134//8250792225, -1010968543177//8250792225, 1587273289983//13751320375, -1259714329591//13751320375, 2315495422672//41253961125, -366036128018//13751320375, 287412655328//41253961125, 608979319363//41253961125, -301935084551//41253961125, 1135576957513//41253961125, -30316715313//2750264075, 23894034241//8250792225, -8576475298//1650158445, 45433186271//8250792225, -12685293941//2750264075, 43584928253//13751320375, -24282534011//13751320375, 7356836504//13751320375, 10114492736//41253961125, -24728434247//41253961125, 35335149113//41253961125, -21217058201//41253961125, 9688975526//13751320375, -2030578582//8250792225]
6; 11; 4; 11; 8; 1; 1; 11; 1; 1; [3413//21125, -21891//21125, -1917//21125, 7464//21125, 13346//4225, 154107//21125, 15046//1625, 10963//845, 193429//21125, 40216//4225, 21756//4225, 69338//4225, 11561//4225, 165942//21125, 478001//21125, -313108//21125, -1422329//21125, -597426//4225, -5959462//21125, -3281048//21125, -1320452//4225, -609874//21125, -217454//4225, 477576//4225, -529552//4225, 461481//4225, -1637699//21125, 961738//21125, -360689//21125, -130427//21125, 31457//4225, -636986//21125, 189416//21125, -110927//4225, 129348//21125, -23781//4225, 22574//4225, -17348//4225, 11019//4225, -25549//21125, 4023//21125, 742//1625, -17042//21125, 2722//4225, -18286//21125, 6076//21125, -2058//4225, 743//21125]
6; 11; 4; 11; 11; 1; 1; 5; 1; 1; [-357105714//828492925, 3026694734//4142464625, -19823941//33139717, -2304886303//4142464625, -3224028556//4142464625, -16166645721//4142464625, -852668122//4142464625, 2392567253//4142464625, 17359367237//4142464625, 386920304//33139717, -273956781//165698585, 281179211//33139717, 454350443//63730225, -12294416//5277025, -108554131194//4142464625, 32281090346//828492925, 38333528568//4142464625, 177483692116//4142464625, 375711804176//4142464625, -344438838798//4142464625, -248075751138//4142464625, -1018916378252//4142464625, -8371533082//33139717, 43568913886//165698585, -7186836155//33139717, 122994651404//828492925, -65531247199//828492925, 91908110818//4142464625, 12646531941//828492925, -131929938836//4142464625, 160683703008//4142464625, -116739192202//4142464625, 81023765806//4142464625, -67363319759//4142464625, -1887595872//318651125, -358373282//33139717, 1324372412//165698585, -12180628//2549209, 1649763981//828492925, 22880233//828492925, -5037997607//4142464625, 106388668//63730225, -6481354301//4142464625, 5237407218//4142464625, -2939105532//4142464625, 1268099556//4142464625, -481864204//4142464625, -1403695591//4142464625]
6; 11; 4; 11; 12; 1; 1; 6; 1; 1; [69317526//26385125, 37277477//26385125, -5057567//26385125, -26011656//26385125, 71429686//26385125, 56945846//26385125, -143089883//26385125, -339954883//26385125, -52755177//26385125, 30915816//5277025, -40178472//5277025, -163128213//5277025, 6236472//405925, -1850665841//26385125, -896044287//26385125, -4650566//2029625, 2191097101//26385125, 624757219//26385125, -1320921071//26385125, 4262478593//26385125, 10410375308//26385125, 2529768022//26385125, -1991572749//5277025, -1246439837//5277025, 2873557367//5277025, -3263347619//5277025, 14173620302//26385125, -10299858951//26385125, 5925896336//26385125, -2153742057//26385125, -294391983//26385125, 1695150207//26385125, -2050002351//26385125, 2559249714//26385125, -1473601364//26385125, 107248109//5277025, -145414638//5277025, 10687061//405925, -108106731//5277025, 343684552//26385125, -164834391//26385125, 26670546//26385125, 60138083//26385125, -95679148//26385125, 98273727//26385125, -6011537//2029625, 64452654//26385125, -27274444//26385125]
6; 11; 4; 11; 9; 1; 1; 6; 1; 1; [96859684//26385125, 443347461//26385125, 23539452//5277025, 224484048//26385125, 546657984//26385125, -150347446//26385125, -205373211//5277025, -62785072//26385125, -98787199//5277025, -663326054//5277025, -459260274//5277025, 89553326//5277025, -693930807//5277025, -6380626854//26385125, -12382286681//26385125, 452411452//5277025, -6915541258//26385125, -360758303//2029625, 2320427312//2029625, 1442255481//1055405, 795550162//26385125, 8665637026//5277025, 19180809736//5277025, -2149815414//5277025, -8203109214//5277025, 12570801558//5277025, -63722690892//26385125, 50696720492//26385125, -6809706322//5277025, 17216345606//26385125, -4658574552//26385125, -2656666647//26385125, 1957335072//5277025, -8918363134//26385125, 1925861694//5277025, -214153731//5277025, 513356024//5277025, -587376026//5277025, 39586899//405925, -1867409772//26385125, 1072076052//26385125, -16648376//1055405, -55536814//26385125, 307506613//26385125, -376859737//26385125, 81498774//5277025, -287170304//26385125, 1735333//211081]
6; 11; 4; 11; 3; 1; 1; 2; 1; 1; [66278114161//180062887875, -12282446516//60020962625, -69892968008//180062887875, 120455906699//60020962625, -178121077894//180062887875, 669220105666//180062887875, -24266297886//12004192525, -27769736531//60020962625, -12440211918//4616997125, -131411412244//36012577575, -92587159894//12004192525, 3221775331//554039655, -83709482491//36012577575, -1457308811102//60020962625, 896924410266//60020962625, -1049406035849//60020962625, -2040294071089//60020962625, 16347008108//13850991375, -18933785859476//180062887875, 4850973135134//36012577575, 2479566961446//60020962625, 23838400637732//180062887875, -1905631534//36012577575, 1824673356676//12004192525, -506079947387//2400838505, 2445404875323//12004192525, -184425814169//1146897375, 6211747737028//60020962625, -9082517810266//180062887875, 450897505393//60020962625, 226426625999//13850991375, -1955888877246//60020962625, 253308620522//7202515515, -4002493281811//180062887875, 4050370607246//180062887875, -106218069777//12004192525, 26511421094//2770198275, -11698889654//1440503103, 68314407417//12004192525, -44126063971//13850991375, 65430590258//60020962625, 59592456284//180062887875, -68045154147//60020962625, 79825054104//60020962625, -232074346448//180062887875, 36148416883//36012577575, -89896445986//180062887875, 20246691082//60020962625]
6; 11; 4; 11; 8; 1; 1; 5; 1; 1; [125817899//318651125, 648395303//828492925, 646222601//828492925, 31308766//63730225, -2614835332//4142464625, -55616172//165698585, -3151515661//4142464625, -61409369//33139717, -5797503604//4142464625, -394768028//63730225, -4418782881//828492925, -10237632897//828492925, -14126731487//828492925, -92903749902//4142464625, -22161651079//828492925, -2983389934//165698585, 942294122//63730225, 214954702507//4142464625, 35383276698//828492925, 205780643541//4142464625, 1292703379//165698585, -1500541447//318651125, 55733606506//828492925, -43364655306//828492925, 26815422193//828492925, -13352015112//828492925, 4613187314//4142464625, 157358412//33139717, -8539812117//828492925, 343064510//33139717, -22981873219//4142464625, 6006477738//828492925, -2172068082//4142464625, 184183811//165698585, 1460883667//4142464625, 1518849744//828492925, -829589764//828492925, 250385652//828492925, 108640647//828492925, -1667448266//4142464625, 350826467//828492925, -340410444//828492925, 249478092//828492925, -520261309//4142464625, 86363562//828492925, 195737413//4142464625, -6509948//165698585, 235999492//4142464625]
6; 11; 4; 11; 5; 1; 1; 9; 1; 1; [-297799259//527343375, -56087381//35156225, -469462706//527343375, 201944761//175781125, -742869346//527343375, -120861553//527343375, 216186757//175781125, 2471931466//527343375, 127670804//13521625, -457193782//105468675, 147791066//35156225, 35822068//1622595, -651223903//105468675, 5629282309//527343375, 5869096277//105468675, 9047736271//527343375, -23766544658//527343375, -768961573//40564875, -12585210019//175781125, 5412765483//175781125, -37031206252//175781125, -176531506781//527343375, 170537129//671775, 273489163//105468675, -632207126//4218747, 21857431147//105468675, -105103502903//527343375, 5579407391//35156225, -52469443237//527343375, 8109580012//175781125, -379118429//40564875, -10262533211//527343375, 15178920227//527343375, -6690298881//175781125, 4437025627//527343375, -485367778//105468675, 70727314//8112975, -65946627//7031245, 279472606//35156225, -225131941//40564875, 65958523//21093735, -179611904//175781125, -206341204//527343375, 566523968//527343375, -720543301//527343375, 633159082//527343375, -552921418//527343375, 123728897//527343375]
6; 11; 4; 11; 7; 1; 1; 9; 1; 1; [-118297974//175781125, 3975151//13521625, -30472033//175781125, -182179549//175781125, 20742882//35156225, -145340202//175781125, 176586216//175781125, 495013321//175781125, -130632018//35156225, 232190822//35156225, 61056504//35156225, -165712247//35156225, 39197947//7031245, 229256523//13521625, -2132531313//175781125, 1473024638//175781125, 308801164//175781125, -12727811//540865, 4788743047//175781125, -19498355736//175781125, -11501967436//175781125, 805947552//7031245, -45431899//223925, 4677356439//35156225, -2333164507//35156225, 103038717//7031245, 3381634792//175781125, -6062869079//175781125, 6444008594//175781125, -5353005818//175781125, 708449061//35156225, -1831469164//175781125, -212024973//175781125, -261333158//175781125, 32646846//35156225, -145768002//35156225, 53004606//35156225, 11288177//35156225, -9281832//7031245, 291877262//175781125, -267276419//175781125, 15451598//13521625, -122021628//175781125, 9982082//35156225, 83962//13521625, -43529463//175781125, 29127242//175781125, -4225863//35156225]
6; 11; 4; 11; 3; 1; 1; 10; 1; 1; [1591728//1119625, 2626853//671775, 31013477//3358875, 22768326//1119625, 70423874//3358875, 6968237//3358875, -4113269//134355, -175701407//3358875, -2365466//51675, -24478132//671775, -7265872//223925, -161391//17225, -499281//223925, -448617929//3358875, -33216943//134355, -1093131272//3358875, -1225363223//3358875, -1487591//19875, 2245072673//3358875, 1143667439//671775, 2337617314//1119625, 211674026//223925, -22134517//671775, -114992261//671775, 56601197//223925, -169420703//671775, 658498258//3358875, -32399257//223925, 177217864//3358875, -686991//21125, -99898//4875, 212254064//3358875, 27842489//671775, 419542166//3358875, 14526544//671775, 6965537//671775, -202326//17225, 6839489//671775, -1636474//223925, 1056056//258375, -1200422//671775, -1799206//3358875, 3222581//3358875, -5630282//3358875, 6932284//3358875, 216451//671775, 8347906//3358875, 110963//223925]
6; 11; 4; 11; 11; 1; 1; 2; 1; 1; [-5730941066//60020962625, 4929666922//12004192525, -35322017844//60020962625, 66844524741//60020962625, -144953397856//60020962625, 21011772991//12004192525, -117516453056//60020962625, 15385986392//60020962625, 37137783889//12004192525, -2356188464//480167701, 127502120841//12004192525, -133211178689//12004192525, 127252911306//12004192525, -545085265814//60020962625, -29276871306//12004192525, 1034504303869//60020962625, -1920147935541//60020962625, 5091137954871//60020962625, -205751647034//2400838505, 7085646989126//60020962625, -7910905581682//60020962625, 402372645789//12004192525, 47773229648//2400838505, -2588741912864//12004192525, 3446835882821//12004192525, -3269420512064//12004192525, 80437775689//382299125, -320832155604//2400838505, 3797774782602//60020962625, -627797487553//60020962625, -92189719199//4616997125, 412044896988//12004192525, -2025009588882//60020962625, 1558995978224//60020962625, -240393311969//12004192525, 29262168004//2400838505, -154775973736//12004192525, 129393291214//12004192525, -6869445942//923399425, 242635672313//60020962625, -15438074187//12004192525, -33557126678//60020962625, 90807174967//60020962625, -103678530087//60020962625, 18305873226//12004192525, -64058862917//60020962625, 34640393144//60020962625, -596084211//2400838505]
6; 11; 4; 11; 3; 1; 1; 8; 1; 1; [-129833843//265351125, -107784523//265351125, 50678014//53070225, 191028719//265351125, -845101402//265351125, -1278313822//265351125, -504016534//265351125, 366102863//265351125, 177223//54431, 252051494//53070225, 142221202//17690075, 8933846//816465, -71519234//17690075, 1819980083//265351125, 1628396571//88450375, -94086799//17690075, 784118547//88450375, 1863521479//20411625, 11709440709//88450375, 9917952124//265351125, -15956875986//88450375, -16287548294//53070225, -5399871811//53070225, 5454720311//53070225, -174350392//2122809, 2906744393//53070225, -7380632666//265351125, 2088966349//265351125, 22441197//3538015, -3397983917//265351125, 2388248//128375, -562849748//88450375, 921442079//88450375, -1156170308//88450375, -12196768//1001325, -220307504//53070225, 12269258//4082325, -6122019//3538015, 11756449//17690075, 1856288//20411625, -130027241//265351125, 34305016//53070225, -159294482//265351125, 47927192//88450375, -46731194//265351125, 43339052//265351125, -44567474//265351125, -16937566//53070225]
6; 11; 4; 11; 2; 1; 1; 7; 1; 1; [-85333//223925, -2595284//3358875, -5761768//3358875, -12262268//3358875, -2994414//1119625, 3744401//3358875, 1729514//258375, 22824137//3358875, 50374241//3358875, 1287716//134355, 598043//44785, 1206463//671775, 99272//3975, 13830478//671775, 10634498//258375, 134829893//3358875, 331011058//3358875, -116714443//3358875, -484007296//3358875, -29157678//86125, -311174294//1119625, -1518931361//3358875, -1856014//134355, -14390888//134355, 105824963//671775, -103699867//671775, 6451597//51675, -266859488//3358875, 142658194//3358875, -15496816//3358875, -42326099//3358875, 47101747//3358875, -125594666//3358875, 20201359//3358875, -2881707//86125, 874739//134355, -194470//26871, 107898//17225, -994746//223925, 1721483//671775, -1004716//1119625, -170272//1119625, 228388//258375, -1151823//1119625, 16823//21125, -1099827//1119625, 11938//63375, -1927963//3358875]
6; 11; 4; 11; 12; 1; 1; 4; 1; 1; [-17995021//26385125, 57543451//26385125, -587377//1055405, -96560011//26385125, -87259626//26385125, -2713208//2029625, 24559659//5277025, 401382091//26385125, -14234143//26385125, -5486912//211081, 23547711//5277025, 227508303//5277025, -39353468//5277025, 2129327//2029625, -894251941//26385125, 261504606//5277025, -901933354//26385125, 888825781//26385125, 6358381709//26385125, -13719499//5277025, -19243715276//26385125, -8168673262//26385125, 806791853//1055405, 345601781//5277025, -2812927437//5277025, 3707970317//5277025, -17489443477//26385125, 1031603779//2029625, -1682539344//5277025, 3880736148//26385125, -470830112//26385125, -1281238938//26385125, 493356693//5277025, -3381382138//26385125, 1671093064//26385125, -18204571//1055405, 157846994//5277025, -165588413//5277025, 137906763//5277025, -473788007//26385125, 254902527//26385125, -15563006//5277025, -39920292//26385125, 100820108//26385125, -110402328//26385125, 20449538//5277025, -90869098//26385125, 36686564//26385125]
6; 11; 4; 11; 11; 1; 1; 10; 1; 1; [387732//1119625, -3286698//1119625, -2004926//223925, -17962473//1119625, -11696//689, -8112264//1119625, 12754011//1119625, 40549578//1119625, 59097916//1119625, 10152722//223925, 4895226//223925, 340668//17225, 10213539//223925, 63246938//1119625, 228966858//1119625, 3126375//8957, 459350393//1119625, 30642914//223925, -497751166//1119625, -1216119551//1119625, -1736037838//1119625, -1590318356//1119625, -144038608//223925, 35405666//223925, 35383844//223925, -68693386//223925, 379574464//1119625, -310536106//1119625, 48675222//223925, -105351171//1119625, 10130664//223925, -751636//86125, -98127078//1119625, -499328//21125, -119380468//1119625, 502453//223925, -204272//17225, 3400426//223925, -3150759//223925, 12069464//1119625, -7271011//1119625, 56878//17225, 1343//21125, -21168//17225, 1849812//1119625, -3313103//1119625, 345496//1119625, -2572218//1119625]
6; 11; 4; 11; 8; 1; 1; 2; 1; 1; [-34355676267//60020962625, 39560722//4616997125, -8562498317//60020962625, -75844802743//60020962625, -62913131116//60020962625, -145013863929//60020962625, 29653147574//60020962625, 235888213591//60020962625, -1844180632//60020962625, 15515878312//2400838505, 69703089843//12004192525, 164839656//2400838505, 31335113216//2400838505, 756768777457//60020962625, -356291479146//60020962625, 1348855448212//60020962625, 679652634023//60020962625, 7487165719//355153625, 2603901739759//60020962625, -6942478114964//60020962625, -5232744748551//60020962625, -710649522003//60020962625, -364899931757//2400838505, 911324536453//12004192525, -3017603036//184679885, -49714090222//2400838505, 15122585268//382299125, -2514373912723//60020962625, 166314009812//4616997125, -1428032268401//60020962625, 857748258298//60020962625, -143165209688//60020962625, -417376982807//60020962625, 4389164474//4616997125, -379961828929//60020962625, -4113017054//2400838505, -4491531428//12004192525, 3656850217//2400838505, -901750983//480167701, 104589174156//60020962625, -78408610183//60020962625, 48959279076//60020962625, -20269888846//60020962625, 169210426//4616997125, 12790524522//60020962625, -1631034269//4616997125, 10545467152//60020962625, -12539504949//60020962625]
6; 11; 4; 11; 9; 1; 1; 4; 1; 1; [33049522//26385125, 45015093//26385125, 32147043//26385125, -55314807//26385125, -135803536//26385125, -24262822//5277025, 17392976//26385125, 85507374//26385125, 3348741//2029625, -41733174//5277025, -67536357//5277025, -23520298//5277025, 105107637//5277025, -231032592//26385125, -646790873//26385125, -1216999438//26385125, 924359157//26385125, 238124242//2029625, 191091118//1055405, 2949638394//26385125, -305783094//26385125, -4276449588//26385125, -972853854//5277025, -119688912//5277025, 724267682//5277025, -932017878//5277025, 4370196404//26385125, -3376157374//26385125, 2035942711//26385125, -910549719//26385125, 245121998//26385125, 124896129//5277025, -492320838//26385125, 615878938//26385125, -702509844//26385125, 23775129//5277025, -40113248//5277025, 41625028//5277025, -34324167//5277025, 9014068//2029625, -63192504//26385125, 17544736//26385125, 11426391//26385125, -22873042//26385125, 6650183//5277025, -23056583//26385125, 18215008//26385125, -14393649//26385125]
6; 11; 4; 11; 6; 1; 1; 7; 1; 1; [-741606//1119625, -626154//1119625, -118496//63375, -12123424//3358875, -5366162//1119625, -21898607//3358875, -15728314//3358875, -6383093//3358875, -267107//258375, 1607334//223925, 390232//44785, 647141//51675, 4257178//223925, 186706838//3358875, 242766752//3358875, 436958248//3358875, 190978673//1119625, 16461269//86125, 702233182//3358875, 351017434//3358875, 236412613//3358875, 210019631//3358875, -9963676//223925, 2753120//26871, -77085667//671775, 68046599//671775, -233797111//3358875, 50198612//1119625, -32861236//3358875, 17817337//3358875, 5457136//258375, -21406394//3358875, 21777294//1119625, -26813011//3358875, 10929181//1119625, -3447152//671775, 16914//3445, -2549398//671775, 546372//223925, -283997//258375, 813641//3358875, 1770034//3358875, -1796858//3358875, 2904013//3358875, -1333834//3358875, 1611137//3358875, -490186//3358875, 125631//1119625]
6; 11; 4; 11; 11; 1; 1; 8; 1; 1; [-4150031//3538015, -206609202//88450375, -307163212//88450375, -285475522//88450375, -30911216//88450375, 23854871//6803875, 776576682//88450375, 903598426//88450375, 578703958//88450375, 136615938//17690075, 4472010//707603, 219357323//17690075, 386336693//17690075, 971073581//17690075, 6045062342//88450375, 6178288902//88450375, 541647282//88450375, -10841191564//88450375, -21161900373//88450375, -27667188572//88450375, -23297370966//88450375, -11592471673//88450375, -1002019587//17690075, 284712713//3538015, -1369062127//17690075, 1103524258//17690075, -659254224//17690075, 1990344581//88450375, -4224403//6803875, -507780214//88450375, 441328398//88450375, -1940372534//88450375, -435574871//88450375, -1619141873//88450375, -220995279//88450375, -64525303//17690075, 11048664//3538015, -38648613//17690075, 22088862//17690075, -6752436//17690075, -5506289//88450375, 42084816//88450375, -44289399//88450375, 31368813//88450375, -48341524//88450375, -409677//6803875, -27724548//88450375, -9755039//88450375]
6; 11; 4; 11; 8; 1; 1; 10; 1; 1; [-1333//4225, -75819//21125, -189498//21125, -266791//21125, -225878//21125, 2064//4225, 343436//21125, 715654//21125, 866607//21125, 164136//4225, 107397//4225, 97384//4225, 165043//4225, 56941//845, 3601909//21125, 419706//1625, 4276306//21125, -1942047//21125, -2514207//4225, -1645732//1625, -24816549//21125, -18435397//21125, -1497789//4225, 327007//4225, 33258//325, -772247//4225, 844211//4225, -3329283//21125, 2670289//21125, -1133532//21125, 343749//21125, -3167//169, -1459893//21125, -545827//21125, -1352521//21125, 7859//4225, -30402//4225, 37831//4225, -34428//4225, 26197//4225, -76268//21125, 39194//21125, 1918//21125, -19286//21125, 2941//4225, -43263//21125, -1382//21125, -28726//21125]
6; 11; 4; 11; 10; 1; 1; 7; 1; 1; [23243//44785, 3516104//1119625, 2339136//1119625, 1438006//1119625, 3018406//1119625, 1504968//1119625, -2571774//1119625, -6517892//1119625, -10456804//1119625, -948366//44785, -1753854//223925, -502454//44785, -526376//17225, -6063812//223925, -102762954//1119625, -48480401//1119625, -39342556//1119625, 37086584//1119625, 147551932//1119625, 160391984//1119625, 237338677//1119625, 37793748//86125, 29432844//44785, -33880564//223925, -7776892//44785, 73011257//223925, -79301722//223925, 329672068//1119625, -235754078//1119625, 127520802//1119625, -41771383//1119625, -8236944//1119625, 53153852//1119625, -44131304//1119625, 71626202//1119625, -125734//44785, 2842194//223925, -11008//689, 3294438//223925, -2499428//223925, 7601098//1119625, -3447828//1119625, 218822//1119625, 1659932//1119625, -2275834//1119625, 2517552//1119625, -1699214//1119625, 1671632//1119625]
6; 11; 4; 11; 12; 1; 1; 3; 1; 1; [-161373830926//178767164875, 53135294296//35753432975, 464470126256//178767164875, 303368674094//178767164875, -269682431112//178767164875, -24095582208//178767164875, 31069770338//7150686595, 350787216407//178767164875, -1358417074557//178767164875, -388400226404//35753432975, 8904308856//35753432975, -35175356729//7150686595, -1022392666999//35753432975, 5424129747681//178767164875, -81518413468//2750264075, -11169985993591//178767164875, -17161392787784//178767164875, 703499647714//13751320375, 24914217753783//178767164875, 85512002688//7150686595, -14961330912422//178767164875, 38547168207987//178767164875, 1296340273897//2750264075, 639489850791//35753432975, -2137836419907//7150686595, 14374873793406//35753432975, -68599685239837//178767164875, 10646207829599//35753432975, -34579987160383//178767164875, 15359956155808//178767164875, -2147656928109//178767164875, -4694302004286//178767164875, 385891655043//7150686595, -10524367425996//178767164875, 9836887791261//178767164875, -333507537306//35753432975, 608786191344//35753432975, -25990417859//1430137319, 545250127284//35753432975, -1890813901517//178767164875, 41391736739//7150686595, -348230682418//178767164875, -149168838357//178767164875, 390758607361//178767164875, -430949383146//178767164875, 16227858073//7150686595, -309539433076//178767164875, 209386095486//178767164875]
6; 11; 4; 11; 2; 1; 1; 12; 1; 1; [4847083//527343375, -4564763//8112975, -406871038//527343375, -245104693//175781125, -424685782//527343375, 8793979//21093735, 453959048//175781125, 260830952//175781125, 107036122//35156225, 278717476//105468675, 209297403//35156225, 753506242//105468675, 31917563//1989975, 1591580722//527343375, 85791757//4218747, 3036292281//175781125, 7010000748//175781125, 8949681//1040125, -128392622//4218747, -64424509954//527343375, -63568978481//527343375, -3585553084//21093735, -9054729644//105468675, -1734032366//105468675, 2580086144//35156225, -736314467//8112975, 44508978866//527343375, -6607831372//105468675, 21037181834//527343375, -51854554//3358875, 824186566//527343375, 147913237//21093735, -3135277254//175781125, 1178165734//175781125, -1835390042//105468675, 261683909//105468675, -415835354//105468675, 425449918//105468675, -115027063//35156225, 1167419716//527343375, -39971318//35156225, 28368//86125, 141709987//527343375, -87933523//175781125, 11406439//21093735, -313503562//527343375, 130079422//527343375, -36368564//105468675]
6; 11; 4; 11; 9; 1; 1; 3; 1; 1; [68513362644//178767164875, 399049553181//178767164875, 525440083206//178767164875, 429412533567//178767164875, 350563499708//178767164875, -340686648052//178767164875, -1176420517214//178767164875, -866611150768//178767164875, -578339854553//178767164875, -390080190878//35753432975, -545340165681//35753432975, -566563036569//35753432975, -51841867781//2750264075, -4786031832519//178767164875, -9139040499401//178767164875, -8252087531086//178767164875, -9477612474807//178767164875, -1561224117443//178767164875, 28383473403957//178767164875, 54180148952564//178767164875, 45462393513733//178767164875, 43476037870658//178767164875, 7957946638087//35753432975, -2803307464641//35753432975, -809011745479//35753432975, 2667875269212//35753432975, -313717714009//3372965375, 14477083823957//178767164875, -11468002018403//178767164875, 6286405575249//178767164875, -2930067587299//178767164875, 1345057445921//178767164875, 310219724599//13751320375, -160058449141//178767164875, 4127278781454//178767164875, 20970376263//35753432975, 93770238356//35753432975, -11027843007//2750264075, 142572107238//35753432975, -580454120497//178767164875, 374756515242//178767164875, -15553596596//13751320375, 39967054194//178767164875, 45387234206//178767164875, -68392299129//178767164875, 147449927757//178767164875, -47447692256//178767164875, 97901771384//178767164875]
6; 11; 4; 11; 4; 1; 1; 11; 1; 1; [-19211//63375, -13072//21125, 4324//2535, 4438//63375, 9556//12675, -81442//12675, -38684//12675, -563761//63375, -20204//4875, -195158//12675, 26076//4225, -2201//975, -9226//2535, -601774//63375, 1132876//63375, -176102//4225, 566179//21125, 3004//195, 216924//845, 2348722//12675, 2951277//21125, -264253//63375, 2330032//12675, 610718//12675, -2200283//12675, 538138//2535, -12288422//63375, 9213238//63375, -1137586//12675, 2467921//63375, -173//325, -108671//12675, 94028//2535, -1373417//63375, 463487//21125, -76457//12675, 9004//975, -39244//4225, 6336//845, -24394//4875, 163373//63375, -2888//4225, -11998//21125, 5102//4225, -13837//12675, 16229//12675, -42652//63375, 9352//21125]
6; 11; 4; 11; 6; 1; 1; 12; 1; 1; [-578658644//527343375, -299728816//175781125, -476145134//175781125, -677972981//175781125, -756171088//175781125, -1935597286//527343375, 87953923//35156225, 3639875114//527343375, 203594561//40564875, 504974066//105468675, 280343478//35156225, 100261436//8112975, 478755627//35156225, 27898162199//527343375, 42536584508//527343375, 55957388132//527343375, 39990801953//527343375, 1794195643//40564875, 4200860291//527343375, -6200476319//35156225, -51791695733//175781125, -38823148061//175781125, -4612239949//105468675, 8963384159//105468675, -3203271564//35156225, 8272362086//105468675, -9164637606//175781125, 5974504273//175781125, -972606893//175781125, 163499//1119625, 510034489//40564875, -6514976582//527343375, 73623517//21093735, -11529190247//527343375, -2576218609//527343375, -436283291//105468675, 31176992//8112975, -305585113//105468675, 63676268//35156225, -10255122//13521625, 72149039//527343375, 1556228//3358875, -258706076//527343375, 311556212//527343375, -76670154//175781125, 14971381//105468675, -210784372//527343375, -81109144//527343375]
6; 11; 4; 11; 8; 1; 1; 8; 1; 1; [-5640072//88450375, 23297024//88450375, 37009432//88450375, 102111439//88450375, 185247702//88450375, 475829017//88450375, 418522828//88450375, 106379004//88450375, 529949//523375, -41843088//17690075, -38845311//17690075, 18420552//17690075, -32161708//3538015, 146986542//88450375, -118845458//6803875, -2706139032//88450375, -4518359139//88450375, -6089155842//88450375, -12290694952//88450375, -6217571718//88450375, 2608367001//88450375, 10417919039//88450375, 3361474392//17690075, 404284734//17690075, -193427666//1360775, 648091581//3538015, -15178632954//88450375, 11530169878//88450375, -93284314//1119625, 3095193663//88450375, -637762506//88450375, -1972325596//88450375, 1887908886//88450375, -2065358502//88450375, 2235254947//88450375, -82634607//17690075, 138846626//17690075, -144351642//17690075, 4765932//707603, -406689684//88450375, 215730743//88450375, -66666466//88450375, -40777157//88450375, 83289264//88450375, -111628636//88450375, 83323976//88450375, -61825782//88450375, 46112527//88450375]
6; 11; 4; 11; 10; 1; 1; 12; 1; 1; [-3315834//3316625, -74917146//35156225, 237265971//175781125, 123770931//175781125, -920002444//175781125, -186356727//175781125, 2146985154//175781125, 645372362//175781125, -1910600893//175781125, 447388072//35156225, 35607045//1406249, -378771754//35156225, -314405696//35156225, 9568882567//175781125, 2784228346//35156225, -15711438211//175781125, -10141756036//175781125, 24122665754//175781125, -3894014613//175781125, -63920559844//175781125, -18697682272//175781125, 19196967223//175781125, -8723325623//35156225, -26505701//1406249, 6033871446//35156225, -7985890346//35156225, 38063400756//175781125, -5667373937//35156225, 17553511592//175781125, -4377008//86125, 2222579662//175781125, 3181108301//175781125, -8202074097//175781125, 4549800869//175781125, -3522448251//175781125, 194647358//35156225, -13525020//1406249, 356189799//35156225, -297205449//35156225, 1029169836//175781125, -107982292//35156225, 1005606//1119625, 74529852//175781125, -14927551//13521625, 245689541//175781125, -274826287//175781125, 144336704//175781125, -77712246//175781125]
6; 11; 4; 11; 5; 1; 1; 7; 1; 1; [-145759//223925, -10571948//3358875, 2604356//1119625, 2080276//3358875, -2543722//1119625, 2702161//671775, 235434//1119625, -7801619//3358875, 83918//86125, 1222552//134355, 3386244//223925, -125781//17225, 6847541//671775, 26729338//671775, 212481638//3358875, -401204138//3358875, 96048779//3358875, 3508697//258375, -122635108//671775, 216034478//3358875, 126200674//3358875, -299490122//3358875, -47044448//134355, -124085398//671775, 309011561//671775, -355619359//671775, 104853414//223925, -1126695326//3358875, 645708286//3358875, -85066701//1119625, -1845929//258375, 1272328//26871, -233807836//3358875, 78193119//1119625, -189052436//3358875, 2273543//134355, -1211914//51675, 15228364//671775, -3978557//223925, 39564//3445, -6136647//1119625, 1023562//1119625, 6150632//3358875, -3449129//1119625, 2067244//671775, -2941427//1119625, 2092514//1119625, -3568556//3358875]
6; 11; 4; 11; 4; 1; 1; 5; 1; 1; [-197933087//955953375, -765296072//955953375, -717188872//955953375, -540452152//955953375, 264697064//955953375, 362379118//191190675, 955914654//318651125, 1437754587//318651125, 955612587//318651125, 489043456//191190675, 147829589//63730225, 71231963//12746045, 1700865461//191190675, 14085142217//955953375, 27463674812//955953375, 18467923772//955953375, 572113747//955953375, -13261287438//318651125, -11782286389//191190675, -20805279864//318651125, -5802344152//73534875, 416665984//955953375, -5309505389//191190675, 4966047317//191190675, -741032917//38238135, 2403109166//191190675, -4570383724//955953375, 1704041641//955953375, 3225376801//955953375, -3547616089//955953375, 587046646//318651125, -221148583//38238135, -939668651//955953375, -4378527128//955953375, 243950932//955953375, -193095296//191190675, 43815216//63730225, -13645597//38238135, 7030658//63730225, 76778776//955953375, -41072443//318651125, 60448012//318651125, -11044363//73534875, 69437243//955953375, -21980333//191190675, -30985651//955953375, -20339476//318651125, -17672888//955953375]
6; 11; 4; 11; 7; 1; 1; 7; 1; 1; [-169803//1119625, 1119089//1119625, 69152//223925, 1954864//1119625, 765754//223925, 4573936//1119625, 9360723//1119625, 1250086//223925, 7280873//1119625, 1854506//223925, -2313699//223925, -2258751//223925, -3810523//223925, -26391762//1119625, -64765539//1119625, -13231138//223925, -150417679//1119625, -39526417//223925, -19829702//86125, -320052413//1119625, -27423118//223925, -188888563//1119625, -17574124//223925, 45377856//223925, -52836491//223925, 46447017//223925, -170895591//1119625, 96722738//1119625, -8493112//223925, -10023577//1119625, 736433//44785, -47712303//1119625, 19506776//1119625, -1295742//44785, 7939801//1119625, -2328576//223925, 2260734//223925, -1782414//223925, 1148583//223925, -2828721//1119625, 9181//21125, 32902//44785, -127734//86125, 288481//223925, -1562003//1119625, 648941//1119625, -123146//223925, -6959//1119625]
6; 11; 4; 11; 2; 1; 1; 6; 1; 1; [-8726017//79155375, -249485299//79155375, -29356479//26385125, -115508362//79155375, -18225738//5277025, 1077276//2029625, 434443084//79155375, 37521719//15831075, 246470691//26385125, 31759392//1055405, 74170557//5277025, -1448879//3166215, 79907492//3166215, 2622332522//79155375, 8079201649//79155375, -113418103//79155375, 795790659//26385125, 757112444//15831075, -4625091518//26385125, -17356341154//79155375, -2830446997//15831075, -40302288083//79155375, -907784026//1055405, 2517882656//15831075, 22801627//81185, -303849601//633243, 39932788391//79155375, -10887863586//26385125, 7539191927//26385125, -12041277089//79155375, 772127147//15831075, 101391571//6088875, -5624214292//79155375, 65710743//1055405, -6729630119//79155375, 18840827//3166215, -301928546//15831075, 14556986//633243, -21881466//1055405, 1220683141//79155375, -55886351//6088875, 308078096//79155375, 89032//6088875, -34896908//15831075, 234797383//79155375, -253201972//79155375, 11653282//5277025, -11910203//6088875]
6; 11; 4; 11; 5; 1; 1; 12; 1; 1; [138533//3316625, 337760804//175781125, -517732294//527343375, -331227047//105468675, 755435446//527343375, 896335073//527343375, -1506770932//527343375, 3669841186//527343375, 56289919//8112975, -717579498//35156225, -95242214//7031245, 13652173//624075, 233320447//105468675, -3678591742//527343375, -10613242434//175781125, 10338294178//175781125, 4511014777//105468675, -2938725832//40564875, 14626050214//175781125, 47830322632//527343375, -190524013256//527343375, -9669310549//105468675, 21797142242//35156225, -180851966//21093735, -12253972721//35156225, 51553418927//105468675, -250029752546//527343375, 194935318514//527343375, -41820645236//175781125, 26617301//223925, -1034828176//40564875, -5862125623//175781125, 12026659352//175781125, -44230990808//527343375, 1827602229//35156225, -1102489226//105468675, 169894//8321, -780932124//35156225, 665413861//35156225, -539739532//40564875, 3890175884//527343375, -8445574//3358875, -25499733//35156225, 1309172522//527343375, -1587500039//527343375, 1512037691//527343375, -1256572598//527343375, 123812821//105468675]
6; 11; 4; 11; 3; 1; 1; 9; 1; 1; [-647681947//527343375, 99480814//35156225, 2914605208//527343375, 80561277//35156225, -485490856//175781125, -184421632//175781125, 2790010424//527343375, -1038021371//527343375, -630428822//40564875, -1132262402//105468675, 439918923//35156225, -124241672//8112975, -5805064051//105468675, 4366114464//175781125, -8025937874//105468675, -25781504456//175781125, -9702191467//105468675, 6979379971//40564875, 41627866052//175781125, -39680277554//527343375, -68501723614//527343375, 72873072667//175781125, 459267754//671775, -3853966932//35156225, -25878303496//105468675, 14074396838//35156225, -218672934854//527343375, 35696328032//105468675, -125875524124//527343375, 12513872441//105468675, -372460359//13521625, -2048218824//175781125, 25364471378//527343375, -33867903817//527343375, 36744211003//527343375, -197590591//35156225, 130998832//8112975, -2014575364//105468675, 598280567//35156225, -39089086//3120375, 260277432//35156225, -1677896944//527343375, -19287487//105468675, 1089568429//527343375, -421006504//175781125, 425045981//175781125, -358686064//175781125, 836039228//527343375]
6; 11; 4; 11; 6; 1; 1; 6; 1; 1; [-17279156//6088875, -29896666//6088875, -29203013//6088875, -10895557//2029625, -491762//405925, -1025887//6088875, 11647018//2029625, 33463306//2029625, 14411096//2029625, 141606//16237, 10755526//405925, 37479514//1217775, 60272987//1217775, 263564607//2029625, 1034895016//6088875, 973721513//6088875, 401415691//6088875, -179738518//1217775, -420705403//6088875, -1153717904//6088875, -768164776//2029625, -478938973//6088875, -11635019//81185, 2633571//405925, 31468648//405925, -43134061//405925, 681571538//6088875, -463750247//6088875, 125446518//2029625, -145321487//6088875, -474502//405925, 754529//156125, -138912457//6088875, -4220043//2029625, -98592289//6088875, 180468//81185, -1822246//405925, 6074381//1217775, -131438//31225, 18982888//6088875, -9436117//6088875, 1498148//2029625, 1265578//6088875, -833953//1217775, 293717//468375, -4795402//6088875, 292742//2029625, -714903//2029625]
6; 11; 4; 11; 7; 1; 1; 12; 1; 1; [-147091208//175781125, -47642311//175781125, 28196936//35156225, 25935412//175781125, 1070314//13521625, 512604661//175781125, 673366266//175781125, 44699669//35156225, 324415887//35156225, 481654776//35156225, -98615082//35156225, -45719502//35156225, 154448962//35156225, 3479323388//175781125, -2267349179//175781125, -983846813//35156225, 608098743//175781125, -6061511137//175781125, -24498101656//175781125, -16097543476//175781125, -2259999649//35156225, -2820888839//7031245, -9782487954//35156225, 8090063468//35156225, -5518775672//35156225, 2946585347//35156225, -4179644006//175781125, -2630903802//175781125, 46377130//1406249, -43575863//1119625, 5742322814//175781125, -5453845083//175781125, 1792041812//175781125, -296383777//35156225, -12515363//663325, -297366221//35156225, 178068542//35156225, -73842848//35156225, -1109292//35156225, 17373548//13521625, -306993692//175781125, 28304//17225, -228171786//175781125, 141363389//175781125, -91073373//175781125, -1726848//175781125, 2879798//35156225, -20114113//35156225]
6; 11; 4; 11; 4; 1; 1; 2; 1; 1; [-106703002123//180062887875, -22916388994//180062887875, -267813898409//180062887875, -4290798102//60020962625, -109119538364//180062887875, -25066397686//60020962625, 434189279972//180062887875, -29226012974//36012577575, 39874169886//4616997125, -70373537206//36012577575, 166993606522//12004192525, -22999054454//2770198275, 221935057931//12004192525, 934608268461//60020962625, -109013224766//180062887875, 9431481619529//180062887875, -2246458800628//60020962625, 136020211161//4616997125, -4930611487939//60020962625, -8221592907562//180062887875, -2796479049031//36012577575, -35982984307229//180062887875, 807139136489//36012577575, -4446174327033//12004192525, 6006553409686//12004192525, -5728314250404//12004192525, 142192034089//382299125, -42594579757283//180062887875, 6864180266914//60020962625, -1166620926064//60020962625, -541926875621//13850991375, 3758256101663//60020962625, -12684018989591//180062887875, 1896090912907//36012577575, -8488193857007//180062887875, 253758085357//12004192525, -62446757732//2770198275, 682494126617//36012577575, -157767090766//12004192525, 33367152301//4616997125, -423083627293//180062887875, -53471486526//60020962625, 157732627831//60020962625, -560923870558//180062887875, 164113693293//60020962625, -377997481471//180062887875, 41715701552//36012577575, -40247229209//60020962625]
6; 11; 4; 11; 10; 1; 1; 6; 1; 1; [225445424//26385125, -89741763//26385125, -24040873//26385125, 254813451//26385125, -15982794//5277025, -92547851//5277025, 132714681//26385125, -205882467//26385125, -1319537926//26385125, 16900086//5277025, 236698263//5277025, -418677709//5277025, -10154323//5277025, -5849057379//26385125, 5907375073//26385125, -2735639087//26385125, -3476944391//26385125, 106307179//211081, 371648519//1055405, -9480601361//26385125, 22860471027//26385125, 2553646127//2029625, -8616196599//5277025, -6423753477//5277025, 13895832871//5277025, -15534348693//5277025, 66896728953//26385125, -47641461511//26385125, 27224166024//26385125, -10211107973//26385125, -271243107//5277025, 1794170007//5277025, -11132579053//26385125, 10893328146//26385125, -5931902117//26385125, 524740404//5277025, -694550598//5277025, 657088369//5277025, -507056322//5277025, 122856411//2029625, -741525666//26385125, 101231784//26385125, 1698958//156125, -90109784//5277025, 95831989//5277025, -392449648//26385125, 278176086//26385125, -106622837//26385125]
6; 11; 4; 11; 11; 1; 1; 9; 1; 1; [296144224//175781125, 17498977//13521625, -38441291//175781125, -85028048//175781125, 282615536//175781125, -117950239//175781125, -1456327787//175781125, -54724736//7031245, -4262837//2704325, 200568984//35156225, -329938446//35156225, -140597089//7031245, 704893224//35156225, -9843932589//175781125, -8791553581//175781125, 2989085066//175781125, 16636525858//175781125, 8876133759//175781125, 6541341849//175781125, 31371491577//175781125, 780854527//2704325, 2909029976//35156225, -110722293//223925, -1505562711//35156225, 2426415029//7031245, -15948034476//35156225, 74888371743//175781125, -58330264513//175781125, 36618235278//175781125, -1240791062//13521625, 2598216932//175781125, 7058463497//175781125, -9217964139//175781125, 2621779841//35156225, -1626247572//35156225, 391942716//35156225, -680175344//35156225, 142693963//7031245, -593492919//35156225, 2032061703//175781125, -6558557//1040125, 342263508//175781125, 183025439//175781125, -423495938//175781125, 38809569//13521625, -413816734//175781125, 72781204//35156225, -2701174//2704325]
6; 11; 4; 11; 4; 1; 1; 10; 1; 1; [-689093//1119625, 234193//671775, 7044391//3358875, 19670134//3358875, 31885714//3358875, 21648571//3358875, -3976246//3358875, -8274218//671775, -30664//1625, -2890748//223925, -123517//8957, -333184//51675, -676282//223925, -26615321//3358875, -48378511//671775, -135028152//1119625, -682751204//3358875, -15980966//86125, 94785649//3358875, 333313122//1119625, 430825762//671775, 668744866//1119625, 11459797//223925, 4439579//134355, -51711542//671775, 58117159//671775, -254693368//3358875, 34218433//671775, -41088406//1119625, 2879586//1119625, -568023//86125, -27177448//3358875, 85283963//3358875, 4030851//223925, 39708088//1119625, -1930531//671775, 13258//3445, -826091//223925, 639797//223925, -472346//258375, 179203//223925, -802118//3358875, -544299//1119625, 1184653//3358875, -563256//1119625, 2307203//3358875, 11406//44785, 2235359//3358875]
6; 11; 4; 11; 12; 1; 1; 11; 1; 1; [65289//21125, 323//125, 15779//21125, -5794//21125, 3374//4225, -8663//4225, -62418//4225, -399124//21125, -30624//4225, -17306//4225, -7551//325, -150049//4225, 97904//4225, -1320874//21125, -1096577//21125, 348116//21125, 3200749//21125, 732032//4225, 773348//4225, 2138966//4225, 16577334//21125, 1689079//4225, -1066466//4225, -916978//4225, 1875771//4225, -2072791//4225, 8857778//21125, -6368436//21125, 276001//1625, -1132993//21125, -27776//4225, 267814//4225, -190068//4225, 2062602//21125, -120053//4225, 424//25, -93342//4225, 87404//4225, -66984//4225, 209128//21125, -97391//21125, 906//1625, 42842//21125, -11818//4225, 1018//325, -643//325, 48202//21125, -2068//4225]
6; 11; 4; 11; 2; 1; 1; 4; 1; 1; [-133890316//79155375, -148130928//26385125, -106789097//79155375, -199644187//79155375, -9153506//1055405, -12783086//26385125, 178141868//15831075, 344902763//79155375, 351222321//26385125, 232504444//5277025, 9393691//405925, -8210719//5277025, 276308603//5277025, 7677828841//79155375, 919953718//6088875, -2669759078//79155375, 7859133317//79155375, 2157456382//15831075, -8411718529//26385125, -7441295338//15831075, -15966713863//79155375, -63270045143//79155375, -6366524101//5277025, 2846852389//15831075, 7188610283//15831075, -11562871991//15831075, 59798592478//79155375, -16036262501//26385125, 32732383376//79155375, -16890432149//79155375, 1059238042//15831075, 2215298744//79155375, -1825532389//15831075, 7632542246//79155375, -10117032959//79155375, 13236881//1217775, -155562158//5277025, 547138187//15831075, -161953368//5277025, 1787093708//79155375, -1042870058//79155375, 140732362//26385125, 30397526//79155375, -54009217//15831075, 351479174//79155375, -77241914//15831075, 260566106//79155375, -227996464//79155375]
6; 11; 4; 11; 8; 1; 1; 9; 1; 1; [58070418//175781125, 11754297//175781125, -79133836//175781125, 1593349//1406249, 303905858//175781125, 689694799//175781125, 660030706//175781125, -495727792//175781125, -516295192//175781125, -224500204//35156225, -302362011//35156225, 8548981//7031245, -157628429//35156225, -1288240933//175781125, 544299713//175781125, -1674204379//175781125, -1638593756//35156225, -553432681//13521625, -20967698119//175781125, -1430983296//175781125, 33456214872//175781125, 31091670032//175781125, 49089593//223925, -898063471//35156225, -650937111//7031245, 5016423221//35156225, -1952923343//13521625, 20517466959//175781125, -13747201277//175781125, 1332415134//35156225, -2127553134//175781125, -2539820637//175781125, 3181709587//175781125, -2058497459//175781125, 4472609926//175781125, -84303611//35156225, 204291686//35156225, -46879817//7031245, 205749774//35156225, -746051569//175781125, 434354354//175781125, -169726992//175781125, -5176344//35156225, 117724066//175781125, -178519767//175781125, 149220112//175781125, -86543734//175781125, 98620181//175781125]
6; 11; 4; 11; 9; 1; 1; 11; 1; 1; [4222//21125, 21009//21125, 7414//4225, 2552//845, 7576//21125, -33177//21125, -125534//21125, -198414//21125, -23552//4225, -3226//325, -9639//845, -107578//4225, -107773//4225, -367142//21125, -208389//21125, -29048//845, -9219//169, -88551//21125, 2119402//21125, 6093144//21125, 9285844//21125, 15303//65, 949082//4225, -115828//845, 241922//4225, -11618//4225, -686521//21125, 937798//21125, -191158//4225, 27029//845, -476283//21125, 327316//21125, 229982//21125, 350242//21125, 69949//4225, 16763//4225, -848//845, -4032//4225, 7803//4225, -43541//21125, 36763//21125, -5336//4225, 42//65, -401//1625, 426//21125, 10107//21125, 1952//21125, 1938//4225]
6; 11; 4; 11; 4; 1; 1; 8; 1; 1; [25323908//265351125, 168497882//265351125, 82842888//88450375, 439393286//265351125, -63591898//265351125, -503821193//265351125, -1387645036//265351125, -333815668//88450375, -81404606//20411625, -196261996//53070225, 31550069//17690075, -793469//272155, -10631909//2122809, -3348011618//265351125, -2272082084//88450375, -1197343448//88450375, -2924107631//265351125, 421106682//6803875, 179404942//1668875, 53918883596//265351125, 14632531429//265351125, 3660732796//88450375, 96166784//53070225, -3819673478//53070225, 348515751//3538015, -201639953//2122809, 6490641192//88450375, -4294610942//88450375, 5856654358//265351125, -389042111//88450375, -101499332//20411625, 1583427243//88450375, -382478684//88450375, 3628529582//265351125, -1522101566//265351125, 219952691//53070225, -6068098//1360775, 39979708//10614045, -1863663//707603, 9811354//6803875, -44842882//88450375, -48694402//265351125, 135401902//265351125, -50160692//88450375, 172104599//265351125, -20994789//88450375, 25929134//88450375, -17622896//265351125]
6; 11; 4; 11; 5; 1; 1; 6; 1; 1; [-1627162//243555, 13169519//2029625, 250038//156125, -19277771//2029625, 45222172//6088875, 333149//16237, -16090748//1217775, -2563469//468375, 19273694//405925, -20907554//1217775, -25590258//405925, 2024968//31225, -897798//405925, 61336146//405925, -48872923//156125, 202566436//2029625, 361354261//2029625, -3273602077//6088875, -373950358//1217775, 820536728//1217775, -2809597978//6088875, -397574597//405925, 2372239546//1217775, 396652632//405925, -1009094796//405925, 1168080582//405925, -3084784697//1217775, 3718970118//2029625, -2187437722//2029625, 882134533//2029625, 81479644//6088875, -382245038//1217775, 516362104//1217775, -2384689199//6088875, 1502229//6245, -36980917//405925, 11916508//93675, -50049544//405925, 39344478//405925, -76078753//1217775, 61182983//2029625, -11527252//2029625, -19331317//2029625, 99185269//6088875, -21723592//1217775, 6166088//405925, -63488164//6088875, 1855216//405925]
6; 11; 4; 11; 6; 1; 1; 4; 1; 1; [-3502//1625, -818//375, -197//325, 3253//975, 19754//4875, 212//4875, 208//375, -8188//4875, -24736//4875, 6926//975, 978//65, 2919//325, -29498//975, 32062//1625, 192644//4875, 407//13, -30811//325, -694594//4875, -158554//1625, -449864//4875, 273238//4875, 1003051//4875, 178616//975, 7352//65, -6537//25, 96209//325, -420699//1625, 920732//4875, -34711//325, 12007//325, -3547//4875, -176971//4875, 178658//4875, -172996//4875, 62201//1625, -3162//325, 2582//195, -4114//325, 3196//325, -10209//1625, 14782//4875, -152//325, -1109//975, 2646//1625, -3077//1625, 6883//4875, -362//375, 3478//4875]
6; 11; 4; 11; 12; 1; 1; 5; 1; 1; [-89507524//4142464625, 3305567259//4142464625, 2069585798//828492925, 3602233//1055405, 15901606962//4142464625, 5540885577//4142464625, -16472423261//4142464625, -31313791018//4142464625, -40352783389//4142464625, -1726106842//828492925, -595930713//63730225, -12159518103//828492925, -26905186718//828492925, -60979290636//4142464625, -131618135549//4142464625, -39122406767//828492925, -3691121848//63730225, -221778179647//4142464625, 30138099878//4142464625, 780670146621//4142464625, 1493541323698//4142464625, 2022494171619//4142464625, 155135008118//828492925, -25215328614//828492925, -56247003443//828492925, 90353837187//828492925, -36548681961//318651125, 382335336488//4142464625, -54463473198//828492925, 1976616602//63730225, -50078857506//4142464625, -24150074711//4142464625, 93933463248//4142464625, 1380926524//4142464625, 149431067267//4142464625, -98646186//63730225, 3662699054//828492925, -4348150452//828492925, 3853613898//828492925, -14300421903//4142464625, 643406646//318651125, -145314564//165698585, -65699021//828492925, 1992979529//4142464625, -225082237//318651125, 3487034858//4142464625, -915149946//4142464625, 3125377477//4142464625]
6; 11; 4; 11; 2; 1; 1; 3; 1; 1; [-122737450539//178767164875, -262711340308//178767164875, -166908403583//107260298925, -119263161129//178767164875, 67131755996//178767164875, 448725591532//178767164875, 1263880221508//536301494625, 168435175641//178767164875, 1241614520389//536301494625, 868805830784//107260298925, 464901138792//35753432975, 1484029761002//107260298925, 84635657279//21452059785, 6205293185642//536301494625, 15456536414224//536301494625, 1298856198167//35753432975, 71362442368//13751320375, -25301975897903//536301494625, -81267391882306//536301494625, -34042789154266//178767164875, -47130650456113//536301494625, 529745302562//178767164875, 1551441930014//107260298925, 939154709486//107260298925, -51894014442//2750264075, 481257430312//21452059785, -64008384646//3372965375, 8253916744942//536301494625, -233551416641//35753432975, 1815495658636//536301494625, -937874783744//536301494625, -4950828296728//536301494625, -2989553438804//536301494625, -3664447185749//536301494625, 1238442270238//536301494625, -76637578214//107260298925, 107195260724//107260298925, -100598319982//107260298925, 1065029523//1430137319, -83181551818//178767164875, 135287040737//536301494625, -876670694//107260298925, -39336089209//536301494625, 48402948821//536301494625, -47385529196//178767164875, -27171053639//536301494625, -27066961228//178767164875, 7713098431//178767164875]
6; 11; 4; 11; 7; 1; 1; 6; 1; 1; [-138587126//26385125, -360948942//26385125, -69870292//26385125, -228653878//26385125, -556598516//26385125, 169301501//26385125, 881329261//26385125, 240748098//26385125, 1134351068//26385125, 698362462//5277025, 315653466//5277025, -15477673//5277025, 670699626//5277025, 6861037881//26385125, 8634157622//26385125, -3466966343//26385125, 6033735698//26385125, 3233064176//26385125, -29984259191//26385125, -34609486441//26385125, -15308132718//26385125, -66150890493//26385125, -18258819173//5277025, 351527907//405925, 4311487937//5277025, -8586854394//5277025, 47459672763//26385125, -39884306609//26385125, 28241274501//26385125, -15666854506//26385125, 5731974238//26385125, 164028502//26385125, -6919246343//26385125, 5833106121//26385125, -8928216919//26385125, 57179073//5277025, -329983396//5277025, 424490893//5277025, -395539491//5277025, 1516169583//26385125, -934114359//26385125, 423884706//26385125, -39245381//26385125, -183585677//26385125, 258278752//26385125, -314501013//26385125, 216657096//26385125, -209218859//26385125]
6; 11; 4; 11; 9; 1; 1; 5; 1; 1; [751100227//4142464625, 1467997989//4142464625, 648060304//4142464625, 823288834//4142464625, -930746116//828492925, 2380911163//4142464625, -6217019138//4142464625, 7828772648//4142464625, -5646978556//4142464625, -1068193604//828492925, -6637310541//828492925, 354436884//63730225, -2372738372//828492925, 2991746926//318651125, -43122509589//4142464625, -43248654479//4142464625, -7554531518//318651125, 43264062883//828492925, -67588105128//4142464625, 500235208548//4142464625, -162940861633//4142464625, -9675442519//4142464625, -36967608884//828492925, 63551710684//828492925, -66782225168//828492925, 55587457078//828492925, -189387577351//4142464625, 101056740238//4142464625, -33619232182//4142464625, -20421126522//4142464625, 2012269491//165698585, -49883093469//4142464625, 63977857514//4142464625, -37421439844//4142464625, 17167864423//4142464625, -3059305516//828492925, 212468492//63730225, -2053134532//828492925, 1239535932//828492925, -2591212391//4142464625, -7124282//4142464625, 1445861598//4142464625, -2154666942//4142464625, 438315561//828492925, -1634397229//4142464625, 1445385009//4142464625, -633846964//4142464625, 85490178//4142464625]
6; 11; 4; 11; 10; 1; 1; 4; 1; 1; [-37726448//5277025, 86553061//26385125, 27881887//26385125, -195122859//26385125, -2637198//5277025, 295534571//26385125, 26698134//26385125, 346684544//26385125, 1050668452//26385125, -83742188//5277025, -30356961//1055405, 383015026//5277025, -5603318//405925, 1049451591//5277025, -4425333091//26385125, 1226566748//26385125, 63190883//2029625, -1655335821//5277025, -2128633171//26385125, 4236248776//26385125, -28173102944//26385125, -27671704237//26385125, 9242404237//5277025, 920521677//1055405, -11735429024//5277025, 13596205671//5277025, -11961382843//5277025, 43468633607//26385125, -25553574336//26385125, 10144646717//26385125, 19956357//1055405, -7175846343//26385125, 729861251//2029625, -10039821027//26385125, 5483901999//26385125, -429908247//5277025, 24046366//211081, -44829487//405925, 458313369//5277025, -295290569//5277025, 716267287//26385125, -136166166//26385125, -227395978//26385125, 77701998//5277025, -417193573//26385125, 349139798//26385125, -261375022//26385125, 104340959//26385125]
6; 11; 4; 11; 6; 1; 1; 3; 1; 1; [-13354145696//41253961125, 18017158148//41253961125, 46255824598//41253961125, 504862731//550052815, -9703721302//13751320375, -4888062262//1650158445, -20106874017//13751320375, -47678550721//41253961125, -147738007526//41253961125, -1883803526//550052815, -1369190066//211558775, -955271953//330031689, -51014227216//8250792225, 20254493884//1057793875, 489449949442//41253961125, -1055442799873//41253961125, -345235933079//8250792225, -783835887664//41253961125, 737595358252//8250792225, 345454619807//3173381625, 3243124527091//41253961125, 354899189807//3173381625, 3922148224//110010563, 80288887012//2750264075, -101913537953//1650158445, 186869927343//2750264075, -795241044634//13751320375, 1741199963356//41253961125, -340809814728//13751320375, 54641301211//8250792225, 14603210926//13751320375, -9778654726//2750264075, 592025221498//41253961125, -69665586329//13751320375, 158782613741//13751320375, -99133892//42311755, 25199474074//8250792225, -4754110534//1650158445, 6062669602//2750264075, -18869794344//13751320375, 26814326711//41253961125, -1398739308//13751320375, -2448686501//8250792225, 16157462348//41253961125, -2778923372//8250792225, 17674996198//41253961125, -6495321622//41253961125, 8740112048//41253961125]
6; 11; 4; 11; 3; 1; 1; 7; 1; 1; [-1570957//3358875, -5656678//3358875, -5101084//3358875, 99854//134355, 120454//44785, 3074237//3358875, 2027918//3358875, 11661401//3358875, 1478693//258375, 225922//44785, 4748//4225, 743576//51675, 4824563//223925, 10322552//3358875, 38089296//1119625, 40508173//1119625, -34554173//671775, -2310552//17225, -181679432//3358875, -77815178//3358875, -37057897//1119625, -205342643//1119625, -12013286//44785, 52554002//671775, 32431858//671775, -74151691//671775, 425567101//3358875, -366329066//3358875, 91052644//1119625, -10850181//223925, 595694//51675, -159766//3358875, -16347468//1119625, 53299177//3358875, -82292617//3358875, 23942//134355, -71238//17225, 3788882//671775, -1203233//223925, 1085567//258375, -8917496//3358875, 4399232//3358875, -57394//223925, -378262//671775, 2345114//3358875, -2654449//3358875, 2036702//3358875, -1976497//3358875]
6; 11; 4; 11; 10; 1; 1; 3; 1; 1; [-55788592628//178767164875, 138953843984//178767164875, 393517537126//178767164875, 51424883017//35753432975, -33676477426//35753432975, 36177204159//178767164875, 1154220004579//178767164875, 282229555858//178767164875, -50288806137//2750264075, -304384604074//35753432975, 443033517726//35753432975, -93244315448//7150686595, -1210047911389//35753432975, 1302567823278//178767164875, 1121386297406//178767164875, -16247756643656//178767164875, -3025022190081//35753432975, 3672324615096//35753432975, 16247417907926//178767164875, -25959856943489//178767164875, -10187578192783//178767164875, 21135070585326//35753432975, 16544756294396//35753432975, -8365955772024//35753432975, 395460688094//7150686595, 38630115507//674593075, -20299819305251//178767164875, 22141312872768//178767164875, -19507324385438//178767164875, 499296124029//7150686595, -1300746058177//35753432975, 3248070142288//178767164875, -396588698992//178767164875, -3001217724114//178767164875, 1570620385368//35753432975, 195896161704//35753432975, 31567685394//35753432975, -31498840456//7150686595, 198417506289//35753432975, -923834088961//178767164875, 702796142468//178767164875, -448754636258//178767164875, 36351532423//35753432975, -281110472//35753432975, -75518025052//178767164875, 111507682933//178767164875, -141977160254//178767164875, 39451164033//35753432975]
6; 11; 4; 11; 5; 1; 1; 4; 1; 1; [14526206//2029625, -4588598//468375, 2302867//6088875, 29667972//2029625, -53684812//6088875, -115135556//6088875, 28683352//1217775, -800857//1217775, -422632768//6088875, 11075686//405925, 35981788//405925, -107207663//1217775, -28168799//1217775, -1060367098//6088875, 189081658//468375, -1214237972//6088875, -1317184001//6088875, 3829507757//6088875, 390096166//6088875, -1207179866//1217775, 1192491431//1217775, 10832690873//6088875, -952464254//405925, -1567167256//1217775, 3832404527//1217775, -4402542124//1217775, 6428907317//2029625, -13886092228//6088875, 2700762953//2029625, -3228393913//6088875, -58395303//2029625, 2340661783//6088875, -26303366//48711, 123830381//243555, -1671832001//6088875, 141455167//1217775, -195050044//1217775, 62677366//405925, -49078477//405925, 157411557//2029625, -75240481//2029625, 39719984//6088875, 24907834//2029625, -125440589//6088875, 134541593//6088875, -23254627//1217775, 16207972//1217775, -31393846//6088875]
6; 11; 4; 11; 12; 1; 1; 2; 1; 1; [13246825598//60020962625, 22466666269//60020962625, 63473958512//60020962625, 11914237321//60020962625, 12734848//2400838505, 16585974246//60020962625, -34007299809//60020962625, -6288559686//2400838505, -296976324206//60020962625, -45784968964//12004192525, -3076290228//2400838505, -95661860417//12004192525, -70854215472//12004192525, -60962881251//4616997125, -400702670749//60020962625, -109780130279//4616997125, -265469078976//60020962625, 40649666883//2400838505, 1073955116189//60020962625, 2965332998829//60020962625, 216798248958//2400838505, 8462259508446//60020962625, 1386794195591//12004192525, -254780585151//2400838505, 952410111333//12004192525, -588836588052//12004192525, 7906776368//382299125, -86701151557//60020962625, -711512300961//60020962625, 923501195352//60020962625, -34959823577//2400838505, 779465094892//60020962625, -343576012833//60020962625, 19322236287//2400838505, 332253465238//60020962625, 49488513774//12004192525, -6640241536//2400838505, 17119487627//12004192525, -4609986483//12004192525, -19117206284//60020962625, 38403401458//60020962625, -44172441666//60020962625, 36755561632//60020962625, -1016307082//2400838505, 15828606992//60020962625, -2861399553//60020962625, 137749572//2400838505, 12014872763//60020962625]
6; 11; 4; 11; 11; 1; 1; 7; 1; 1; [4148//8957, 1923511//1119625, -71491//223925, -389396//1119625, -103422//223925, -5073201//1119625, -153797//86125, 188944//223925, 2113663//1119625, 167756//223925, -1542582//223925, 210856//223925, -1124609//223925, -227095//8957, -34996901//1119625, 2174429//44785, 29461166//1119625, 14456521//223925, 133379511//1119625, -36716129//1119625, -6696854//223925, -118117498//1119625, -3519469//223925, 24218923//223925, -31579614//223925, 29592001//223925, -4593091//44785, 69586597//1119625, -6034558//223925, 5200288//1119625, 674846//44785, -15029707//1119625, 19631173//1119625, -3752997//223925, 474672//86125, -1347811//223925, 1405982//223925, -1166021//223925, 796884//223925, -86513//44785, 615197//1119625, 78964//223925, -831947//1119625, 209282//223925, -751897//1119625, 596183//1119625, -78942//223925, 41716//1119625]
6; 11; 4; 11; 9; 1; 1; 2; 1; 1; [-5544173442//4616997125, -64136148828//60020962625, -19720642328//60020962625, -52161163738//12004192525, 128133179218//60020962625, -10359370651//4616997125, -2276386789//60020962625, 673814217797//60020962625, -159926043829//60020962625, 37909994426//2400838505, 182166170934//12004192525, -76442762603//12004192525, 69776868093//2400838505, 2704210381786//60020962625, 532311223198//60020962625, 2179093245993//60020962625, 784045912197//12004192525, -599857054116//4616997125, 4580312018268//60020962625, -12565708924901//60020962625, -17380655086777//60020962625, 2649535437854//60020962625, -1475747653786//2400838505, 229300693534//12004192525, 3980176542937//12004192525, -1125883044631//2400838505, 13545268188//29407625, -21701758205706//60020962625, 14204009653464//60020962625, -1348047394037//12004192525, 1036551051966//60020962625, 2300074626034//60020962625, -4273927551878//60020962625, 3127901156169//60020962625, -3151299184268//60020962625, 23397011008//2400838505, -234953228154//12004192525, 257694654688//12004192525, -8805726999//480167701, 780336139158//60020962625, -436972883756//60020962625, 155858250724//60020962625, 1764019778//2400838505, -152513495894//60020962625, 182242650314//60020962625, -172993755203//60020962625, 106303248894//60020962625, -71306907873//60020962625]
6; 11; 4; 11; 3; 1; 1; 12; 1; 1; [1025193073//527343375, -140767022//105468675, -369662533//105468675, -1067728289//527343375, 633055354//527343375, -106102807//105468675, -2859816482//527343375, 122369851//175781125, 543827941//40564875, 403797854//21093735, -3331381//663325, -9344167//8112975, 5414085596//105468675, -7979491421//175781125, 3468918092//105468675, 12208442903//105468675, 67724336639//527343375, -1135291943//40564875, -18158398187//105468675, 7173921122//527343375, 13232452404//175781125, -193313642588//527343375, -3858674711//4218747, -787856363//35156225, 59304505289//105468675, -26844605103//35156225, 386057249401//527343375, -60164030869//105468675, 39129227744//105468675, -566282359//3358875, 86986852//3120375, 5602427062//105468675, -53083653629//527343375, 57112696066//527343375, -54351874294//527343375, 122145698//7031245, -87232254//2704325, 3647763481//105468675, -1023989597//35156225, 822432407//40564875, -1177474004//105468675, 2554952//671775, 259980494//175781125, -715657174//175781125, 98360606//21093735, -755710083//175781125, 1709280346//527343375, -1165417174//527343375]
6; 11; 4; 11; 7; 1; 1; 4; 1; 1; [-29249793//26385125, -44399803//26385125, -6323472//26385125, 17223229//26385125, -29070736//26385125, 4949602//5277025, 103605217//26385125, -44574954//26385125, 220457247//26385125, 110434602//5277025, 390243//81185, 19663766//5277025, 61202031//5277025, 1299736183//26385125, 1281649403//26385125, -107695863//26385125, 75193101//26385125, -725647479//26385125, -903274549//5277025, -3896007807//26385125, 85459498//2029625, -7816659027//26385125, -2150724003//5277025, 226772129//1055405, -315970934//5277025, -216166694//5277025, 2494892759//26385125, -2679814301//26385125, 2372234191//26385125, -1698737527//26385125, 944055523//26385125, -113800383//5277025, -239096251//26385125, 348618227//26385125, -730955181//26385125, -2139979//405925, -293184//1055405, 18286329//5277025, -24384936//5277025, 117278719//26385125, -88830711//26385125, 56987846//26385125, -26765182//26385125, 3391008//26385125, 1234071//5277025, -19544256//26385125, 17582532//26385125, -20299756//26385125]
6; 11; 4; 11; 12; 1; 1; 10; 1; 1; [-696216//1119625, 1029736//1119625, 2923213//1119625, 3000082//1119625, 1091882//1119625, 4104072//1119625, 151571//21125, 3197988//1119625, -872876//223925, -251584//44785, 2010438//223925, 187268//223925, -412387//17225, 23697646//1119625, -17202686//1119625, -80673648//1119625, -109829977//1119625, 7533443//1119625, 21914258//1119625, -53917263//1119625, 1938067//1119625, 56568218//223925, 24646394//44785, -4611992//223925, -65070202//223925, 92614909//223925, -452956567//1119625, 358388512//1119625, -237412239//1119625, 110179549//1119625, -23398256//1119625, -33008271//1119625, 58413746//1119625, -64465524//1119625, 2674512//44785, -378377//44785, 3861782//223925, -326736//17225, 3636531//223925, -12859097//1119625, 7249832//1119625, -2650634//1119625, -737096//1119625, 2396309//1119625, -2917691//1119625, 2632206//1119625, -2002874//1119625, 292416//223925]
6; 11; 4; 11; 5; 1; 1; 3; 1; 1; [-1801353203//1057793875, -30193191746//41253961125, -15172503287//13751320375, -128720943224//41253961125, 6244226948//41253961125, 59122021138//13751320375, 34607868656//41253961125, 57375711089//13751320375, 482176410668//41253961125, 2532992126//330031689, 6186344694//2750264075, 151587034886//8250792225, 149560850018//8250792225, 1819875474517//41253961125, -211489973774//41253961125, 11502752714//259458875, 2048306178779//41253961125, -3807268690003//41253961125, -6858958733639//41253961125, -2848485182966//41253961125, -11190826710182//41253961125, -15980273781518//41253961125, 181727709601//1650158445, 1483134483277//8250792225, -197839228138//634676325, 2717311568158//8250792225, -11199019676914//41253961125, 7744051351573//41253961125, -4103827490072//41253961125, 1388556574147//41253961125, 464441846761//41253961125, -1945155969962//41253961125, 1764525654817//41253961125, -726756211742//13751320375, 164509386402//13751320375, -20376604907//1650158445, 41228394356//2750264075, -37314584077//2750264075, 27840658329//2750264075, -250500823154//41253961125, 106756699793//41253961125, -162856072//41253961125, -57953070743//41253961125, 80438126156//41253961125, -29029929194//13751320375, 61460104357//41253961125, -50876273456//41253961125, 2151749147//13751320375]
6; 11; 4; 11; 9; 1; 1; 10; 1; 1; [-4117//223925, -1628914//1119625, -3165638//1119625, -5626318//1119625, -5894654//1119625, -636368//1119625, 8962879//1119625, 14966937//1119625, 16229303//1119625, 2399318//223925, 794262//223925, 2156651//223925, 520703//17225, 7724463//223925, 97328664//1119625, 107102023//1119625, 99237168//1119625, 2668929//1119625, -217343747//1119625, -516858109//1119625, -613491162//1119625, -463391893//1119625, -56977657//223925, 4689417//223925, 26802371//223925, -39378771//223925, 39802097//223925, -153549463//1119625, 109059589//1119625, -907302//21125, 234794//21125, 3639504//1119625, -49237037//1119625, 132004//1119625, -44690489//1119625, 733842//223925, -1631082//223925, 141283//17225, -1587714//223925, 229583//44785, -3193168//1119625, 1315084//1119625, 293009//1119625, -996148//1119625, 1076674//1119625, -123819//86125, 360394//1119625, -72548//86125]
6; 11; 4; 11; 8; 1; 1; 7; 1; 1; [811527//1119625, 101354//1119625, 44589//223925, -1212986//1119625, -1205816//1119625, -1978238//1119625, -1887892//1119625, -2808131//1119625, -3258556//1119625, -666312//223925, -151941//44785, -1627277//223925, -2948393//223925, -32234922//1119625, 2302086//1119625, -81473//223925, 35513716//1119625, 34409551//1119625, 27555418//1119625, 56163752//1119625, -13032829//1119625, 52473731//1119625, -18696942//223925, 3019446//44785, -10189527//223925, 5089062//223925, -8252436//1119625, -5653342//1119625, 2379749//223925, -11551532//1119625, 12865738//1119625, -6764916//1119625, 7080046//1119625, -2212287//1119625, 1998073//1119625, -551268//223925, 64192//44785, -2396//4225, -1179//17225, 425844//1119625, -588742//1119625, 110882//223925, -394912//1119625, 296223//1119625, -98936//1119625, 62786//1119625, 39688//1119625, -33872//1119625]
6; 11; 4; 11; 12; 1; 1; 8; 1; 1; [-7605424//88450375, 6339408//17690075, 67461663//88450375, 109061122//88450375, 182829992//88450375, 214285543//88450375, -3180144//1360775, -414365116//88450375, -374678982//88450375, 20355558//17690075, -67674627//17690075, -10706381//1360775, -213062714//17690075, -738150286//88450375, -149440032//17690075, -2381277003//88450375, 290532933//88450375, -2986862987//88450375, -5113696208//88450375, 1335786274//17690075, 338178027//1668875, 28305562357//88450375, 1112441418//17690075, -443464012//17690075, -41849723//17690075, 295325756//17690075, -2041985193//88450375, 372444412//17690075, -1567460719//88450375, 933262729//88450375, -562355631//88450375, -175034609//88450375, 94383838//17690075, 544798968//88450375, 1554197431//88450375, 6071407//17690075, 748864//1360775, -17196942//17690075, 17782794//17690075, -75438453//88450375, 156311//272155, -29834354//88450375, 8871084//88450375, 1638399//88450375, -286673//1668875, 3651429//17690075, 4222768//88450375, 32256316//88450375]
6; 11; 4; 11; 7; 1; 1; 3; 1; 1; [473778973//35753432975, 2464394513//178767164875, -54996329813//178767164875, 103616330209//178767164875, 148719375712//178767164875, 244180458859//178767164875, 120299286184//178767164875, -27566882271//178767164875, 265442407859//178767164875, -64951839428//35753432975, 22234640256//35753432975, 217390860173//35753432975, -150002118882//35753432975, -72364642318//35753432975, -875803036013//178767164875, 193190750041//13751320375, -2433532727324//178767164875, -5742284104497//178767164875, -5080369535654//178767164875, -8738020905704//178767164875, -4129604156714//178767164875, 2646957918946//178767164875, 3186981299272//35753432975, 1123675030396//35753432975, -3397274163217//35753432975, 312286348936//2750264075, -3656434096089//35753432975, 13449333828446//178767164875, -7960030201651//178767164875, 3238059175788//178767164875, -208888941906//178767164875, -2245795746292//178767164875, 2365527803308//178767164875, -2840758468117//178767164875, 168556818366//13751320375, -121205864782//35753432975, 178081054584//35753432975, -176057603058//35753432975, 140548743642//35753432975, -1746025353//674593075, 231154870431//178767164875, -50506016826//178767164875, -63827173827//178767164875, 111178401229//178767164875, -129256465422//178767164875, 7547002556//13751320375, -77198881992//178767164875, 42973641453//178767164875]
6; 11; 4; 11; 11; 1; 1; 12; 1; 1; [13397233//35156225, -4380546//35156225, 26896239//175781125, 155345104//175781125, 163770578//175781125, 860927//1040125, -81830992//175781125, -798083789//175781125, -618250713//175781125, 131330932//35156225, -72018483//35156225, -328765448//35156225, 99891887//35156225, -515107464//35156225, -422518804//35156225, -4339342024//175781125, 543039486//175781125, 5056934927//175781125, 85203402//175781125, 10160034702//175781125, 37530664169//175781125, 14244255058//175781125, -6674956868//35156225, -171037758//35156225, 4096992522//35156225, -5592494283//35156225, 213605437//1406249, -4196744402//35156225, 13158407053//175781125, -40388856//1119625, 1289058956//175781125, 2231688161//175781125, -3241040754//175781125, 5532452167//175781125, -2511777176//175781125, 127104633//35156225, -235790402//35156225, 252431498//35156225, -213005157//35156225, 147916667//35156225, -82076937//35156225, 836854//1119625, 50633758//175781125, -143623869//175781125, 175800891//175781125, -148790114//175781125, 148095302//175781125, -57057801//175781125]
6; 11; 4; 11; 9; 1; 1; 8; 1; 1; [118144569//88450375, 44656849//88450375, 11067406//17690075, 13977934//6803875, -7352388//88450375, -18122909//6803875, -109056481//88450375, -281211589//88450375, -632021958//88450375, -106014456//17690075, -3487722//3538015, -81415611//17690075, -227942907//17690075, -4632652009//88450375, 629025051//88450375, -193878112//17690075, -3368457402//88450375, 7951581668//88450375, 10428427377//88450375, 34690727//1668875, 10942551069//88450375, 21987763753//88450375, 119213709//17690075, -7716445//54431, 3396262939//17690075, -3263039452//17690075, 12441562858//88450375, -8048228667//88450375, 758921701//17690075, -778666646//88450375, -1002110666//88450375, 2722457396//88450375, -2241490377//88450375, 2409024392//88450375, -303026741//88450375, 143255506//17690075, -30672932//3538015, 129061441//17690075, -89977068//17690075, 242804018//88450375, -80523537//88450375, -6373552//17690075, 87171639//88450375, -7684797//6803875, 104371486//88450375, -68672272//88450375, 51202152//88450375, 1629259//88450375]
6; 11; 4; 11; 4; 1; 1; 9; 1; 1; [-562691723//527343375, -687401483//527343375, -133279606//175781125, -55445339//35156225, -964100698//527343375, -27300253//527343375, 2918083927//527343375, 2870075659//527343375, 2966941//2704325, -8214160//4218747, 194742372//35156225, 91039439//8112975, -878338508//105468675, 22755610123//527343375, 25768649713//527343375, 6607726838//527343375, -1028746402//105468675, -1528492039//40564875, -11821625047//527343375, -29661852709//175781125, -31827144868//175781125, -1477794803//105468675, 33432067//134355, 6747851371//105468675, -24499734433//105468675, 30060609157//105468675, -136106751616//527343375, 103691703169//527343375, -62049255811//527343375, 1771928124//35156225, -140223767//40564875, -14823962626//527343375, 16291888259//527343375, -24177481492//527343375, 57933773//1989975, -170216483//21093735, 33531646//2704325, -438411229//35156225, 354331331//35156225, -271128902//40564875, 1841669174//527343375, -152101062//175781125, -3370100//4218747, 828690554//527343375, -939071786//527343375, 239804358//175781125, -643827122//527343375, 62064682//105468675]
6; 11; 4; 11; 8; 1; 1; 12; 1; 1; [28274947//175781125, 47350893//175781125, 145222768//175781125, 134461556//175781125, 30308//1406249, 214802819//175781125, -205855197//175781125, -56508448//35156225, -68671881//175781125, -25832578//7031245, -60678303//35156225, -9862191//2704325, -183304001//35156225, -2418427397//175781125, -3896741353//175781125, -9183771328//175781125, -47578292//3316625, -24525632//7031245, -3373647679//175781125, 8748869937//175781125, 1487743359//35156225, 7540749821//175781125, 619872371//7031245, -3667041653//35156225, 3265628987//35156225, -2411035316//35156225, 7029417874//175781125, -3086876479//175781125, -531098729//175781125, 11050576//1119625, -1903416//132665, 2227371638//175781125, -1451747659//175781125, 12115283//1406249, -215530537//175781125, 6323393//1406249, -9663964//2704325, 81940133//35156225, -40862814//35156225, 41572514//175781125, 54427351//175781125, -720832//1119625, 110165717//175781125, -3796681//7031245, 62610388//175781125, -28417979//175781125, 3607248//35156225, 855026//13521625]
6; 11; 4; 11; 2; 1; 1; 11; 1; 1; [44722//63375, 82937//63375, 102151//63375, 80902//63375, 6458//21125, -46348//63375, -158302//63375, -31112//21125, -150523//63375, -5254//845, -34624//4225, -26629//2535, -73604//12675, -1657577//63375, -2007347//63375, -49054//1625, -667224//21125, 1059856//63375, 134937//1625, 9771652//63375, 8078701//63375, 6045238//63375, 47279//845, -805757//12675, 137887//2535, -501299//12675, 104138//4875, -624031//63375, -59446//21125, 345614//63375, -503137//63375, 748204//63375, 4357//4875, 201501//21125, 55908//21125, 6784//2535, -26398//12675, 3317//2535, -2637//4225, 4444//63375, 4318//21125, -25358//63375, 22619//63375, -6339//21125, 17954//63375, 1276//63375, 8878//63375, 2178//21125]
6; 11; 4; 11; 3; 1; 1; 6; 1; 1; [94177//243555, -12423194//6088875, 671926//243555, 50322889//6088875, -31797266//6088875, -78154666//6088875, 69857377//6088875, 98760892//6088875, -47725326//2029625, -13943504//1217775, 13795438//405925, -4516249//1217775, -40504483//1217775, -8468373//405925, 585386284//6088875, -893196//6245, -1242498139//6088875, 570864152//2029625, 2095805221//6088875, -227948369//468375, -1473164272//6088875, 3528538778//6088875, 60932671//1217775, -172566027//405925, 683598491//1217775, -215703211//405925, 495395531//1217775, -512748211//2029625, 27433877//243555, -152138737//6088875, -210889457//6088875, 550152283//6088875, -597085861//6088875, 309809359//6088875, -92892976//6088875, 9688883//405925, -30536894//1217775, 25449589//1217775, -5843834//405925, 725293//93675, -14137568//6088875, -316486//243555, 5788056//2029625, -19893157//6088875, 20668003//6088875, -1251662//468375, 6804734//6088875, -58237//2029625]
6; 11; 4; 11; 6; 1; 1; 11; 1; 1; [-23717//12675, -146452//63375, -96571//63375, -29989//21125, -5678//4225, -91384//21125, 66893//21125, 134347//12675, 36266//4875, 87784//12675, 36759//4225, 17062//975, 4909//4225, 149781//4225, 3299462//63375, 662157//21125, -3469138//63375, -113059//975, -145121//21125, -13568119//63375, -5803246//12675, -28387988//63375, -3957641//12675, 1216149//4225, -2735224//12675, 562269//4225, -720598//12675, 128217//21125, 1915918//63375, -2822044//63375, 11784//325, -704933//21125, 759703//63375, -26684//845, -377798//21125, -47293//4225, 7346//975, -49501//12675, 4476//4225, 164//195, -107284//63375, 124348//63375, -108874//63375, 13838//12675, -14453//21125, 4138//63375, -4322//12675, -37799//63375]
6; 11; 4; 11; 2; 1; 1; 5; 1; 1; [1514695501//12427393875, -964867361//12427393875, -9322338614//4142464625, -31044894206//12427393875, -66444218024//12427393875, -1154669098//955953375, -25608104//12427393875, 86721123553//12427393875, 5355651272//828492925, 22868419688//2485478775, 5652556797//828492925, 16156238611//2485478775, 50157570239//2485478775, 108920875009//12427393875, 61149403227//4142464625, 793743789247//12427393875, 887003145716//12427393875, 1318021284794//12427393875, -343190736661//12427393875, -2079963381956//12427393875, -1323272620236//4142464625, -318393617898//828492925, -429474130927//2485478775, -387492602849//2485478775, 262805495307//828492925, -863123356646//2485478775, 1236750500809//4142464625, -2610480746167//12427393875, 503680568497//4142464625, -481874369492//12427393875, -24591770796//4142464625, 472583760182//12427393875, -692609443403//12427393875, 365431332346//12427393875, -41603260562//828492925, 30111892052//2485478775, -12964189072//828492925, 36420881989//2485478775, -9261276138//828492925, 29022988409//4142464625, -39501153502//12427393875, 5094023266//12427393875, 1359449011//955953375, -8286870861//4142464625, 25876330222//12427393875, -22924943788//12427393875, 274385044//318651125, -452662321//497095755]
6; 11; 4; 11; 10; 1; 1; 11; 1; 1; [6261//21125, 36092//21125, -18887//21125, -48214//21125, 55428//21125, 91352//21125, -194938//21125, -118359//21125, 256479//21125, 17938//4225, -96984//4225, 2907//4225, 98659//4225, -279531//21125, -1635652//21125, 1094617//21125, 2288339//21125, -1941198//21125, -2533327//21125, 5386588//21125, 2683494//21125, -4974144//21125, -304277//4225, 464931//4225, -472683//4225, 29748//325, -1286733//21125, 580479//21125, -117074//21125, -45613//21125, 215556//21125, -448491//21125, 529979//21125, -6186//1625, -111672//21125, -21873//4225, 19124//4225, -13887//4225, 8166//4225, -1221//1625, -19//125, 12526//21125, -13043//21125, 12381//21125, -12901//21125, 11319//21125, -768//21125, -3912//21125]
6; 11; 4; 11; 11; 1; 1; 6; 1; 1; [79074503//26385125, -26937191//26385125, 20555094//26385125, 76729966//26385125, -76682108//26385125, -29323834//5277025, 52314016//26385125, -206058709//26385125, -550883167//26385125, 70604288//5277025, 85481397//5277025, -190212316//5277025, 116680//211081, -1869629768//26385125, 1966348911//26385125, -2264081514//26385125, -136208186//26385125, 7045686858//26385125, 530510744//5277025, -4349902106//26385125, 11582044649//26385125, 13077948157//26385125, -5222985982//5277025, -1418131478//5277025, 4995496304//5277025, -244168562//211081, 27654970711//26385125, -20603391652//26385125, 12445809628//26385125, -5368318398//26385125, 458224164//26385125, 608276137//5277025, -4323167168//26385125, 4542670687//26385125, -2575491549//26385125, 174324662//5277025, -265432532//5277025, 266337306//5277025, -8595642//211081, 712639751//26385125, -363520312//26385125, 6851696//2029625, 6609024//2029625, -165978896//26385125, 38100747//5277025, -164519743//26385125, 123284452//26385125, -52467069//26385125]
6; 11; 4; 11; 6; 1; 1; 5; 1; 1; [-86953369//955953375, 436128793//955953375, -27532718//955953375, -459949401//318651125, -1205988586//955953375, -2788141106//955953375, -471069354//318651125, -320402488//318651125, -712059587//318651125, 331674622//63730225, 143856328//63730225, 26360953//14706975, 1716640148//191190675, 3935524018//318651125, -627001341//318651125, 14638624388//955953375, 38288646913//955953375, 40564138846//955953375, 73933704766//955953375, -680091262//24511625, -8490644662//318651125, 33885879011//955953375, -9724602858//63730225, 3985944418//63730225, 149845743//63730225, -2485253829//63730225, 17146593054//318651125, -48709960424//955953375, 12813815188//318651125, -22347672941//955953375, 13252831373//955953375, 509487886//318651125, -1767729528//318651125, 1863180954//318651125, -5416561537//955953375, -59765122//63730225, -6008946//4902325, 429958136//191190675, -152423756//63730225, 646348304//318651125, -1341075029//955953375, 249116938//318651125, -207139271//955953375, -59851192//955953375, 333425968//955953375, -113964363//318651125, 87862894//318651125, -60224169//318651125]
6; 11; 4; 11; 8; 1; 1; 6; 1; 1; [3399697//5277025, 20245614//26385125, 33556713//26385125, -9680274//26385125, -2009378//26385125, 19006931//5277025, 105461674//26385125, -258871244//26385125, -14193846//1055405, -15425848//1055405, -2930589//405925, -45827658//5277025, -97085922//5277025, -220666787//5277025, -767410364//26385125, -461055743//26385125, 885451809//26385125, -527133687//26385125, -624154919//5277025, 2447819656//26385125, 12207186724//26385125, 346018394//1055405, 168839417//1055405, -150636727//5277025, -288095728//5277025, 478182173//5277025, -512219196//5277025, 2041670113//26385125, -1438361984//26385125, 797320627//26385125, -249421441//26385125, -53755371//5277025, 418048263//26385125, 201429057//26385125, 28028144//1055405, -96919//81185, 19183082//5277025, -23030387//5277025, 20599017//5277025, -15479586//5277025, 45176318//26385125, -19470264//26385125, 558827//26385125, 10900404//26385125, -730881//1055405, 17104458//26385125, -1307058//26385125, 597319//1055405]
6; 11; 4; 11; 10; 1; 1; 5; 1; 1; [-693439693//4142464625, 929997256//828492925, 1845036554//4142464625, -2459990603//4142464625, 1535271032//4142464625, 4719848//2029625, -9351284529//4142464625, -16264029297//4142464625, 7336627743//4142464625, -1408326406//828492925, -6506175933//828492925, -1755993376//828492925, 1407075333//828492925, 12800727608//4142464625, -2862554304//63730225, -799802758//318651125, 101202399778//4142464625, 3301376163//4142464625, -94872918718//4142464625, 463163721349//4142464625, 197342585927//4142464625, -11649882338//4142464625, 67211845364//828492925, 84397574942//828492925, -156434890656//828492925, 167417951738//828492925, -704272428991//4142464625, 96360145526//828492925, -270083131532//4142464625, 93289750874//4142464625, 33862721214//4142464625, -102508936694//4142464625, 137403822702//4142464625, -95245852769//4142464625, 76167431386//4142464625, -6097954679//828492925, 7583672048//828492925, -6971351434//828492925, 5246628567//828492925, -16073765531//4142464625, 1377309833//828492925, -425905452//4142464625, -3427369661//4142464625, 5111136539//4142464625, -5115401634//4142464625, 4400890057//4142464625, -2454317544//4142464625, 1297148011//4142464625]
6; 11; 4; 11; 3; 1; 1; 4; 1; 1; [3253844//1217775, 6917853//2029625, 17539703//6088875, 10330451//2029625, 15115388//2029625, -11700878//2029625, -173418161//6088875, -35354984//1217775, -7434751//6088875, 6293498//1217775, -12757684//405925, -8256952//405925, 1836988//48711, -131331964//1217775, -341421293//2029625, -153431566//2029625, 505408172//6088875, 931600966//6088875, 177144568//468375, 4838486401//6088875, 39412312//48711, -172421248//2029625, -819445552//1217775, 40586638//1217775, 138757108//405925, -120107194//243555, 195408641//405925, -2397189692//6088875, 1515341081//6088875, -739526624//6088875, 205864343//6088875, 320273047//6088875, -174834122//6088875, 128749558//1217775, -376801612//6088875, 11935487//1217775, -25003268//1217775, 27632126//1217775, -1583814//81185, 5594961//405925, -48785447//6088875, 5632252//2029625, 1435537//2029625, -4871704//2029625, 7018439//2029625, -1026919//468375, 3469156//1217775, -2824889//2029625]
6; 11; 4; 11; 5; 1; 1; 11; 1; 1; [62867//21125, -40847//12675, 95051//63375, 128162//63375, -319766//63375, 104206//63375, 35999//21125, 32204//63375, -19899//1625, -61238//4225, 5133//169, -3559//195, -173843//12675, -3613801//63375, 1308457//12675, -8030716//63375, 2682853//63375, 1032572//4875, -3967751//63375, -5180027//63375, -1526763//21125, 10789992//21125, 96407//4225, -2136881//2535, 2927513//2535, -14079223//12675, 54741742//63375, -6977099//12675, 16475902//63375, -2769781//63375, -397429//4875, 9496507//63375, -3427277//21125, 8087683//63375, -1395574//21125, 615814//12675, -10186//195, 37299//845, -130194//4225, 82724//4875, -70879//12675, -44866//21125, 388229//63375, -448837//63375, 409967//63375, -309581//63375, 178658//63375, -47972//63375]
6; 11; 4; 11; 12; 1; 1; 9; 1; 1; [259931377//175781125, -58873422//175781125, -429832816//175781125, -51324833//35156225, 320004344//175781125, -65327531//35156225, -200971986//35156225, -402650707//175781125, 69620338//7031245, 290023492//35156225, -358070337//35156225, 8515989//35156225, 243417419//7031245, -7606790097//175781125, -156616238//175781125, 11382405626//175781125, 3874671211//35156225, -8562420904//175781125, -460800107//7031245, 238093098//2704325, 20877673567//175781125, -1798809367//7031245, -133775159//223925, -2137843977//35156225, 15142103319//35156225, -3936489846//7031245, 92362759914//175781125, -5468338093//13521625, 45120950663//175781125, -3923705873//35156225, 2094770513//175781125, 1588407272//35156225, -191700903//2704325, 14259874166//175781125, -513334281//7031245, 492237858//35156225, -841977248//35156225, 879921681//35156225, -11212158//540865, 2492325294//175781125, -1341678504//175781125, 416575448//175781125, 46430666//35156225, -542156037//175781125, 121131794//35156225, -21141816//7031245, 410754556//175781125, -10719349//7031245]
6; 11; 4; 11; 2; 1; 1; 2; 1; 1; [-63738606388//180062887875, -15993279398//60020962625, -94233994012//180062887875, -90273681919//180062887875, 69284470876//180062887875, -308328356404//180062887875, 12958147//2770198275, 583226546062//180062887875, 7002206377//36012577575, 60800040586//12004192525, 12259160599//12004192525, 403669138//110807931, 57626642872//7202515515, 1950611097728//180062887875, 2684630349694//180062887875, 4332985692817//180062887875, 1062004686349//180062887875, -2850498164231//180062887875, 2405130735978//60020962625, -310640840831//7202515515, -59541273473//1065460875, -214785743746//7202515515, -1307891004074//12004192525, 1761387951992//36012577575, -29568465686//7202515515, -31833798610//1440503103, 13027537164//382299125, -5905006880948//180062887875, 29767483754//1065460875, -3147195721243//180062887875, 1488794999837//180062887875, -19348345571//60020962625, -50521056464//12004192525, 329746773554//180062887875, -219207613234//36012577575, -32979559463//36012577575, -1686710644//2770198275, 3317544604//2400838505, -3717600756//2400838505, 6290797736//4616997125, -172544317828//180062887875, 104332585726//180062887875, -36923118433//180062887875, -8476631633//180062887875, 36506503297//180062887875, -9026379209//36012577575, 27092847644//180062887875, -6335157053//36012577575]
6; 11; 4; 11; 4; 1; 1; 7; 1; 1; [-845033//3358875, -2259559//3358875, -985804//1119625, -632//223925, 1960308//1119625, 1590478//671775, 1679739//1119625, 2723199//1119625, 613084//258375, 219768//223925, 54986//223925, 366019//51675, 6200702//671775, 48408313//3358875, 15123713//1119625, 36974597//3358875, -12539461//671775, -1517701//19875, -11107931//134355, -60981697//3358875, -2932997//3358875, -7348072//3358875, -16264467//223925, 18085933//671775, 3529577//671775, -14807438//671775, 97046944//3358875, -28498391//1119625, 67847531//3358875, -2908983//223925, 496226//258375, -928272//223925, -3802547//1119625, 12600524//3358875, -4324272//1119625, -191914//671775, -39196//51675, 821683//671775, -277019//223925, 266048//258375, -755121//1119625, 412782//1119625, -15463//134355, -458642//3358875, 19176//223925, -640291//3358875, 168888//1119625, -370691//3358875]
6; 11; 4; 11; 9; 1; 1; 9; 1; 1; [309717843//175781125, 1613207//540865, 471543//255125, 100974608//35156225, -445229378//175781125, -1215800336//175781125, -913475874//175781125, -1484096999//175781125, 14063672//35156225, -13962152//35156225, -408887577//35156225, -79890926//35156225, -26126166//1406249, -12865097763//175781125, -2136284489//35156225, -1435347657//175781125, 16807304//7031245, 39101707278//175781125, 40697785151//175781125, 26621750314//175781125, 29861585144//175781125, -7639667681//35156225, 227533//17225, 4173054633//35156225, -6078535396//35156225, 1189888677//7031245, -24345629014//175781125, 3012876831//35156225, -7799776446//175781125, 6417518//663325, 3932885974//175781125, -2126135047//175781125, 5450041757//175781125, -2216949988//175781125, 6011295//1406249, -251476923//35156225, 278702642//35156225, -240499579//35156225, 34073721//7031245, -496470164//175781125, 33381904//35156225, 36866004//175781125, -30931677//35156225, 225924839//175781125, -141832447//175781125, 155563097//175781125, -55800858//175781125, 586423//35156225]
6; 11; 4; 11; 7; 1; 1; 11; 1; 1; [-19011//21125, 28109//21125, -23112//21125, 3226//4225, 11278//21125, -70352//21125, 114619//21125, -1266//1625, -23837//21125, 52036//4225, -42054//4225, 34256//4225, 50068//4225, 512246//21125, -368379//21125, 1265467//21125, -32387//845, 1141232//21125, 1789062//21125, -18331//125, 4415858//21125, -2245858//21125, -851174//4225, 1713056//4225, -1877834//4225, 1609133//4225, -5646627//21125, 3169858//21125, -1063274//21125, -67037//4225, 1115786//21125, -1219249//21125, 1042478//21125, -683086//21125, 434376//21125, -84521//4225, 78954//4225, -60256//4225, 37662//4225, -85017//21125, 8803//21125, 38076//21125, -11444//4225, 57776//21125, -44309//21125, 27848//21125, -11846//21125, 2001//21125]
6; 11; 4; 11; 11; 1; 1; 4; 1; 1; [-59670731//26385125, 31388028//26385125, -141646657//26385125, -261961629//26385125, 16742982//26385125, 735749//81185, 87663768//26385125, 448378646//26385125, 186242038//5277025, -20527966//5277025, -144258294//5277025, 118410257//5277025, 88716594//5277025, 2445693891//26385125, -569668338//26385125, 5937937757//26385125, 3919871204//26385125, -7966230082//26385125, -2171939529//5277025, -6744155968//26385125, -17491895246//26385125, -488195507//1055405, 4872735899//5277025, 1620315501//5277025, -5077737183//5277025, 6098811189//5277025, -27333345317//26385125, 20285068041//26385125, -11922511894//26385125, 5267326082//26385125, -329584356//26385125, -698133704//5277025, 3829119481//26385125, -4777328693//26385125, 512718789//5277025, -179986134//5277025, 266372074//5277025, -264457337//5277025, 211706121//5277025, -695188207//26385125, 350699421//26385125, -76372984//26385125, -87779698//26385125, 166707059//26385125, -39329256//5277025, 152964391//26385125, -125963298//26385125, 10223033//5277025]
6; 11; 4; 11; 6; 1; 1; 2; 1; 1; [451222370741//180062887875, 266869528361//180062887875, 407140096006//180062887875, 1335599093849//180062887875, -266658553934//180062887875, 92330706836//12004192525, 23843940734//36012577575, -636119464426//60020962625, 87469170712//13850991375, -844257803332//36012577575, -225396630233//12004192525, 7171960252//923399425, -537524347628//12004192525, -5168784900462//60020962625, -3080167367131//180062887875, -19507904884981//180062887875, -6168672473913//60020962625, 1920264151553//13850991375, -1362012779276//7202515515, 4027900086174//12004192525, 17115173470411//60020962625, -1697160785652//60020962625, 32599261794878//36012577575, -2049484288968//12004192525, -10467235546562//36012577575, 5997627178797//12004192525, -607453233139//1146897375, 26169982999214//60020962625, -18277334888316//60020962625, 9400232330681//60020962625, -596865357071//13850991375, -1219076519066//36012577575, 946787522358//12004192525, -10908479810746//180062887875, 11440013815102//180062887875, -72809183201//12004192525, 1410445722//71030725, -288155354696//12004192525, 260183305118//12004192525, -224383467701//13850991375, 1748390036102//180062887875, -251824186576//60020962625, -9504641797//180062887875, 441556254187//180062887875, -122956345012//36012577575, 123722542717//36012577575, -401287512466//180062887875, 282876164072//180062887875]
6; 11; 4; 11; 3; 1; 1; 3; 1; 1; [38055724641//13751320375, -400672111//1650158445, -75867642856//41253961125, 13765285174//41253961125, 5037704972//13751320375, -7000181126//1057793875, -551710226932//41253961125, -245926325396//41253961125, 474688942337//41253961125, 29362621086//2750264075, -22221987329//2750264075, 33021354718//8250792225, 356163934519//8250792225, -3837154723583//41253961125, 10289343237//2750264075, 3347444111701//41253961125, 1710471038882//13751320375, 68836359746//1057793875, 1008636831453//13751320375, 3762767209494//13751320375, 2371114547757//13751320375, -7376143878829//13751320375, -2399728963679//2750264075, -540711618677//8250792225, 4928900423998//8250792225, -6495540915476//8250792225, 30609017215081//41253961125, -1581146474633//2750264075, 1163966465161//3173381625, -6736510679422//41253961125, 1073901289982//41253961125, 2865194758382//41253961125, -3818956124569//41253961125, 4735989951643//41253961125, -4600048190821//41253961125, 157706202467//8250792225, -276633190348//8250792225, 291516898207//8250792225, -6224841866//211558775, 833526229661//41253961125, -30199463202//2750264075, 144458897858//41253961125, 71410934243//41253961125, -172762480543//41253961125, 206097801362//41253961125, -170519451709//41253961125, 45810800016//13751320375, -2466317304//1057793875]
6; 11; 4; 11; 5; 1; 1; 5; 1; 1; [833350828//318651125, -218943626//191190675, 628469429//318651125, 384212663//318651125, -143255406//63730225, 304213313//955953375, -3514701577//955953375, -550549921//191190675, -2903376246//318651125, -4533585668//191190675, 469982004//63730225, -179378244//12746045, -117420724//63730225, -15398379358//318651125, 1762863872//38238135, -35083834509//318651125, 7401911317//318651125, 21808760263//191190675, 29286458124//318651125, 91883101449//318651125, 21932795191//191190675, 84651228396//318651125, 7846568572//191190675, -37908875926//63730225, 10185917734//12746045, -48567399949//63730225, 187575187346//318651125, -1831875922//4902325, 54904080813//318651125, -8371815949//318651125, -3820220382//63730225, 105346230206//955953375, -30583817138//318651125, 18092563703//191190675, -15452646282//318651125, 2153275101//63730225, -6877388942//191190675, 384687818//12746045, -1333453956//63730225, 279434932//24511625, -699077441//191190675, -516126772//318651125, 1363430951//318651125, -939658841//191190675, 1448795782//318651125, -2897555819//955953375, 390440098//191190675, -179108552//318651125]
6; 11; 4; 11; 2; 1; 1; 10; 1; 1; [22302//86125, 378143//3358875, 2706533//3358875, 164998//258375, 3306938//3358875, 109898//223925, 61452//1119625, -199181//134355, -4613319//1119625, -1109384//223925, -1922144//223925, -1680629//223925, -5718304//671775, -10460251//1119625, -6501791//1119625, -57957298//3358875, -41444654//3358875, -54366233//3358875, -2496859//51675, -100600936//3358875, -38465198//671775, -103193653//3358875, -21648999//223925, 17883701//223925, -37264307//671775, 6575137//223925, -10755908//1119625, -16189399//3358875, 36480896//3358875, -47152172//3358875, 37521551//3358875, -291521//26871, 12507847//3358875, -3088528//671775, -5231929//3358875, -12547//4225, 1198622//671775, -171421//223925, 823//223925, 35974//86125, -2018104//3358875, 1891886//3358875, -1561957//3358875, 940076//3358875, -123709//671775, 5827//3358875, -2462//671775, -116958//1119625]
6; 11; 4; 11; 4; 1; 1; 12; 1; 1; [91832294//175781125, 282536957//527343375, -329621486//527343375, -21017938//35156225, -11830066//21093735, -5930508//175781125, -232234187//175781125, -266026379//175781125, 21645449//8112975, 235210778//105468675, -175588923//35156225, -839776//2704325, 699975956//105468675, -9137027087//527343375, -3614857487//527343375, 4288193347//175781125, 192603257//7031245, 311173003//8112975, -3629007677//175781125, 12640367//9949875, 19719736522//527343375, -3810283553//105468675, -9115471627//105468675, 2175877411//105468675, 2251462846//105468675, -4365770159//105468675, 23494679639//527343375, -20506788511//527343375, 4957219481//175781125, -9325811//671775, 56364623//8112975, 333247937//527343375, -2708517947//527343375, 1402764152//175781125, -257562459//35156225, 32681942//105468675, -334978//208025, 215682539//105468675, -66592677//35156225, 57950953//40564875, -158482687//175781125, 1421284//3358875, -1431979//105468675, -15780764//105468675, 135229817//527343375, -47899599//175781125, 132775846//527343375, -3721916//21093735]
6; 11; 4; 11; 10; 1; 1; 2; 1; 1; [-1146409801//60020962625, 13049360809//60020962625, 14472009028//60020962625, 1024859984//2400838505, -58767164282//60020962625, 15887525547//12004192525, -23839269019//60020962625, 17141855578//60020962625, -47041984599//12004192525, 3054088922//2400838505, 879522009//923399425, -66275553144//12004192525, 3655813519//12004192525, -18646165519//60020962625, 89709963781//60020962625, -1106095978763//60020962625, -30492537613//12004192525, 2390993702117//60020962625, -29066405353//923399425, 1524961924919//60020962625, -895285897553//60020962625, 1574788984792//12004192525, -32267438477//480167701, 753982243997//12004192525, -577611515474//12004192525, 358417124699//12004192525, -5179192366//382299125, 6830139911//4616997125, 304196168391//60020962625, -109365602243//12004192525, 650292107591//60020962625, -104533576728//12004192525, 27661294529//4616997125, -189116880449//60020962625, 15754899146//2400838505, -454640266//184679885, 20139811938//12004192525, -10765965851//12004192525, 3145361826//12004192525, 9320780908//60020962625, -21977726157//60020962625, 24174835796//60020962625, -4422525047//12004192525, 105907724//355153625, -2161766564//12004192525, 4826776222//60020962625, -307141514//60020962625, 810109964//12004192525]
