6; 2; 5; 12; 10; 1; 1; 12; 1; 1; [16399//21125, 51007//21125, 63679//21125, 28807//21125, 43348//21125, 197451//21125, -239996//21125, -220492//21125, 128214//21125, -167042//4225, -75924//4225, 2978//845, -183011//4225, -793164//21125, -1964927//21125, -1255224//21125, 797538//21125, -1382028//21125, -1559496//21125, 12794156//21125, 168139//1625, 418372//1625, 5911948//4225, -1707834//4225, -43054//169, 2472984//4225, -14090157//21125, 12170124//21125, -8873227//21125, 5126814//21125, -1993139//21125, -353478//21125, 2092078//21125, -1831174//21125, 2041288//21125, -5103//4225, 92364//4225, -25022//845, 119451//4225, -465597//21125, 294904//21125, -141832//21125, 23389//21125, 49106//21125, -84168//21125, 96438//21125, -68444//21125, 52368//21125]
6; 2; 5; 12; 5; 1; 1; 7; 1; 1; [5817862//9949875, 431384//255125, 627118//1989975, 22183972//9949875, 20149924//9949875, -436951//3316625, -24158621//9949875, -1088617//663325, -83830921//9949875, -22139996//1989975, -3636153//663325, -20251784//1989975, -11915242//397995, -3846464//765375, -161726372//3316625, -43439818//1989975, -90945759//3316625, -394063724//9949875, 871453858//9949875, 2372158081//9949875, 10027408//397995, 2037145931//9949875, 7066882//12675, 1448326//1989975, -216153708//663325, 1056746//2355, -4323964691//9949875, 3362568502//9949875, -437496184//1989975, 79846463//765375, -69329389//3316625, -307192121//9949875, 697926778//9949875, -121014263//1989975, 603162253//9949875, -19621864//1989975, 37543484//1989975, -40640066//1989975, 458672//26533, -120650011//9949875, 66584152//9949875, -4587104//1989975, -7633456//9949875, 23121338//9949875, -9148747//3316625, 27443963//9949875, -1241092//663325, 4353671//3316625]
6; 2; 5; 12; 4; 1; 1; 5; 1; 1; [4566893//9949875, 2364626//1989975, -36294898//29849625, 103243294//29849625, -503929//3316625, -4432951//5969925, 22620463//29849625, -100294303//9949875, 102722852//29849625, -7830034//1989975, -138848626//5969925, 10449111//663325, -25618679//1989975, -727989779//29849625, -11145548//459225, 1276231358//29849625, -2060838074//29849625, 779691167//9949875, -137964857//5969925, 2223963122//29849625, 10414571074//29849625, -7933073732//29849625, 1458814723//5969925, 2126400754//5969925, -1265666882//1989975, 4022403758//5969925, -5624362669//9949875, 463982413//1193985, -2090920102//9949875, 1918889543//29849625, 995218103//29849625, -10805919//132665, 223705562//2296125, -224702982//3316625, 162738006//3316625, -149436088//5969925, 61032407//1989975, -166885904//5969925, 124771682//5969925, -380269427//29849625, 3615188//663325, -511779//3316625, -188327//63375, 125704303//29849625, -24284654//5969925, 97405196//29849625, -53195848//29849625, 23761379//29849625]
6; 2; 5; 12; 5; 1; 2; 5; 1; 1; [-6821//12675, 0, -13284//4225, 18236//21125, 36472//21125, -250063//63375, -27796//21125, 70446//21125, 26668//2535, 0, -18236//4225, 416738//12675, -72944//4225, -597986//12675, -109416//4225, 1359713//12675, -1112396//21125, -1495352//21125, -1415677//63375, -3508889//21125, -21584443//63375, -6872054//12675, 145888//845, 1349464//4225, -2287279//4225, 2388916//4225, -5970244//12675, 1349464//4225, -2114353//12675, 1039452//21125, 528844//21125, -4441061//63375, 4546099//63375, -414743//4875, 109297//4225, -18236//845, 109416//4225, -295453//12675, 72944//4225, -5282//507, 18236//4225, 93//845, -54708//21125, 72944//21125, -71972//21125, 159074//63375, -42163//21125, 1513//4225]
6; 2; 5; 12; 7; 1; 1; 7; 1; 1; [-57834//255125, 3045808//3316625, -3225673//663325, -29622404//3316625, -60809968//3316625, -24656169//663325, -32368928//663325, -209495244//3316625, -1381401//26533, -22746482//663325, -3544341//51025, -6912413//132665, -428084//663325, 203161742//3316625, 356082392//3316625, 205156756//663325, 1396278384//3316625, 2550387198//3316625, 30386180//26533, 955914676//663325, 6202673444//3316625, 46959512//51025, 46864//4225, 165869462//663325, -47807959//132665, 231326696//663325, -903215964//3316625, 608000086//3316625, -48676403//663325, 120976912//3316625, 203952249//3316625, 249636//51025, 76246702//663325, 11054954//255125, 46630136//663325, -762761//51025, 10797008//663325, -371596//26533, 6531594//663325, -18168804//3316625, 6740421//3316625, 522716//663325, -4950378//3316625, 9678704//3316625, -714134//663325, 1834766//663325, 2216872//3316625, 786479//663325]
6; 2; 5; 12; 2; 1; 1; 6; 1; 1; [-4550707//9949875, -1112197//5969925, -22062877//29849625, -239618//459225, 599537//9949875, 5136598//29849625, 88903//38025, 68965472//29849625, 156608//51025, 16159381//5969925, 2630948//1193985, -39811439//5969925, -630749//1989975, 80624521//29849625, 857749//132665, 622940287//29849625, -10793438//5969925, -221481121//29849625, 738725677//29849625, -317417783//5969925, -822087247//29849625, -125178812//1193985, -683654954//5969925, 135283//7065, 238126426//5969925, -398397707//5969925, 2065107418//29849625, -25994122//459225, 394401892//9949875, -24627884//1193985, 168599927//29849625, 47397472//9949875, -13051262//1193985, 251754299//29849625, -78891547//5969925, 1808228//1989975, -353589//132665, 18874904//5969925, -16942148//5969925, 20823641//9949875, -2471174//1989975, 5286422//9949875, 7771//663325, -3212086//9949875, 4494767//9949875, -2734541//5969925, 8886364//29849625, -587068//1989975]
6; 2; 5; 12; 5; 1; 1; 12; 1; 1; [573902//663325, -768496//397995, -4543//26533, 6908761//9949875, -42004166//9949875, -1275566//397995, 26328413//3316625, -21249529//9949875, -32248511//3316625, 9839344//663325, 12672558//663325, -29465648//1989975, 21806099//1989975, -5225968//397995, 52181446//663325, -55077764//1989975, 175819004//9949875, 1431960436//9949875, -988634//12675, -2343405659//9949875, 659597093//3316625, 46006916//765375, -497388856//663325, -27823582//153075, 1369237042//1989975, -1686051091//1989975, 1539279713//1989975, -1146617422//1989975, 233574307//663325, -503884166//3316625, 127609298//9949875, 50697624//663325, -414800644//3316625, 1203909107//9949875, -855003586//9949875, 47332783//1989975, -24381238//663325, 24614686//663325, -19929563//663325, 39908311//1989975, -120922//11775, 5252014//1989975, 23180267//9949875, -46055762//9949875, 3429466//663325, -3592724//765375, 11113634//3316625, -17360321//9949875]
6; 2; 5; 12; 3; 1; 1; 9; 1; 1; [-5500246//765375, 8917216//3316625, 213453862//9949875, 43569264//663325, 322636162//3316625, 11012083//132665, 68853158//9949875, -78922144//663325, -2011699828//9949875, -394791106//1989975, -83350633//663325, -55133422//1989975, -218588764//1989975, 214546508//9949875, -6403709378//9949875, -13056443057//9949875, -4520669906//1989975, -19571397116//9949875, -140857858//1989975, 11025162674//3316625, 13412354068//1989975, 67093115123//9949875, 7420584464//1989975, -489149404//1989975, -3660227212//1989975, 5333095121//1989975, -26367175306//9949875, 20725808836//9949875, -4793007672//3316625, 15642740//26533, -2423464943//9949875, -127121996//663325, 4984849966//9949875, -140577308//1989975, 6196645519//9949875, -103152404//1989975, 73494918//663325, -245983888//1989975, 70749638//663325, -756735836//9949875, 425980781//9949875, -169120636//9949875, -10219012//1989975, 118987712//9949875, -34031252//1989975, 61394447//3316625, -481894//79599, 129562094//9949875]
6; 2; 5; 12; 6; 1; 1; 6; 1; 1; [-6488774//9949875, -6855193//9949875, -15457153//9949875, -15758702//9949875, -6941552//9949875, -298377//3316625, 2715779//9949875, 25038211//9949875, -12029663//3316625, 3200551//1989975, -1092836//397995, 709588//663325, 6755629//1989975, 251545969//9949875, 262552118//9949875, 634614908//9949875, 28928399//3316625, 10085419//3316625, -1902931//255125, -632746549//9949875, -863762591//9949875, 284488169//9949875, -77645523//663325, 10176781//132665, -76298926//1989975, 1332128//153075, 115418062//9949875, -181556431//9949875, 236260379//9949875, -171086714//9949875, 41094357//3316625, -70539017//9949875, -6407252//9949875, -10315281//3316625, -11346658//9949875, -4781266//1989975, 116411//132665, 355171//1989975, -500098//663325, 9618067//9949875, -8424941//9949875, 181031//255125, -1309748//3316625, 1786121//9949875, -13514//765375, -1406657//9949875, 175579//3316625, -1004573//9949875]
6; 2; 5; 12; 7; 1; 1; 12; 1; 1; [-2324042//3316625, -210432//255125, -8096117//3316625, -11285343//3316625, -10970296//3316625, -18962//2041, -27490909//3316625, -5781239//3316625, -41848659//3316625, -639972//51025, 408813//132665, -1737293//663325, -184664//663325, 154201022//3316625, 169074296//3316625, 262799632//3316625, 224904508//3316625, 527831441//3316625, 1589684//4225, 180964689//3316625, -378443366//3316625, 1231120474//3316625, 132021594//663325, -10064462//132665, -7141543//663325, 39048896//663325, -242955134//3316625, 240394458//3316625, -165262299//3316625, 120413084//3316625, -25838262//3316625, 12289663//663325, 30332002//3316625, -50588143//3316625, 89298862//3316625, 595606//663325, 259312//132665, -2144592//663325, 2215914//663325, -8990734//3316625, 6343703//3316625, -3063244//3316625, 1145919//3316625, 79981//255125, -60503//663325, 1709637//3316625, -1680088//3316625, 2029777//3316625]
6; 2; 5; 12; 4; 1; 1; 2; 1; 1; [-5180311//1989975, -6350972//3316625, -2486864//765375, 6919093//1989975, 19623038//3316625, 18974141//9949875, 21957207//3316625, -14431501//9949875, 13636//397995, 7749058//663325, 241373//663325, 3507307//153075, -32760046//1989975, 1967334//51025, 409382006//9949875, 331782274//3316625, -321104024//1989975, -727672248//3316625, -2152853986//9949875, -2498519561//9949875, 2428945081//9949875, 12457833//132665, 144652208//663325, 278197728//663325, -1405083569//1989975, 487542713//663325, -1207022737//1989975, 4149563368//9949875, -2161190104//9949875, 23355866//397995, 90965011//3316625, -331249766//3316625, 912043142//9949875, -789421187//9949875, 27702091//397995, -18673398//663325, 1718754//51025, -60248626//1989975, 14846352//663325, -26645867//1989975, 18637481//3316625, 1459526//9949875, -6895783//1989975, 14543416//3316625, -45620338//9949875, 32077742//9949875, -6627814//3316625, 453554//397995]
6; 2; 5; 12; 5; 1; 2; 2; 1; 1; [-3889129//3316625, -6640924//663325, -186628003//9949875, -334060102//9949875, -121496376//3316625, -1160984//765375, 441192017//9949875, 622968412//9949875, 1000784489//9949875, 72898356//663325, 234564791//1989975, 10181148//51025, 224888259//663325, 2011281967//9949875, 530707826//1989975, 19688749//63375, 8957829232//9949875, 2663323096//3316625, -4563345583//9949875, -20734157317//9949875, -12155213139//3316625, -17955724558//3316625, -6132436157//1989975, 505917097//663325, 1497651292//1989975, -964595341//663325, 16044077026//9949875, -539283107//397995, 9714101564//9949875, -4953829654//9949875, 2225568659//9949875, 108433237//3316625, -2758134811//9949875, 557755349//9949875, -4444692872//9949875, 6837139//663325, -221178//3925, 144112003//1989975, -133298312//1989975, 511276426//9949875, -62942783//1989975, 145732024//9949875, -6425929//9949875, -18915107//3316625, 92335121//9949875, -114064871//9949875, 3568898//765375, -32490824//3316625]
6; 2; 5; 12; 10; 1; 1; 6; 1; 1; [-84901//21125, 176619//21125, 463902//21125, 523798//21125, 738472//21125, 4729//4225, -1544533//21125, -2491766//21125, -3449297//21125, -334652//4225, 4122//4225, -934013//4225, -1505108//4225, -2280784//21125, -7751959//21125, -6536762//21125, -3712578//21125, -3959162//21125, 4101816//4225, 46483653//21125, 87266986//21125, 147914112//21125, 14203738//4225, -5519998//4225, -654143//4225, 306524//325, -26391177//21125, 24286608//21125, -19151876//21125, 11636686//21125, -5580166//21125, 310338//4225, 4379734//21125, 445248//21125, 10242616//21125, 70582//4225, 132408//4225, -225312//4225, 232758//4225, -970677//21125, 655418//21125, -359916//21125, 103056//21125, 55204//21125, -25072//4225, 203559//21125, -69312//21125, 230571//21125]
6; 2; 5; 12; 11; 1; 1; 9; 1; 1; [16841146//3316625, -2740613//3316625, -53423412//3316625, -149122603//3316625, -44364928//663325, -14163124//255125, -6948836//3316625, 266161669//3316625, 99689236//663325, 97863382//663325, 48125202//663325, 14057809//663325, 48563233//663325, -101959366//3316625, 1407652273//3316625, 3171093657//3316625, 5279040503//3316625, 71474619//51025, -241615958//3316625, -7947122634//3316625, -1149199013//255125, -3316467639//663325, -1763064458//663325, 20871704//51025, 654262779//663325, -1059290722//663325, 5447773437//3316625, -4405204786//3316625, 3166458866//3316625, -1351897701//3316625, 131771983//663325, 292512401//3316625, -1040080982//3316625, 89093523//3316625, -283446341//663325, 15481363//663325, -42622312//663325, 50154306//663325, -44625363//663325, 163617297//3316625, -95821866//3316625, 42013186//3316625, 6421839//3316625, -859731//132665, 33962051//3316625, -3023399//255125, 12435528//3316625, -18578//2041]
6; 2; 5; 12; 2; 1; 1; 6; 2; 1; [64338826//9949875, 11555734//3316625, 42913589//9949875, 149963227//9949875, -16638256//3316625, 25980808//1989975, -3469768//1989975, -135005752//3316625, 256782//51025, -122868632//1989975, -28761037//663325, 44194361//1989975, -220734572//1989975, -2076295276//9949875, -187777409//3316625, -2197713379//9949875, -492858424//3316625, 4455091228//9949875, -226282793//663325, 505813918//663325, 10977460591//9949875, -9731417//663325, 4929852428//1989975, -1177948321//1989975, -1238067034//1989975, 2389127818//1989975, -4368700311//3316625, 11028702434//9949875, -2617477359//3316625, 4250593939//9949875, -1275702271//9949875, -8199869//132665, 73607051//397995, -1307216017//9949875, 324741308//1989975, -6193776//663325, 92512786//1989975, -117454276//1989975, 108760352//1989975, -415049138//9949875, 85174308//3316625, -116428667//9949875, 8712394//9949875, 56502149//9949875, -5445176//663325, 16994243//1989975, -17857719//3316625, 2765643//663325]
6; 2; 5; 12; 4; 1; 1; 10; 1; 1; [937329//3316625, 437674//663325, -2637293//1989975, -13276948//3316625, -85425368//9949875, -33122638//9949875, 11144324//9949875, 74125988//9949875, 285580//79599, 13504552//663325, -3723773//663325, 52978642//1989975, 111057133//1989975, 437943938//9949875, -1879942//79599, -13028381//663325, 219512444//9949875, 651882381//3316625, 623633048//9949875, -356102014//9949875, -1164821261//3316625, -100679048//153075, -549867908//663325, 46281692//153075, 127431302//1989975, -517806622//1989975, 3277134979//9949875, -600715504//1989975, 149635191//663325, -457563116//3316625, 694993469//9949875, -8502536//9949875, -317288182//9949875, 280083376//9949875, -145732984//1989975, -5934476//1989975, -17836016//1989975, 9399576//663325, -9514321//663325, 116930519//9949875, -1207211//153075, 1621694//397995, -10738328//9949875, -2277897//3316625, 6219828//3316625, -1574369//765375, 14410976//9949875, -3594536//1989975]
6; 2; 5; 12; 5; 1; 2; 10; 1; 1; [-4147997//9949875, -47308328//9949875, 39244301//9949875, -157571296//9949875, -108681776//1989975, -70905293//663325, -54119706//663325, -29877706//9949875, 356389336//1989975, 437709562//1989975, -48568799//663325, -211324101//663325, -779804627//1989975, -736121738//9949875, 7865698108//9949875, 11626560844//9949875, 337803134//255125, 218927456//663325, -280996594//663325, -343391636//1989975, 1396097536//9949875, -4411016266//1989975, -5836363028//1989975, 3893008108//1989975, -2028738173//1989975, 12050787//51025, 2275236641//9949875, -4307548046//9949875, 1881487229//3316625, -1261020234//3316625, 129714164//397995, -386051474//1989975, 7167436//132665, 74413426//3316625, -105282896//663325, -123200167//1989975, 47520172//1989975, 5231258//1989975, -36330103//1989975, 229569271//9949875, -208514341//9949875, 174319592//9949875, -91438382//9949875, 9914296//1989975, -1732592//1989975, -4301117//1989975, 10651816//3316625, -3323066//663325]
6; 2; 5; 12; 12; 1; 1; 11; 1; 1; [-44391//132665, -813987//663325, -4168796//3316625, -245289//255125, -3993898//3316625, -195324//3316625, 7310621//3316625, 9200651//3316625, 7347044//3316625, 19362//3925, 5984994//663325, 1001506//132665, 5387468//663325, 11238724//663325, 23496933//663325, 49984706//3316625, 5415924//255125, 77720983//3316625, -219535996//3316625, -459659821//3316625, -440516226//3316625, -32120178//255125, -77111322//663325, 18272834//663325, 4032164//132665, -37816027//663325, 41641859//663325, -33797708//663325, 124245278//3316625, -64509014//3316625, 26450994//3316625, -2378803//3316625, -44610268//3316625, 8590967//3316625, -44643472//3316625, 313882//663325, -1467894//663325, 2374//845, -1714968//663325, 1311301//663325, -156814//132665, 1831738//3316625, -82339//3316625, -774861//3316625, 1060557//3316625, -1632398//3316625, 615762//3316625, -1010902//3316625]
6; 2; 5; 12; 2; 1; 1; 4; 1; 1; [13370303//6088875, 3752843//2435550, 26267003//24355500, 498353//374700, -2809327//6088875, -4861//37470, -10954889//1217775, -86770961//6088875, -1906487//974220, -29168201//2435550, -13491861//1623700, -3770413//162370, -27047//974220, -467490039//8118500, -16151303//487110, -1975413//156125, 97176067//1217775, 1696807919//12177750, 34711021//1623700, 376215532//1217775, 2152605926//6088875, 6684051//64948, 460102943//4871100, -51802587//124900, 84049911//162370, -38782802//81185, 4356670187//12177750, -362354619//1623700, 1182954113//12177750, -145832//48711, -1005492031//24355500, 86116262//1217775, -10707607//194844, 576567729//8118500, -6128581//194844, 36330199//1623700, -27816683//1217775, 1208365//64948, -1017512//81185, 6081799//936750, -2203976//1217775, -8173691//6088875, 2392211//811850, -75361951//24355500, 1135216//405925, -4183657//2435550, 8728828//6088875, -6142//18735]
6; 2; 5; 12; 8; 1; 1; 9; 1; 1; [4748417//3316625, -63847//132665, -21647784//3316625, -12278874//663325, -18246422//663325, -66963948//3316625, -82189//255125, 20122156//663325, 201919199//3316625, 39106842//663325, 20228409//663325, 4901396//663325, 20937154//663325, 41373408//3316625, 105308761//663325, 1242561364//3316625, 31999886//51025, 351205174//663325, -362054292//3316625, -3237877543//3316625, -1214244433//663325, -6607464744//3316625, -683845338//663325, 148190214//663325, 194397286//663325, -353482041//663325, 1892307539//3316625, -313023264//663325, 1159054802//3316625, -102046624//663325, 55283938//663325, 62178819//3316625, -369600644//3316625, -94630//26533, -534495262//3316625, 3517908//663325, -13838314//663325, 17169094//663325, -15707634//663325, 59087329//3316625, -7134461//663325, 16794962//3316625, 192968//663325, -1301496//663325, 11258739//3316625, -14129134//3316625, 767334//663325, -11545217//3316625]
6; 2; 5; 12; 9; 1; 1; 11; 1; 1; [-10489247//3316625, 4523192//663325, 42758086//3316625, 18180614//3316625, -28458388//3316625, -2558713//663325, 34630634//3316625, 766953//3316625, -9185509//255125, -21846052//663325, 5887266//663325, -4206769//132665, -19151659//132665, 322154822//3316625, -15921692//132665, -1096728121//3316625, -861025404//3316625, 1208772283//3316625, 392237278//663325, 57697216//3316625, -673677493//3316625, 3277433992//3316625, 1141880078//663325, 320834//3925, -147863487//132665, 197377264//132665, -4705212374//3316625, 728066386//663325, -2375406598//3316625, 1057388248//3316625, -113100801//3316625, -63071061//663325, 659801028//3316625, -4177431//19625, 702365436//3316625, -23208548//663325, 41916844//663325, -1783776//26533, 7462743//132665, -129239314//3316625, 14089107//663325, -23760758//3316625, -10234292//3316625, 27440199//3316625, -5876061//663325, 27721133//3316625, -20865724//3316625, 14832971//3316625]
6; 2; 5; 12; 4; 1; 1; 8; 1; 1; [-16868993//3316625, 11807758//3316625, -106492544//9949875, 13539161//9949875, 18366592//3316625, -46045624//3316625, 83189174//3316625, -25989292//9949875, 176897//1989975, 10754726//153075, -32887429//663325, 7756731//132665, 103811932//1989975, 865193194//9949875, -872082274//9949875, 3213675479//9949875, -2769115951//9949875, -43619767//3316625, 350205734//3316625, -3361382754//3316625, 5182125047//9949875, -1736886332//1989975, -2696207752//1989975, 4822005958//1989975, -340633367//132665, 4285362532//1989975, -93956854//63375, 8014735658//9949875, -2419864088//9949875, -1249496003//9949875, 3040517267//9949875, -270659938//765375, 2712895334//9949875, -2084213134//9949875, 65163388//663325, -232603273//1989975, 70697944//663325, -6344080//79599, 32220486//663325, -207186038//9949875, 6810838//9949875, 113023862//9949875, -159471103//9949875, 153423587//9949875, -120498694//9949875, 70349704//9949875, -34439584//9949875, 110549//1989975]
6; 2; 5; 12; 10; 1; 1; 6; 2; 1; [211799//4225, 220383//4225, 22704//845, -2593602//21125, -5979342//21125, -4287//13, -4451141//21125, 2367474//21125, 2391733//4225, 620086//845, 88029//325, -866611//4225, 408856//4225, -6525007//4225, -877741//4225, 8222343//4225, 910288//125, 191433027//21125, 19977803//4225, -84943369//21125, -324275639//21125, -100017068//4225, -15027839//845, 6870427//4225, 34232009//4225, -51402569//4225, 2040613//169, -244023//25, 27633233//4225, -4782678//1625, 25281221//21125, 4337363//4225, -2864739//1625, 21606493//21125, -10705414//4225, 14278//65, -2107962//4225, 2382501//4225, -2075511//4225, 1485311//4225, -860026//4225, 331252//4225, 381131//21125, -86428//1625, 344637//4225, -1592807//21125, 877778//21125, -228714//4225]
6; 2; 5; 12; 5; 1; 1; 6; 1; 1; [1118699//1989975, 19922197//9949875, 604543//9949875, 10948528//3316625, -151852//1989975, -39107048//9949875, -607727//3316625, -14428567//1989975, -11742502//3316625, -18166243//1989975, -46058918//1989975, 6073898//1989975, -497311//30615, -4761106//153075, -382747102//9949875, 83445787//9949875, -803851609//9949875, 162773492//1989975, 388981386//3316625, 434252612//3316625, 714129098//1989975, 80667577//3316625, 172012894//663325, 399843997//1989975, -856486457//1989975, 190330226//397995, -825241166//1989975, 2910205069//9949875, -554206288//3316625, 190438101//3316625, 32568161//1989975, -474507256//9949875, 238741801//3316625, -88429798//1989975, 465717398//9949875, -10805589//663325, 14212426//663325, -3098581//153075, 1239308//79599, -6534791//663325, 45017944//9949875, -5959264//9949875, -18667592//9949875, 5819326//1989975, -27894611//9949875, 24632048//9949875, -509747//397995, 8423828//9949875]
6; 2; 5; 12; 6; 1; 1; 4; 1; 1; [-35685151//24355500, -170678593//24355500, -12178397//974220, -113262473//8118500, -32785559//4059250, 288157//81185, 11735842//468375, 904281139//24355500, 54992679//2029625, 18091183//811850, 67774693//1623700, 73167943//811850, 13384183//162370, 783051927//8118500, 1763982501//8118500, 344631362//1217775, 5517443609//24355500, -47856741//4059250, -706257787//1623700, -7794401206//6088875, -3017226883//1873500, -9446476101//8118500, -604339379//1623700, 408353163//1623700, -152069513//1217775, 12135843//324740, 132598823//4059250, -1190288821//24355500, 94644767//1217775, -85227241//1873500, 79203411//2029625, -68337887//1623700, -1216787387//24355500, -66607127//936750, -37456501//624500, -6429003//811850, 2549151//811850, 629199//1623700, -140449//64948, 6077059//2029625, -62109751//24355500, 438427//187350, -13674659//12177750, 4835209//8118500, -722723//1623700, -10905359//8118500, -4010307//4059250, -11262423//8118500]
6; 2; 5; 12; 5; 1; 2; 8; 1; 1; [-261191368//9949875, 1178167//663325, 122451776//9949875, -42173934//3316625, -118747136//9949875, 441302266//9949875, 22522579//397995, -226772053//9949875, 453776198//3316625, 73126578//663325, -2674509//26533, 258792127//1989975, 118659299//663325, 8660614583//9949875, -55483323//132665, -4666193951//9949875, -873607091//3316625, -4653893669//9949875, -5226330677//3316625, -101366593//663325, -992776064//3316625, -20846783073//3316625, 2230196369//1989975, 1411639763//397995, -11064887153//1989975, 3750661074//663325, -45248748191//9949875, 6079295123//1989975, -16064371033//9949875, 1358469447//3316625, 6766323//21125, -2617043756//3316625, 1569283741//1989975, -6950727596//9949875, 2009127623//9949875, -149667033//663325, 34582408//132665, -457562927//1989975, 332954018//1989975, -322281877//3316625, 75966601//1989975, 30807662//9949875, -273049549//9949875, 350875748//9949875, -8911762//255125, 17026133//663325, -164006366//9949875, 7036001//3316625]
6; 2; 5; 12; 6; 1; 1; 6; 2; 1; [-3486818//663325, -638334//663325, -35332753//9949875, -8842319//765375, 22310689//3316625, -18901204//1989975, 2111053//397995, 320120054//9949875, -29439162//3316625, 123636551//1989975, 4895453//132665, -13356298//663325, 68481548//663325, 12169433//79599, -17944213//663325, 665625076//3316625, 1012746892//9949875, -3598213547//9949875, 457048954//1989975, -556545762//663325, -7219945354//9949875, 281805497//3316625, -4492326959//1989975, 93077943//132665, 227062372//663325, -581802272//663325, 157479466//153075, -119970256//132665, 6630435449//9949875, -1264418843//3316625, 1356178859//9949875, 3525139//153075, -286827646//1989975, 354082956//3316625, -424258394//3316625, -1797236//1989975, -4268583//132665, 29943198//663325, -2232271//51025, 68885716//1989975, -14809241//663325, 8443978//765375, -19929209//9949875, -37023691//9949875, 313068//51025, -13850534//1989975, 45542873//9949875, -11608029//3316625]
6; 2; 5; 12; 12; 1; 1; 5; 1; 1; [7629686//9949875, -1502711//765375, 9676548//3316625, -1900824//663325, -8028214//9949875, 41422796//9949875, -85613227//9949875, 29072527//3316625, -14630897//9949875, -24848254//1989975, 3822226//132665, -46932302//1989975, 711965//79599, -15679501//9949875, 306181703//9949875, -227735743//3316625, 49563211//397995, -712885751//9949875, -182658856//9949875, 1975311782//9949875, -289128497//765375, 233510839//765375, -4877018//153075, -283297289//397995, 1999291553//1989975, -129792306//132665, 7674874397//9949875, -4960807996//9949875, 184708751//765375, -84680416//1989975, -780494153//9949875, 1306357697//9949875, -99741908//765375, 328659199//3316625, -658879339//9949875, 27814353//663325, -18243694//397995, 25962284//663325, -10981259//397995, 154029097//9949875, -53605876//9949875, -15436012//9949875, 3527146//663325, -63787103//9949875, 57229787//9949875, -13699318//3316625, 7573084//3316625, -2824383//3316625]
6; 2; 5; 12; 2; 1; 1; 3; 1; 1; [4578289793//6694038975, 1078930518//858210125, 22490104973//33470194875, 3346313708//11156731625, 4727545954//6694038975, 38248483651//33470194875, -95074971404//33470194875, -211005287533//33470194875, -11719996498//2574630375, -49828175374//6694038975, -685638439//89253853, -60585216271//6694038975, -90238228487//6694038975, -34384173738//2231346325, -1085810891392//33470194875, -935996961233//33470194875, 1236887199281//33470194875, 373561645484//6694038975, -44109435392//11156731625, 4350238203314//33470194875, 7972182828448//33470194875, 2018305213473//11156731625, 103952868452//514926075, -11916189624//446269265, -181492966857//2231346325, 282866831851//2231346325, -34838295017//267761559, 3473534121244//33470194875, -801934383223//11156731625, 1283362550663//33470194875, -48562447184//6694038975, -265407068783//33470194875, 57415029184//2574630375, -82940890857//11156731625, 800301235187//33470194875, -4520101652//2231346325, 2299827458//446269265, -40037754374//6694038975, 11747038289//2231346325, -25779851563//6694038975, 24808833238//11156731625, -10187667588//11156731625, -1484259442//33470194875, 13780852//20597043, -9148622271//11156731625, 9829770814//11156731625, -13006172386//33470194875, 17657669992//33470194875]
6; 2; 5; 12; 7; 1; 1; 6; 1; 1; [70513//4875, 90887//4875, 134638//4875, 123272//4875, 19052//4875, -158752//4875, -454501//4875, -183284//1625, -896//13, -9502//195, -3633//65, -43339//325, -21388//195, -998111//1625, -79613//125, -3026848//4875, 1313318//4875, 2026566//1625, 3278169//1625, 15262451//4875, 4508364//1625, 311696//325, -12247//15, -72157//65, 650211//325, -139154//65, 8603501//4875, -6197041//4875, 1058437//1625, -1011286//4875, -165616//4875, 1677821//4875, -758867//4875, 1906381//4875, -49104//325, 1021//13, -18932//195, 28809//325, -4333//65, 195601//4875, -88636//4875, 472//1625, 45499//4875, -58601//4875, 23657//1625, -36562//4875, 43936//4875, -801//325]
6; 2; 5; 12; 9; 1; 1; 5; 1; 1; [-438616//1989975, -5876291//9949875, -5481599//9949875, -6381052//9949875, -11386174//9949875, -11600839//9949875, 5667953//3316625, 11023738//3316625, 7055038//3316625, 6153544//1989975, 6390806//1989975, 11202326//1989975, 1200469//153075, 7779571//663325, 69195612//3316625, 167322569//9949875, 55584332//9949875, -15909616//9949875, 26181164//9949875, -236455888//3316625, -467486423//3316625, -445629573//3316625, -94289252//663325, 49439777//663325, -40069574//1989975, -29057683//1989975, 13167857//397995, -117583884//3316625, 321036187//9949875, -73756968//3316625, 42400334//3316625, -15327171//3316625, -41075602//9949875, -7925889//3316625, -110454092//9949875, -3617389//1989975, -79062//663325, 188413//153075, -1074849//663325, 3087256//1989975, -11660837//9949875, 587059//765375, -3448979//9949875, 480602//9949875, 1369457//9949875, -2757887//9949875, 76871//765375, -978784//3316625]
6; 2; 5; 12; 10; 1; 1; 4; 1; 1; [39919456//26385125, 236247301//52770250, 411755001//52770250, 493083277//52770250, 335425583//52770250, -174097983//52770250, -321618151//21108100, -1121942431//52770250, -44256617//2029625, -67888454//5277025, -382596657//10554050, -389889811//5277025, -1168063753//21108100, -6115562359//105540500, -2464668758//26385125, -16675602037//105540500, -4235764761//26385125, -5448015371//105540500, 27328261641//105540500, 15589509199//21108100, 2445321196//2029625, 113225290379//105540500, 1235640049//21108100, -2271955459//21108100, 1151554933//10554050, -156994261//1623700, 3298544549//52770250, -4194912171//105540500, 442302849//105540500, -125862811//52770250, -829449929//52770250, 1446261389//52770250, 411958981//21108100, 6838328751//105540500, 4492476267//105540500, 107724841//21108100, -49583563//10554050, 72406469//21108100, -22953651//10554050, 22916537//26385125, -3055649//26385125, -16322704//26385125, 58356613//105540500, -18986657//26385125, 19934152//26385125, 59782//211081, 63366063//52770250, 93006747//105540500]
6; 2; 5; 12; 6; 1; 1; 3; 1; 1; [-15329050576//33470194875, -14790503537//33470194875, -44801374868//33470194875, -12605468977//33470194875, 13873176894//11156731625, 2920459103//2231346325, 20738401029//11156731625, 239079207706//33470194875, 87127724287//33470194875, -36076354726//6694038975, 106897494//171642025, 3444694528//446269265, 10300226379//2231346325, 667300326416//33470194875, 673604741167//33470194875, 180312034146//11156731625, -780030395708//33470194875, -624280879839//11156731625, -154092590668//2231346325, -411045801827//33470194875, -3731223597386//33470194875, -4421783612042//33470194875, 265336121264//6694038975, 55032174596//6694038975, -45728276414//1338807795, 289428400997//6694038975, -1293561750952//33470194875, 1027531873226//33470194875, -587484604736//33470194875, 233325889406//33470194875, -101483493641//33470194875, -47539047877//6694038975, 58371840438//11156731625, -360433179278//33470194875, -48119084476//33470194875, -607646948//514926075, 4149356898//2231346325, -2524141708//1338807795, 3446371661//2231346325, -34067724902//33470194875, 6200761392//11156731625, -1462449862//11156731625, -4415442289//33470194875, 6409779769//33470194875, -2178107227//6694038975, 7342311484//33470194875, -8674894298//33470194875, -219147517//11156731625]
6; 2; 5; 12; 5; 1; 1; 6; 2; 1; [3828814//9949875, 64274//663325, 4288571//9949875, 16899568//9949875, -4819163//9949875, -9095891//3316625, -17846009//9949875, -13028131//9949875, 1510271//3316625, -4224122//1989975, -3654227//663325, 6417748//1989975, 4999651//1989975, -2489271//255125, 13793581//1989975, -16459137//3316625, -130031501//3316625, 147114263//9949875, 44717351//765375, 1056452524//9949875, 723956366//9949875, -1105929598//9949875, -156818617//1989975, 144034499//1989975, -36302544//663325, 22507837//663325, -153358442//9949875, 933929//663325, 23058089//3316625, -122913529//9949875, 110927129//9949875, -56920051//9949875, 102652787//9949875, 5279933//9949875, -43794164//9949875, -1881151//663325, 1264192//663325, -661476//663325, 552349//1989975, 633091//3316625, -855574//1989975, 4812167//9949875, -4538474//9949875, 3129869//9949875, -1221266//9949875, 39443//255125, 245406//3316625, -1476409//9949875]
6; 2; 5; 12; 3; 1; 1; 7; 1; 1; [4998351//3316625, 7430243//3316625, -133625711//9949875, 60046592//9949875, -147372928//9949875, -135083548//9949875, 24461521//9949875, -599843461//9949875, -268296173//9949875, -103901684//1989975, -7017191//132665, 249476531//1989975, -32226009//663325, 68068757//9949875, 266746837//3316625, 4445586191//9949875, 1754557723//9949875, 10487233868//9949875, 304999601//765375, 7819184869//9949875, 5984194732//3316625, 642741763//9949875, 3248431//975, 358869313//397995, -6333011719//1989975, 7736994218//1989975, -11726933338//3316625, 26284942283//9949875, -15718927132//9949875, 6884825879//9949875, 98401488//3316625, -3523062326//9949875, 1862129899//3316625, -1427439334//3316625, 311415473//765375, -220964006//1989975, 67317736//397995, -337786261//1989975, 90833274//663325, -302014558//3316625, 464092433//9949875, -111802562//9949875, -107505511//9949875, 227042149//9949875, -78444822//3316625, 70213154//3316625, -9884084//765375, 27107428//3316625]
6; 2; 5; 12; 10; 1; 1; 3; 1; 1; [-12801439877//145037511125, -75981248504//145037511125, -5880761682//145037511125, 1327368728//5801500445, 37388110508//145037511125, -60942540589//145037511125, 60486134862//145037511125, 96980540304//145037511125, -224349108468//145037511125, 27267143334//5801500445, 168721849356//29007502225, -18720775608//5801500445, 47530899982//29007502225, 194820194782//145037511125, 1342009886644//145037511125, -253319492653//145037511125, -256923899749//29007502225, -3397667651198//145037511125, -22902484292//3372965375, -4275980320982//145037511125, 116743303957//11156731625, 13955812044313//145037511125, -110539082778//1160300089, -1038849234284//29007502225, 610672789044//5801500445, -3624563265818//29007502225, 16244007594421//145037511125, -11892901343228//145037511125, 7115473471796//145037511125, -597339118509//29007502225, -18218805533//11156731625, 136222332309//11156731625, -2659674172016//145037511125, 2429487777588//145037511125, -1205327289761//145037511125, 21894033169//5801500445, -158966446156//29007502225, 31353767764//5801500445, -124781856642//29007502225, 31467896417//11156731625, -202734495088//145037511125, 3437229402//11156731625, 11022892694//29007502225, -106822037414//145037511125, 110436860277//145037511125, -97409903436//145037511125, 66517782628//145037511125, -1843355422//11156731625]
6; 2; 5; 12; 7; 1; 1; 6; 2; 1; [-794062//4875, -1006841//4875, -114016//975, 58753//195, 3922484//4875, 5619553//4875, 3947191//4875, -493198//1625, -57149//39, -368918//195, -270047//325, 778639//975, 232053//325, 28554157//4875, 7166741//4875, -2111199//325, -20245166//975, -45907183//1625, -103413493//4875, 41364539//4875, 219555274//4875, 3964183//65, 8546653//195, -2355491//975, -21616871//975, 31363624//975, -152796034//4875, 40916901//1625, -1086647//65, 541598//75, -14851787//4875, -15870464//4875, 573143//125, -11931493//4875, 1274879//195, -123689//195, 1296796//975, -1437989//975, 413172//325, -4377314//4875, 2504858//4875, -186274//975, -57004//975, 227466//1625, -1081274//4875, 72724//375, -165536//1625, 8972//65]
6; 2; 5; 12; 5; 1; 1; 4; 1; 1; [-4124351//12177750, 23066087//24355500, 927793//6088875, 3067531//12177750, 560864//1217775, -3369818//6088875, -1313111//1873500, 16154989//12177750, -32841139//24355500, -91939//162370, -6003161//1623700, 12881527//4871100, -1102979//324740, -32847393//4059250, -217841889//8118500, 75665477//6088875, -185328029//8118500, -11179817//405925, 21041371//468375, 1771850653//24355500, 368868907//24355500, 228422709//4059250, 7327//162370, 58568061//405925, -324688201//1623700, 2411361//12490, -1232057923//8118500, 1172049337//12177750, -94372108//2029625, 61241343//8118500, 69174299//4871100, -49401767//2029625, 28899679//936750, -269876107//12177750, 221474401//12177750, -2723391//324740, 3684064//405925, -18756851//2435550, 1751509//324740, -24412263//8118500, 24309749//24355500, 687382//2029625, -6495364//6088875, 23162//18735, -514367//468375, 11015687//12177750, -1002252//2029625, 6346867//24355500]
6; 2; 5; 12; 12; 1; 1; 2; 1; 1; [50859//21125, -604//4225, 75198//21125, -31608//21125, -4228//845, 62434//21125, -187893//21125, 873//1625, 94273//21125, -120062//4225, 5274//4225, -34122//4225, -21988//4225, -819164//21125, 45416//4225, -194966//1625, 198736//1625, 435628//4225, 985286//21125, 9607613//21125, -5016449//21125, -791548//21125, 138406//325, -2875856//4225, 2933518//4225, -2395598//4225, 8022198//21125, -839656//4225, 1033506//21125, 970524//21125, -350017//4225, 2109373//21125, -1350636//21125, 1047083//21125, -763584//21125, 135167//4225, -119884//4225, 87452//4225, -51552//4225, 102138//21125, 296//845, -5528//1625, 94544//21125, -1316//325, 5251//1625, -2647//1625, 15588//21125, -3449//21125]
6; 2; 5; 12; 9; 1; 1; 2; 1; 1; [9833056//3316625, 6566077//3316625, -1385994//663325, -37333203//3316625, -56518716//3316625, -7799619//663325, 3006676//663325, 66223607//3316625, 53604348//3316625, -617762//663325, -6114549//663325, 15958867//663325, 67182553//663325, -2791161//3316625, -4248617//3316625, -814799//132665, 761714548//3316625, 1562251636//3316625, 22904279//51025, -72382888//663325, -3247293302//3316625, -4661505418//3316625, -663173177//663325, 41806251//663325, 327519277//663325, -473972712//663325, 2354076472//3316625, -1875498831//3316625, 245815543//663325, -579892856//3316625, 207474648//3316625, 9400031//132665, -2622239//26533, 186799024//3316625, -492794254//3316625, 9195477//663325, -19712956//663325, 21966353//663325, -18900588//663325, 67530752//3316625, -38485736//3316625, 2811946//663325, 3502894//3316625, -10787237//3316625, 3281159//663325, -2845506//663325, 7712304//3316625, -10422729//3316625]
6; 2; 5; 12; 7; 1; 1; 4; 1; 1; [9157843//4221620, 173157176//26385125, 210023161//21108100, 122912038//26385125, -32467079//26385125, -630049143//105540500, -598168433//52770250, -669416451//52770250, -1848821571//105540500, -228745513//10554050, -439297773//10554050, -394357179//5277025, -714241341//21108100, -211488484//5277025, -3782685001//26385125, -5223571653//21108100, -11193977667//105540500, 6640301453//52770250, 25906694149//52770250, 38991609433//52770250, 76815181777//105540500, 31981299523//52770250, -251620994//5277025, -2039698243//10554050, 1523832456//5277025, -119744303//405925, 4959187659//21108100, -8652986791//52770250, 292890929//4221620, -202826887//8118500, -1389176907//105540500, 6340523799//105540500, -420824811//52770250, 1804786754//26385125, 130340059//52770250, 251384681//21108100, -71950061//5277025, 124988233//10554050, -181974099//21108100, 8038887//1623700, -107500851//52770250, -4804233//10554050, 35837441//26385125, -274432//156125, 228081979//105540500, -18410448//26385125, 2944713//2029625, 14948273//105540500]
6; 2; 5; 12; 3; 1; 1; 12; 1; 1; [-9656989//3316625, -17958452//9949875, -2999082//3316625, -18831194//3316625, -95554156//9949875, -115345418//9949875, 140902403//9949875, 95103701//9949875, 264730892//9949875, 205894408//1989975, 3383503//132665, -27143141//1989975, 127745348//1989975, 843093437//9949875, 266972012//9949875, 320810441//9949875, 118207909//765375, 394722312//3316625, -12197951//63375, -9683888353//9949875, -1835267537//3316625, -17584429592//9949875, -5628701687//1989975, 439171063//397995, 78302503//663325, -1595005882//1989975, 10437109531//9949875, -9741311849//9949875, 2494439221//3316625, -4609976359//9949875, 732470776//3316625, -337896431//9949875, -1335468349//9949875, 1138433882//9949875, -732628712//3316625, -28198058//1989975, -10432252//397995, 29583507//663325, -182479//3925, 384348551//9949875, -87371578//3316625, 140819378//9949875, -13661173//3316625, -22021777//9949875, 54834059//9949875, -73091864//9949875, 17425024//3316625, -56290621//9949875]
6; 2; 5; 12; 11; 1; 1; 7; 1; 1; [-2001893//3316625, -1081382//3316625, 908148//3316625, -4814933//3316625, 1783566//3316625, 7221988//3316625, 3610067//663325, 33143391//3316625, 7927546//663325, 6758816//663325, 3363297//663325, -5373647//663325, 1011196//663325, -991487//3316625, -4017376//255125, -146344683//3316625, -64175667//3316625, -467263181//3316625, -659978623//3316625, -238253283//663325, -1269856631//3316625, -251745457//663325, -1261777//4225, 23426347//663325, 6364421//51025, -128387159//663325, 648344739//3316625, -527404989//3316625, 343978381//3316625, -1086169//19625, 25439357//3316625, 10477561//3316625, -27387617//663325, 33918832//3316625, -27106089//663325, 2136989//663325, -5222182//663325, 5993917//663325, -5272191//663325, 19095489//3316625, -11180539//3316625, 4208036//3316625, 411254//3316625, -3560268//3316625, 3543841//3316625, -194814//132665, 1864982//3316625, -584937//663325]
6; 2; 5; 12; 12; 1; 1; 10; 1; 1; [24721//21125, 11264//21125, 6958//21125, -54092//21125, -88864//21125, -63142//21125, -25796//21125, 42816//21125, 112979//21125, -32898//4225, -1242//169, 760//169, 88864//4225, -13552//1625, 44336//21125, -476373//21125, 1398552//21125, 2657404//21125, 3124032//21125, 2317966//21125, -4270801//21125, -7120739//21125, -448038//4225, -19004//845, 15592//169, -480256//4225, 2216102//21125, -1672012//21125, 1005196//21125, -386504//21125, 147252//21125, 365676//21125, -220962//21125, 127812//21125, -578217//21125, 13243//4225, -4192//845, 852//169, -17244//4225, 57982//21125, -30182//21125, 7686//21125, 7536//21125, -11208//21125, 17656//21125, -10947//21125, 5552//21125, -11317//21125]
6; 2; 5; 12; 5; 1; 1; 3; 1; 1; [-1169043847//6694038975, 21129619982//33470194875, 3505944359//6694038975, 4555974374//33470194875, 19427350802//33470194875, 16263993946//33470194875, -3516592122//11156731625, -15004901164//33470194875, -25880160013//33470194875, -32637962294//6694038975, -92742378//34328405, -264945179//2231346325, -28263605378//6694038975, -2663283502//6694038975, -737643964492//33470194875, -81902943973//6694038975, 26866907081//33470194875, -129968197052//33470194875, 156939473284//33470194875, 213464508612//11156731625, 1384284864479//33470194875, 985829176281//11156731625, 904064409856//6694038975, 4020383092//267761559, -666203144537//6694038975, 862443637207//6694038975, -269811479121//2231346325, 3062804701384//33470194875, -9100801037//155675325, 887297276263//33470194875, -107593027766//33470194875, -366636721738//33470194875, 605622446348//33470194875, -518814776648//33470194875, 604457706059//33470194875, -1677111172//514926075, 7374768958//1338807795, -38443557478//6694038975, 10597814816//2231346325, -1449485331//446269265, 19175070573//11156731625, -1184518516//2231346325, -9626711092//33470194875, 23365769824//33470194875, -686585352//858210125, 24181285888//33470194875, -15921718058//33470194875, 4162873413//11156731625]
6; 2; 5; 12; 9; 1; 1; 10; 1; 1; [-22695442//3316625, -1117856//132665, -18688744//3316625, 30836423//3316625, 83085524//3316625, 95028126//3316625, 57517748//3316625, 3521226//3316625, -23509134//3316625, 1253578//132665, 11712417//663325, -330833//10205, -81564832//663325, 481269037//3316625, 28189528//132665, 660138149//3316625, -1325816703//3316625, -3756962294//3316625, -4560352181//3316625, -2199102588//3316625, 3368242144//3316625, 7847267489//3316625, 223483759//132665, -66769973//663325, -22258871//26533, 804691558//663325, -3962911769//3316625, 25625507//26533, -2047976043//3316625, 976056761//3316625, -398523662//3316625, -492138488//3316625, 428315801//3316625, -412854963//3316625, 831777227//3316625, -627793//26533, 2571956//51025, -7438299//132665, 32001087//663325, -113727949//3316625, 2622236//132665, -23108558//3316625, -6066594//3316625, 17368933//3316625, -29531808//3316625, 21671516//3316625, -14854208//3316625, 1352099//255125]
6; 2; 5; 12; 8; 1; 1; 7; 1; 1; [2916232//3316625, 6364698//3316625, 18673149//3316625, 25100337//3316625, 41780766//3316625, 57216758//3316625, 73531294//3316625, 91441709//3316625, 88193297//3316625, 9827968//663325, -62091//663325, -676378//132665, -18268338//663325, -288259662//3316625, -549614188//3316625, -891446339//3316625, -1054583152//3316625, -1756320546//3316625, -2129351488//3316625, -2254056554//3316625, -2000559029//3316625, -1992616812//3316625, -912866//4225, 55013784//663325, 285536//26533, -42872943//663325, 256909339//3316625, -276685124//3316625, 151542743//3316625, -167378986//3316625, -25412583//3316625, -102065694//3316625, -9684574//255125, -54589317//3316625, -126565366//3316625, -661923//663325, -1388854//663325, 461932//132665, -2411712//663325, 9630989//3316625, -7191084//3316625, 2811428//3316625, -1946491//3316625, -2128278//3316625, -344224//3316625, -3606587//3316625, -242422//3316625, -2763521//3316625]
6; 2; 5; 12; 12; 1; 1; 8; 1; 1; [17584252//3316625, 2590937//3316625, 2081724//255125, 3757974//663325, -6720472//3316625, 36700646//3316625, -76979107//3316625, -47671604//3316625, -1788102//3316625, -58135054//663325, -393054//132665, -15670989//663325, -2307287//26533, -480056487//3316625, -43050217//3316625, -841323097//3316625, 44937406//663325, 413174802//3316625, 3972269//3316625, 3991364017//3316625, 342304799//3316625, 2560777987//3316625, 1550104241//663325, -233413347//132665, 713756561//663325, -62882466//132665, 400282//21125, 786191199//3316625, -1178744381//3316625, 226418158//663325, -872688844//3316625, 583131222//3316625, -108911059//3316625, 78278977//3316625, 197355901//3316625, 40436109//663325, -839664//26533, 5545359//663325, 888222//132665, -47642866//3316625, 52337099//3316625, -45823646//3316625, 6448393//663325, -17841869//3316625, 506774//255125, 4854906//3316625, -5531068//3316625, 9414441//3316625]
6; 2; 5; 12; 7; 1; 1; 3; 1; 1; [-67140373307//145037511125, 75682001721//145037511125, 159914124022//145037511125, 333402246//858210125, -30550883764//145037511125, 207097813774//145037511125, 1852531675//1160300089, 13679260704//145037511125, -105787573932//29007502225, -1530115848//446269265, 36055821903//29007502225, -145322656517//29007502225, -347799524071//29007502225, 2070631896122//145037511125, -3084455889601//145037511125, -5547811496537//145037511125, -199010389733//11156731625, 385457089639//145037511125, -1028150941284//145037511125, -338917039237//29007502225, -823851311164//145037511125, 3149351402038//29007502225, 1235160084702//5801500445, -797156685922//29007502225, -2489152074987//29007502225, 3886199095184//29007502225, -19716773905854//145037511125, 15966371169552//145037511125, -11052689979666//145037511125, 5488505307503//145037511125, -1473569969913//145037511125, -1237042117627//145037511125, 487437430908//29007502225, -2828023953042//145037511125, 623702567422//29007502225, -12437554678//5801500445, 158152859532//29007502225, -183040682508//29007502225, 161201666391//29007502225, -585417604074//145037511125, 341645101532//145037511125, -140556305446//145037511125, -14047289982//145037511125, 95587871007//145037511125, -125932598177//145037511125, 23280886732//29007502225, -91311876892//145037511125, 2820171382//5801500445]
6; 2; 5; 12; 11; 1; 1; 12; 1; 1; [12231917//3316625, 7202373//3316625, -4530226//3316625, 25990577//3316625, 40687214//3316625, -6053951//3316625, -584711//132665, 348251//3316625, -127085331//3316625, -7964562//132665, -4891083//663325, -8409761//663325, -7402634//132665, -434194607//3316625, -681103//3316625, 22387016//3316625, -1021875027//3316625, -339433459//3316625, 8862003//21125, 14455079//51025, 1738054754//3316625, 5886711086//3316625, 147020007//132665, -482813663//663325, 240039259//663325, -836827//10205, -352687776//3316625, 614207111//3316625, -656265777//3316625, 507268559//3316625, -400372457//3316625, 274668828//3316625, -5402983//663325, 52157922//3316625, 343892228//3316625, 3009004//132665, -5489542//663325, -1166849//663325, 951933//132665, -30180606//3316625, 27370456//3316625, -20576702//3316625, 11755374//3316625, -5820712//3316625, 1512068//3316625, 712948//663325, -194586//255125, 8984348//3316625]
6; 2; 5; 12; 9; 1; 1; 8; 1; 1; [-117717//663325, 1220963//3316625, 9536574//3316625, -3881//132665, -174758//663325, -23799353//3316625, -4543826//663325, 15584778//3316625, -7385727//3316625, 936358//132665, 1212129//663325, -8959074//663325, 4114988//663325, 1004507//51025, 1772367//3316625, -124136824//3316625, -8093011//663325, -16651534//663325, 1005358883//3316625, 83018694//663325, -320491253//3316625, -281119623//3316625, -68076167//132665, 74684299//663325, 94020916//663325, -173918957//663325, 18312//65, -784309899//3316625, 41522141//255125, -60337341//663325, 18954557//663325, 83210479//3316625, -1393013//51025, 115066101//3316625, -128689359//3316625, 329962//132665, -6789714//663325, 8441039//663325, -7753563//663325, 5847702//663325, -17890749//3316625, 7726038//3316625, -98334//663325, -797239//663325, 503593//255125, -16147//10205, 4182586//3316625, -3158224//3316625]
6; 2; 5; 12; 4; 1; 1; 9; 1; 1; [12788392//9949875, -15760144//9949875, -28124449//9949875, -32711836//9949875, 18412//63375, -1915898//397995, -63905534//9949875, 19604861//3316625, 30077027//1989975, 839298//51025, 6274239//663325, 7091321//1989975, 88810244//1989975, -230678752//9949875, 463297564//9949875, 1110357704//9949875, 1518518426//9949875, -775414589//9949875, -4391632//397995, -253237012//3316625, -1903184353//9949875, -268938024//663325, -602361536//663325, -162017398//1989975, 425362997//663325, -1668192946//1989975, 7864481179//9949875, -2009878626//3316625, 3856827697//9949875, -563066574//3316625, 189095798//9949875, 723519//10205, -1148271248//9949875, 2216421//21125, -220234756//1989975, 41223553//1989975, -71177572//1989975, 74678684//1989975, -20665178//663325, 212800139//9949875, -114358223//9949875, 12061544//3316625, 6379226//3316625, -45829337//9949875, 138933//26533, -46697213//9949875, 31840916//9949875, -1537147//663325]
6; 2; 5; 12; 5; 1; 2; 9; 1; 1; [173770294//9949875, 25666403//3316625, -30849592//3316625, -1774284//51025, -51086804//765375, -357553712//3316625, -216225119//3316625, 497033287//9949875, 102280088//765375, 109755366//663325, 55436686//663325, -57655463//397995, -53139831//663325, -4327420124//9949875, 1833022877//3316625, 13779801811//9949875, 1392617126//663325, 20250482572//9949875, 3334515222//3316625, -16003818683//9949875, -9255720024//3316625, -655021431//255125, -6780228082//1989975, -580805324//663325, 1271235491//397995, -2603888866//663325, 35352261118//9949875, -8773779394//3316625, 16777950968//9949875, -239828398//397995, 1151314136//9949875, 1387397831//3316625, -5994527834//9949875, 3887988569//9949875, -1741474539//3316625, 221119222//1989975, -112950896//663325, 13639192//79599, -91947669//663325, 304889886//3316625, -155544319//3316625, 10092656//765375, 25226326//1989975, -202007944//9949875, 83145271//3316625, -219832744//9949875, 40657118//3316625, -34631394//3316625]
6; 2; 5; 12; 8; 1; 1; 12; 1; 1; [-25066458//3316625, -27928787//3316625, -11582654//3316625, -35449316//3316625, -28911466//3316625, 56017423//3316625, 46678511//3316625, -1383242//255125, 144633636//3316625, 38566982//663325, -873117//663325, 1269300//26533, 59228212//663325, 1018351653//3316625, 40122229//255125, 3749813//255125, 777335211//3316625, -711962704//3316625, -18914979//21125, -759423971//3316625, -513438559//3316625, -5655243856//3316625, -373170223//663325, 575549763//663325, -8891958//10205, 470862297//663325, -1513419591//3316625, 824118561//3316625, -200699253//3316625, -11427879//255125, 340175183//3316625, -543510614//3316625, 315685727//3316625, -270635687//3316625, -116951158//3316625, -26797332//663325, 23529242//663325, -3395817//132665, 9938433//663325, -18220641//3316625, -1823984//3316625, 14272212//3316625, -17723837//3316625, 16596303//3316625, -15683094//3316625, 7565592//3316625, -4181722//3316625, -339921//255125]
6; 2; 5; 12; 2; 1; 1; 11; 1; 1; [2849303//663325, 8886719//1989975, 20005022//9949875, -12166247//9949875, 55540262//9949875, 35365376//9949875, -110467144//9949875, -301204817//9949875, -2233204//255125, -5552428//663325, -19301029//663325, -9423109//153075, 26573734//1989975, -52951144//397995, -278650429//1989975, -840247462//9949875, 2021292272//9949875, 82461436//765375, 300620764//9949875, 3337899814//9949875, 11312648857//9949875, 2347875467//3316625, -104892128//663325, -726177022//1989975, 1178776763//1989975, -1218775291//1989975, 329936059//663325, -691574192//1989975, 1754520784//9949875, -139901958//3316625, -7293969//255125, 771521057//9949875, -235018226//3316625, 1258433051//9949875, -72165269//3316625, 47493679//1989975, -1438322//51025, 49923392//1989975, -12238418//663325, 553861//51025, -3044109//663325, -834882//3316625, 30024011//9949875, -12413062//3316625, 36658697//9949875, -25406248//9949875, 27666506//9949875, -2497592//9949875]
6; 2; 5; 12; 3; 1; 1; 6; 1; 1; [576529//132665, 24505877//29849625, 5181643//1193985, 30595163//5969925, -81138//26533, 300693359//29849625, -354862307//29849625, -671680979//29849625, 4388828//3316625, -260620096//5969925, -94780948//5969925, -82339651//5969925, -108896378//1989975, -652593677//5969925, -6590581//255125, -952692422//5969925, 488749649//5969925, 1155759749//5969925, -4786209469//29849625, 21497615467//29849625, 14219374369//29849625, 8326675478//29849625, 6700568129//5969925, -4427630843//5969925, 2224185209//5969925, -531582964//5969925, -607614932//5969925, 5467938809//29849625, -410563024//1989975, 1028973043//5969925, -651872206//5969925, 192870277//3316625, 24155357//2296125, 424540822//29849625, 1065115214//29849625, 46239142//1989975, -5751858//663325, -9173189//5969925, 42342089//5969925, -6033052//663325, 82566758//9949875, -12799346//1989975, 7873838//1989975, -1036076//663325, -23119//9949875, 42728056//29849625, -23912788//29849625, 14307473//9949875]
6; 2; 5; 12; 6; 1; 1; 11; 1; 1; [-7416667//1989975, -95873144//9949875, -15498074//1989975, -712727//255125, -64673278//9949875, -374866//765375, 3108668//153075, 98531791//3316625, 53233598//1989975, 21809298//663325, 23541919//663325, 26490251//397995, 166028419//1989975, 280664294//1989975, 2447888554//9949875, 110467743//663325, -825334847//9949875, -2444641702//9949875, -3686465732//9949875, -72788656//132665, -821538476//765375, -182941557//132665, -490523402//663325, 707207062//1989975, -4508969//79599, -236886191//1989975, 420123638//1989975, -2000457938//9949875, 27943534//153075, -407531067//3316625, 519725044//9949875, -117203917//3316625, -71545688//1989975, -224023999//9949875, -183523711//1989975, -14928814//1989975, -1801534//663325, 3276596//397995, -6405623//663325, 17601184//1989975, -61916938//9949875, 2643764//663325, -16489261//9949875, -2427556//9949875, 2165123//3316625, -1188137//663325, 1162922//3316625, -4311742//1989975]
6; 2; 5; 12; 2; 1; 1; 5; 1; 1; [5911964//29849625, 484768//5969925, 3597014//9949875, -228859//2296125, 55331//132665, 3408299//5969925, -594024//3316625, -31133023//29849625, 762386//2296125, -11400284//5969925, -2695447//1989975, -41089943//5969925, -28945756//5969925, -325879849//29849625, -166133//5969925, -66294//21125, 493197847//29849625, 660355//79599, 92829232//5969925, 383005762//9949875, 1294192388//29849625, 322383397//29849625, -259683244//5969925, -7426912//459225, 281833862//5969925, -112781702//1989975, 498434251//9949875, -17118883//459225, 219934153//9949875, -83725403//9949875, 34979//238797, 37856329//5969925, -177052027//29849625, 278182399//29849625, -156418729//29849625, 10121824//5969925, -14786099//5969925, 1616547//663325, -3879913//1989975, 37804678//29849625, -3803504//5969925, 4140934//29849625, 5617991//29849625, -377492//1193985, 2147897//5969925, -2580454//9949875, 7178959//29849625, -3070399//29849625]
6; 2; 5; 12; 10; 1; 1; 11; 1; 1; [50737942//3316625, 80728122//3316625, 10665762//663325, 22699348//3316625, 64510762//3316625, 15337891//663325, -5039703//132665, -389485471//3316625, -72618087//663325, -2902362//51025, -89160018//663325, -173117122//663325, -11288791//132665, -1406755387//3316625, -2467005132//3316625, -336316717//663325, 1234550847//3316625, 2267153423//3316625, 39183689//132665, 966152711//663325, 14414542416//3316625, 3217123813//663325, 616008639//663325, -918425023//663325, 899772148//663325, -145700303//132665, 2327829594//3316625, -1316090311//3316625, 40559369//663325, 368782261//3316625, -492786586//3316625, 137415023//663325, -65116119//663325, 1033988788//3316625, 103540117//663325, 42201346//663325, -36710082//663325, 26060717//663325, -602832//26533, 26725824//3316625, 2831924//3316625, -4899516//663325, 30119181//3316625, -147514//19625, 4231221//663325, -1683436//663325, 17893778//3316625, 532522//132665]
6; 2; 5; 12; 11; 1; 1; 6; 1; 1; [-67986//4225, -1602351//21125, -3726518//21125, -242927//845, -5788914//21125, -995736//21125, 1494356//4225, 15548781//21125, 18452147//21125, 3198932//4225, 32091//65, 1247632//4225, 2243433//4225, 586312//325, 91608961//21125, 133957393//21125, 1019374//169, 3878689//21125, -1374626//125, -98006562//4225, -578680576//21125, -394293382//21125, -22186768//4225, 358250//169, 751982//4225, -6007477//4225, 8401733//4225, -33899132//21125, 35372694//21125, -508308//845, 8766787//21125, -11672742//21125, -5117194//4225, -20863243//21125, -23333636//21125, -9209//325, -38822//845, 343458//4225, -358503//4225, 306823//4225, -73444//1625, 673184//21125, -2593//845, -80143//21125, 18548//21125, -134062//4225, -271958//21125, -499501//21125]
6; 2; 5; 12; 3; 1; 1; 6; 2; 1; [5468689//9949875, -7440811//9949875, -9443741//9949875, -32329//153075, -228419//397995, 13108159//9949875, -20256986//9949875, -2736413//3316625, 13276048//3316625, 2331521//663325, 4977611//1989975, -4126799//1989975, 1297668//663325, -35972863//3316625, 334046311//9949875, 137374336//9949875, 25499299//1989975, 2558477//1989975, -181206704//9949875, 447719836//9949875, -945308//19625, -1544002129//9949875, -169967027//1989975, -165527774//1989975, 328242376//1989975, -358407446//1989975, 1524504088//9949875, -1061768662//9949875, 203168616//3316625, -13622169//663325, -3916706//663325, 5024647//255125, -228014587//9949875, 203623642//9949875, -237809737//9949875, 12615652//1989975, -16150321//1989975, 15046294//1989975, -11458024//1989975, 35574043//9949875, -1217764//765375, 1725638//9949875, 1448159//1989975, -719954//663325, 10674578//9949875, -641339//765375, 413779//765375, -1423804//3316625]
6; 2; 5; 12; 6; 1; 1; 5; 1; 1; [-24289//63375, 0, -1114//21125, 8189//63375, 16378//63375, -17866//38025, -36262//63375, -114778//190125, -77824//190125, 0, -8189//12675, 69874//38025, -32756//12675, 480859//63375, -16378//4225, 404152//63375, -499529//63375, -671498//63375, 530834//38025, 2081956//190125, 293536//63375, -1939486//190125, 65512//2535, 605986//12675, -3086636//38025, 1072759//12675, -1475431//21125, 605986//12675, -4830712//190125, 155591//21125, 237481//63375, -369064//38025, 783286//63375, -149392//14625, 1347532//190125, -8189//2535, 16378//4225, -44258//12675, 32756//12675, -98038//63375, 8189//12675, 1558//190125, -8189//21125, 32756//63375, -3766//7605, 77248//190125, -15922//63375, 21722//190125]
6; 2; 5; 12; 10; 1; 1; 5; 1; 1; [1192963//1989975, -3231103//9949875, 9414341//3316625, -13853392//9949875, -3724454//9949875, 40043452//9949875, -3308497//765375, 18201814//9949875, -52738586//9949875, -26181757//1989975, 9755739//663325, -43258979//1989975, -18888346//1989975, -71359//51025, -35695072//9949875, -279662906//3316625, 728446942//9949875, -50010572//3316625, 87636028//9949875, 1415680691//9949875, -10654427//63375, 3821420741//9949875, 454935613//1989975, -1097690258//1989975, 1255168181//1989975, -28298644//51025, 265704226//663325, -2320068251//9949875, 857999846//9949875, 46136487//3316625, -224358271//3316625, 865437439//9949875, -57080339//765375, 540446188//9949875, -1255103//58875, 18588184//663325, -17885759//663325, 13970318//663325, -8978778//663325, 4306773//663325, -873097//765375, -22561504//9949875, 37447571//9949875, -12813751//3316625, 10582798//3316625, -6802754//3316625, 3372256//3316625, -170962//9949875]
6; 2; 5; 12; 3; 1; 1; 4; 1; 1; [-24356949//8118500, -6116143//974220, -114046319//12177750, -61053619//12177750, 9589734//2029625, 108049291//8118500, 201097537//12177750, 182661863//12177750, 372064423//24355500, 4168623//162370, 97735367//1623700, 123593401//1623700, 19287111//1623700, 108248046//2029625, 171128237//1623700, 1707950891//8118500, 820045061//8118500, -934106073//4059250, -615471253//936750, -3773435879//4059250, -9781355843//12177750, -3491864863//24355500, 36465077//81185, 52058601//811850, -1664566087//4871100, 27659121//62450, -9980118019//24355500, 388145554//1217775, -2263768093//12177750, 754381233//8118500, -78275699//4059250, -1675728889//24355500, 69356243//4059250, -582761242//6088875, 25767909//624500, -740685//64948, 23149046//1217775, -7937499//405925, 26257789//1623700, -266534519//24355500, 2219713//374700, -18482983//12177750, -11568613//12177750, 4514973//2029625, -6206213//1873500, 19605419//12177750, -4907844//2029625, 21417041//24355500]
6; 2; 5; 12; 8; 1; 1; 6; 1; 1; [-138094//4875, -151873//4875, -56278//1625, -102533//4875, -23252//975, -215923//4875, 29414//375, 778468//4875, 53599//375, 165122//975, 8237//65, 373589//975, 277312//975, 4024364//4875, 346781//375, 5001589//4875, -2746852//4875, -995141//975, -1531172//4875, -5082444//1625, -26079323//4875, -37025732//4875, -3847918//975, 865564//195, -3730061//975, 2691782//975, -7490528//4875, 3051314//4875, 739552//4875, -829232//1625, 183341//325, -216697//375, 1386994//4875, -2463824//4875, -1108816//4875, -183077//975, 28348//195, -89434//975, 14096//325, -27148//4875, -5837//375, 44154//1625, -133561//4875, 20609//975, -73681//4875, 8303//1625, -32804//4875, -13037//1625]
6; 2; 5; 12; 5; 1; 1; 11; 1; 1; [-14284288//3316625, -15586013//1989975, -3682919//765375, -20737991//9949875, -10782638//1989975, -71558009//9949875, 24489052//3316625, 370097//11775, 407661601//9949875, 45810316//1989975, 21689469//663325, 155085083//1989975, 79262822//1989975, 1100226469//9949875, 163573637//663325, 1673128012//9949875, -953527819//9949875, -155227364//663325, -1239594521//9949875, -3605410606//9949875, -753726047//663325, -16093526981//9949875, -1223149049//1989975, 853530247//1989975, -35343169//153075, 155674387//1989975, 27009959//765375, -49840761//663325, 1090236116//9949875, -949273157//9949875, 112090109//1989975, -451948333//9949875, -572341//3316625, -33753534//663325, -831496513//9949875, -27828991//1989975, 12203878//1989975, -169521//663325, -2033079//663325, 45502477//9949875, -2780733//663325, 12074182//3316625, -23557232//9949875, 620593//663325, -1163101//3316625, -6268528//9949875, -767126//1989975, -19974608//9949875]
6; 2; 5; 12; 11; 1; 1; 6; 2; 1; [12216//1625, 361432//21125, -77404//21125, -267186//21125, 178402//4225, 130791//4225, -794966//21125, -1892708//21125, -1405991//21125, 14496//325, -94434//845, -798838//4225, 114379//845, -5287008//21125, -15503582//21125, 2643734//21125, 14923791//21125, -1381223//4225, -145736//325, 7704426//21125, 76285088//21125, 5855147//1625, -7800822//4225, -56688//845, 4861512//4225, -264183//169, 31452586//21125, -25340856//21125, 15837812//21125, -6784107//21125, 13696//325, 89389//845, -4039362//21125, 7988044//21125, -277977//21125, 152427//4225, -56018//845, 298228//4225, -50211//845, 869396//21125, -493166//21125, 159422//21125, 5676//1625, -7269//845, 39979//4225, -179377//21125, 201974//21125, -16387//21125]
6; 2; 5; 12; 12; 1; 1; 9; 1; 1; [271764//663325, 54516//51025, 2363273//3316625, 3319011//3316625, -104938//3316625, -9772759//3316625, -772731//255125, -8506427//3316625, -6552348//3316625, 156444//51025, -3926241//663325, -94564//663325, -2089323//663325, -4318738//132665, -11646846//663325, -52064448//3316625, -4163521//3316625, 233708513//3316625, 237953474//3316625, 350863983//3316625, 67162207//3316625, -244099412//3316625, -25763328//663325, 20971754//663325, -14280774//663325, 7394927//663325, -3060088//663325, -1994462//663325, 13834791//3316625, -18364623//3316625, 26344854//3316625, -489113//3316625, 22363204//3316625, 649021//3316625, -11471726//3316625, -772157//663325, 454106//663325, -184246//663325, -12387//663325, 103174//663325, -172256//663325, 726026//3316625, -599633//3316625, 44413//255125, 26277//3316625, 325934//3316625, 124546//3316625, -315866//3316625]
6; 2; 5; 12; 2; 1; 1; 2; 1; 1; [668957//3316625, -1247368//9949875, 2863078//9949875, -764506//9949875, 2440732//9949875, 380966//1989975, -3185776//9949875, -4763054//9949875, -1131929//663325, 1049254//1989975, -152229//51025, 220625//79599, -9953029//1989975, -23317051//9949875, -48830872//9949875, 20729312//9949875, -47602769//9949875, 164986958//9949875, -13103989//663325, 387476386//9949875, -283447196//9949875, 200843267//1989975, -126796361//1989975, 231394139//1989975, -16461319//132665, 207324776//1989975, -722129773//9949875, 393125879//9949875, -127832659//9949875, -53392777//9949875, 153200834//9949875, -36194699//1989975, 57073281//3316625, -41908281//3316625, 22521281//1989975, -863063//153075, 3425332//663325, -1543511//397995, 1571938//663325, -10311593//9949875, 38023//765375, 5251696//9949875, -7600447//9949875, 7570769//9949875, -93349//153075, 4186853//9949875, -718616//3316625, 19532//153075]
6; 2; 5; 12; 4; 1; 1; 7; 1; 1; [25392124//9949875, 24892432//9949875, 9899988//3316625, 104885929//9949875, -79901936//9949875, 40170028//9949875, -2912851//9949875, -114777376//3316625, -64912631//3316625, -134832938//1989975, -1023415//26533, 28657477//1989975, -78611269//663325, -285864773//3316625, -83540364//3316625, -1597968269//9949875, -131548523//765375, 4626223241//9949875, 459566527//9949875, 6278048351//9949875, 2789035721//3316625, 5595275873//9949875, 31599511//12675, -36066451//132665, -2138725673//1989975, 1088375866//663325, -16508381887//9949875, 13285776559//9949875, -8923687267//9949875, 4458846973//9949875, -932922482//9949875, -343748048//3316625, 2404645033//9949875, -1946233441//9949875, 2242936199//9949875, -18697859//663325, 8905712//132665, -152560387//1989975, 3423088//51025, -483512567//9949875, 280179544//9949875, -109333102//9949875, -14764432//9949875, 85068238//9949875, -104221544//9949875, 103131713//9949875, -67498996//9949875, 17132418//3316625]
6; 2; 5; 12; 9; 1; 1; 9; 1; 1; [-12394344//3316625, -38903258//3316625, -67020923//3316625, -16381181//663325, -11497102//663325, 24043658//3316625, 11298223//255125, 244769209//3316625, 10113292//132665, 34441252//663325, 28148436//663325, 41193676//663325, 58708579//663325, 62258633//255125, 1565070048//3316625, 1812282323//3316625, 16115584//51025, -242076514//663325, -4254514923//3316625, -6888494529//3316625, -7722244799//3316625, -1024936592//663325, -182373863//663325, 124267301//663325, -61655114//663325, 19204469//663325, 106521312//3316625, -73867371//3316625, 242094884//3316625, -17980086//663325, 131411//10205, -19064508//255125, -292323497//3316625, -345364112//3316625, -50051202//663325, -3881507//663325, 1552454//663325, 189549//663325, -1051254//663325, 7869462//3316625, -5405511//3316625, 6719824//3316625, -469398//663325, 91967//663325, -3813614//3316625, -6501707//3316625, -5644502//3316625, -6819//4225]
6; 2; 5; 12; 7; 1; 1; 11; 1; 1; [10516//26533, 28300814//3316625, 39540452//3316625, 1683732//255125, 2035322//3316625, 13444162//3316625, 7874134//3316625, -80717231//3316625, -153848124//3316625, -22769914//663325, -19239249//663325, -10594794//132665, -72787017//663325, -821882//663325, -702657004//3316625, -1159711257//3316625, -623816091//3316625, 820686193//3316625, 97071246//255125, 1207452776//3316625, 3164080711//3316625, 442315763//255125, 869233436//663325, -123868564//663325, -67482412//132665, 532087433//663325, -546937537//663325, 169279496//255125, -1556403546//3316625, 757967347//3316625, -178425111//3316625, -100872061//3316625, 398672588//3316625, -241275397//3316625, 593508887//3316625, -8153966//663325, 21588374//663325, -1009664//26533, 1714329//51025, -16319123//663325, 47506858//3316625, -20235496//3316625, -1818958//3316625, 1050423//255125, -16117841//3316625, 17320148//3316625, -9870202//3316625, 12869542//3316625]
6; 2; 5; 12; 5; 1; 2; 7; 1; 1; [143787538//9949875, 371181091//9949875, 585450337//9949875, 36109751//765375, -187493006//9949875, -347570351//9949875, 100566749//9949875, 638569526//9949875, 47195028//3316625, -20857688//663325, 196596032//1989975, 331859023//1989975, 832534174//1989975, 2009091809//3316625, 1613380473//3316625, -2077294192//9949875, 1970837227//9949875, 30351775306//9949875, 59920257221//9949875, 22614076627//3316625, 45131004434//9949875, 14938828937//3316625, 2021389207//663325, -1189667941//663325, 482322221//663325, 132216319//1989975, -4539756439//9949875, 2203174119//3316625, -473101052//765375, 4763669711//9949875, -1583354252//9949875, 105012277//255125, 2876308013//9949875, 1511775127//9949875, 959501291//3316625, 101144764//1989975, -6717244//663325, -10113131//663325, 54918941//1989975, -281327509//9949875, 243450757//9949875, -166880576//9949875, 581588//63375, -2369047//9949875, 38280193//9949875, 30726986//3316625, -1470448//9949875, 73712713//9949875]
6; 2; 5; 12; 11; 1; 1; 4; 1; 1; [-58329179//105540500, -19477247//26385125, 16705517//52770250, -3394809//5277025, -35456699//26385125, 66350679//26385125, 113376647//105540500, -169056773//105540500, 741964173//105540500, 22963167//10554050, -10231959//4221620, -25959227//5277025, -54367257//21108100, 1180366319//105540500, 124365867//26385125, -2380947469//105540500, 843563671//21108100, 164748349//26385125, -7567365031//105540500, 5372957133//105540500, 687501037//26385125, -5832370917//26385125, 333422469//21108100, 21837989//844324, -18392104//405925, 249288467//5277025, -4105043653//105540500, 2879368809//105540500, -1649259307//105540500, 133365303//21108100, 266224193//105540500, -236591767//26385125, 941606179//105540500, -246074333//52770250, -152148951//26385125, -37601099//21108100, 2278749//1055405, -41407827//21108100, 7671423//5277025, -7063301//8118500, 39759789//105540500, -1298641//52770250, -3691327//21108100, 31445773//105540500, -9105492//26385125, 28131309//105540500, -3216394//26385125, -3135401//26385125]
6; 2; 5; 12; 6; 1; 1; 2; 1; 1; [-188237//663325, -21569833//9949875, -18047032//9949875, -1964112//3316625, 8836102//9949875, 9662826//3316625, 63943486//9949875, 39950987//9949875, -1640722//3316625, 20572696//1989975, 65311//3925, 41343979//1989975, 16366172//1989975, 9393463//1989975, 29972411//765375, 77322199//3316625, -2763408//3316625, -121852177//9949875, -526517361//3316625, -3006979346//9949875, -717330319//3316625, -319288244//9949875, -313258379//1989975, 95176457//1989975, 54589799//1989975, -126667123//1989975, 9750371//132665, -622183501//9949875, 157748557//3316625, -269618522//9949875, 583736//58875, -59491754//9949875, -5473257//255125, 808878//3316625, -107998082//9949875, 7273//153075, -4675822//1989975, 2168437//663325, -2071539//663325, 1625577//663325, -15294956//9949875, 7706276//9949875, -1328497//9949875, -2633626//9949875, 2920516//9949875, -2338111//3316625, 1837414//9949875, -2782157//9949875]
6; 2; 5; 12; 3; 1; 1; 3; 1; 1; [25120018//155675325, 681040999//778376625, 923315597//778376625, 1261308754//778376625, 287664944//259458875, 757049489//778376625, -261335101//155675325, -726087201//259458875, -729532858//778376625, -497109304//155675325, 6872257//51891775, 306166933//51891775, -955611164//155675325, -1215997177//155675325, -19786404919//778376625, -9601343109//259458875, -6760301923//259458875, 9360008701//259458875, 9130477177//259458875, 1145154363//10378355, 96678053593//778376625, 9880040758//778376625, 17420581421//155675325, 4776097171//155675325, -1284651607//11975025, 20369533276//155675325, -18602421178//155675325, 22754889471//259458875, -43234741006//778376625, 16985504603//778376625, 63200183//59875125, -8536393067//778376625, 3537977377//155675325, -3017588762//259458875, 3679596738//259458875, -583735876//155675325, 888001024//155675325, -890240239//155675325, 239167693//51891775, -95682766//31135065, 1203011483//778376625, -109349402//259458875, -305562787//778376625, 599254424//778376625, -606038527//778376625, 40727983//51891775, -22795652//59875125, 73708343//259458875]
6; 2; 5; 12; 5; 1; 1; 5; 1; 1; [977712//3316625, -7810703//29849625, -80246//79599, -572678//2296125, -199922//1989975, 11427074//29849625, -26716817//29849625, -19832569//9949875, 13717084//5969925, 1454749//238797, 3460829//5969925, 737519//1989975, 80486//132665, -74211361//9949875, 657893383//29849625, 174927541//5969925, 34508419//29849625, -60945902//5969925, -270532274//29849625, 794439692//29849625, 42721279//2296125, -37869010//238797, -21791048//132665, 165159829//5969925, 113990804//1989975, -113820281//1193985, 2939114086//29849625, -800558507//9949875, 338872526//5969925, -878074408//29849625, 3247069//397995, 10936391//2296125, -327296014//29849625, 146224192//9949875, -12801197//663325, 1538519//1193985, -2526311//663325, 27044848//5969925, -4848659//1193985, 89183021//29849625, -1354144//765375, 4553059//5969925, 177259//9949875, -2748134//5969925, 18146213//29849625, -1303333//2296125, 1093067//2296125, -2565926//5969925]
6; 2; 5; 12; 8; 1; 1; 6; 2; 1; [-15798//1625, -99982//4875, -124507//4875, -74768//4875, -2356//195, 1618//1625, 336476//4875, 148139//1625, 98919//1625, 16648//195, 28628//325, 4382//39, 90521//975, 636783//1625, 3541822//4875, 233224//375, -322849//1625, -621911//975, -6653639//4875, -13881206//4875, -3942479//1625, -8524457//4875, -45463//39, 331473//325, -46974//65, 137192//325, -224931//1625, 31771//4875, 252612//1625, -276057//1625, 117064//975, -851317//4875, -288913//4875, -687706//4875, -373931//4875, -2494//65, 23876//975, -2221//195, 588//325, 7489//1625, -30724//4875, 12412//1625, -29201//4875, 1102//325, -15767//4875, -3011//1625, -8176//4875, -3872//1625]
6; 2; 5; 12; 2; 1; 1; 10; 1; 1; [336//4225, 53081//63375, -72278//63375, 123697//63375, -62902//21125, 468058//63375, -96882//21125, 51278//12675, -24526//4875, 10294//4225, -19558//4225, -686//75, -93424//4225, -82529//12675, -1243017//21125, 1424633//63375, -1110602//63375, 643672//4875, -7590143//63375, 10497056//63375, 161462//12675, 12482698//63375, 822669//4225, -5963959//12675, 2272692//4225, -6000547//12675, 865289//2535, -12767393//63375, 4939529//63375, 514244//63375, -248744//4875, 4331176//63375, -3901297//63375, 676571//12675, -509112//21125, 302758//12675, -7474//325, 75903//4225, -48831//4225, 5399//975, -65033//63375, -117116//63375, 198844//63375, -200827//63375, 165506//63375, -36154//21125, 12686//12675, -8041//63375]
6; 2; 5; 12; 4; 1; 1; 12; 1; 1; [-24456752//9949875, 205891//397995, -6589178//3316625, -3925507//1989975, -32666902//9949875, -1452062//663325, 6021349//1989975, -7664801//9949875, 204947738//9949875, 67636396//1989975, -1091716//132665, 45800566//1989975, 16116423//663325, 222797244//3316625, -61062841//1989975, 896557154//9949875, 73448117//1989975, 11858959//3316625, -951868//12675, -26703089//132665, -1243347949//9949875, -9289890968//9949875, -1185231374//1989975, 114137628//132665, -559976828//663325, 445652223//663325, -4328530454//9949875, 143144718//663325, -420973058//9949875, -119791909//1989975, 1122250691//9949875, -245645174//1989975, 60844804//663325, -250764689//3316625, -13237578//3316625, -26169037//663325, 13511374//397995, -47916496//1989975, 9072137//663325, -48363004//9949875, -2278909//1989975, 44601022//9949875, -10785269//1989975, 49693951//9949875, -1516652//397995, 4215599//1989975, -10973162//9949875, -572678//765375]
6; 2; 5; 12; 5; 1; 2; 12; 1; 1; [154767061//1989975, 157643472//3316625, -39542251//9949875, 538975097//3316625, 101627582//765375, -1100727074//9949875, 141924856//3316625, 1009753904//9949875, -3820234868//9949875, -361811896//663325, 30832942//663325, -77035526//1989975, -374583237//663325, -923449957//397995, 10225342//19625, 5690156011//9949875, -13438236842//3316625, 18137514079//9949875, 72083372389//9949875, 16176497452//9949875, 25594609302//3316625, 67526884391//3316625, 20228363497//1989975, -5999298443//663325, 13152244754//1989975, -2605436527//663325, 18506209//12675, 31100263//255125, -10141157632//9949875, 12005355712//9949875, -4099551461//3316625, 4466762819//3316625, -5685643649//9949875, 6478376503//9949875, 8746672249//9949875, 688111808//1989975, -149197232//663325, 219785471//1989975, -15155598//663325, -23325633//663325, 196947694//3316625, -205188674//3316625, 484197352//9949875, -342598328//9949875, 85406249//3316625, -47854054//9949875, 12619296//3316625, 247178879//9949875]
6; 2; 5; 12; 6; 1; 1; 10; 1; 1; [53898194//9949875, 39952048//3316625, 173539208//9949875, 50662799//3316625, -3851382//663325, -88528542//3316625, -145367124//3316625, -393704146//9949875, -304399079//9949875, -8660302//397995, -1090592//26533, -44139572//663325, -6085571//397995, -1719967799//9949875, -2662805894//9949875, -3189729793//9949875, -49646789//765375, 495477318//663325, 14802660001//9949875, 18862133182//9949875, 13840471031//9949875, 652497614//9949875, -283052929//397995, -158059999//397995, 1904024234//1989975, -437951953//397995, 9529649918//9949875, -2357407309//3316625, 1301087917//3316625, -532871837//3316625, 31842001//1989975, 1827573958//9949875, -644528189//9949875, 677198201//3316625, -348139236//3316625, 14085046//397995, -19426382//397995, 93389021//1989975, -75028//2041, 233406808//9949875, -115234472//9949875, 17310256//9949875, 37282874//9949875, -461549//79599, 26454196//3316625, -13028708//3316625, 16513946//3316625, -19599908//9949875]
6; 2; 5; 12; 7; 1; 1; 5; 1; 1; [-855509//3316625, 1041563//1989975, -18896//132665, -490631//1989975, 896028//3316625, -20684504//9949875, 4491763//1989975, 6532763//1989975, -29804759//9949875, 4807574//1989975, -521106//663325, -506627//397995, 5570052//663325, 1416018//255125, -27514042//1989975, 1526169//663325, -6349111//663325, 3045729//255125, 206671633//3316625, -5539862//51025, -4676636//132665, 185405578//3316625, -244943396//1989975, 96067682//1989975, 1822543//397995, -1739756//51025, 450760966//9949875, -85563248//1989975, 21639379//663325, -41516456//1989975, 32997356//3316625, 5496984//3316625, -17445254//1989975, 8766794//1989975, -11767851//3316625, -1273079//1989975, -2224192//1989975, 254534//132665, -1328502//663325, 5550367//3316625, -153316//132665, 409306//663325, -29966//153075, -289219//3316625, 2955907//9949875, -743974//1989975, 144256//663325, -1313008//9949875]
6; 2; 5; 12; 10; 1; 1; 2; 1; 1; [55404//21125, 51939//21125, 81266//21125, 42999//21125, -13942//21125, 11046//4225, -184211//21125, -255592//21125, -187634//21125, -86646//4225, -62649//4225, -28854//845, -88503//4225, -1325019//21125, -1379249//21125, -2417301//21125, 809361//21125, 2589422//21125, 363133//4225, 9326221//21125, 8701312//21125, 9921144//21125, 1469319//4225, -2120619//4225, 414168//845, -127011//325, 408756//1625, -2722297//21125, 453337//21125, 801543//21125, -1268959//21125, 311546//4225, -815977//21125, 1252681//21125, -20018//21125, 96996//4225, -83466//4225, 2361//169, -33552//4225, 58938//21125, 12828//21125, -56348//21125, 67728//21125, -59109//21125, 9508//4225, -20117//21125, 19626//21125, 7907//21125]
6; 2; 5; 12; 8; 1; 1; 4; 1; 1; [-95377333//105540500, -44163239//105540500, -1935831//8118500, -42593353//21108100, -81798811//52770250, 223115861//105540500, 102612981//105540500, -44194543//21108100, 483251429//52770250, 54243903//5277025, -946221//5277025, -1175661//324740, 171267363//10554050, 3389906063//105540500, -1121037351//105540500, -6528783//26385125, 486358037//10554050, -987522269//52770250, -16576150121//105540500, -5248822451//105540500, -262574791//5277025, -18187436069//52770250, -4468894593//21108100, 1355567351//21108100, 143949759//4221620, -1773296989//21108100, 2610061536//26385125, -9102738603//105540500, 1640377691//26385125, -36115737//1055405, 1406815691//105540500, -597509623//105540500, -1318992843//105540500, 117069611//10554050, -742684536//26385125, 95113//21108100, -2529841//811850, 18214769//4221620, -87730701//21108100, 173892687//52770250, -223011603//105540500, 53614337//52770250, -771098//5277025, -36840379//105540500, 45904967//105540500, -67249733//105540500, 4756853//10554050, -66715899//105540500]
6; 2; 5; 12; 11; 1; 1; 3; 1; 1; [-20353580731//29007502225, -67800496429//145037511125, -44448912431//29007502225, -341376975087//145037511125, -110170139952//145037511125, 196811426958//145037511125, 286823825597//145037511125, 693611456203//145037511125, 70033467454//11156731625, 19935416026//29007502225, 12269975178//5801500445, 170720047442//29007502225, 4281840510//1160300089, 255447865538//5801500445, 3782772582569//145037511125, 96982515377//2231346325, 630802813819//11156731625, -6426238123993//145037511125, -22345233973488//145037511125, -1411097217889//11156731625, -24581285720213//145037511125, -36485971077492//145037511125, 1939405782826//29007502225, 577933298776//5801500445, -5115915406258//29007502225, 5045684720//26983723, -4471899361403//29007502225, 15802645738622//145037511125, -1641952687457//29007502225, 3060017833331//145037511125, 919444436746//145037511125, -4249332898994//145037511125, 226868260928//11156731625, -4469443895859//145037511125, 798428369644//145037511125, -201574282331//29007502225, 49357589576//5801500445, -224490102052//29007502225, 516642030//89253853, -100870915831//29007502225, 222009289912//145037511125, -309488242//29007502225, -2567933103//3372965375, 161180288721//145037511125, -181697129474//145037511125, 112749717949//145037511125, -104430887304//145037511125, 227219598//3372965375]
6; 2; 5; 12; 2; 1; 1; 8; 1; 1; [14812597//9949875, -4372133//3316625, 8749794//3316625, -2231179//1989975, -17319806//9949875, 10001728//9949875, -20464011//3316625, -8304248//1989975, 1745674//765375, -1719670//79599, 1464157//132665, -525116//153075, -19622929//1989975, -87100539//3316625, 133362443//3316625, -208885884//3316625, 214851454//1989975, 3523269//255125, 68113237//9949875, 2415716833//9949875, 33787679//1989975, -121509404//3316625, 232560709//397995, -99118179//132665, 1383712942//1989975, -351222193//663325, 6920474//21125, -485215901//3316625, 37645483//3316625, 141743872//1989975, -76149434//765375, 333127297//3316625, -691826761//9949875, 7184589//132665, -286801646//9949875, 4391924//132665, -166786//6123, 36811523//1989975, -6505692//663325, 715556//255125, 6001219//3316625, -13776782//3316625, 3143774//663325, -40228732//9949875, 29082571//9949875, -14702296//9949875, 1302298//1989975, 608669//9949875]
6; 2; 5; 12; 6; 1; 1; 8; 1; 1; [-3425566//3316625, -28386119//9949875, -26363401//9949875, -9767851//3316625, -551678//79599, 56376796//9949875, 133845688//9949875, 7406352//3316625, 16051888//3316625, 5808158//153075, 3399612//663325, 18658931//1989975, 59167802//1989975, 707600578//9949875, 904697429//9949875, -41304638//3316625, 242539341//3316625, 100543447//1989975, -3222333646//9949875, -4233939928//9949875, -961109816//9949875, -4266333704//9949875, -2073230326//1989975, 1259867926//1989975, -537392509//1989975, 16750567//1989975, 9537452//63375, -676383096//3316625, 2010427493//9949875, -1556835331//9949875, 210775832//1989975, -50049386//765375, -30569748//3316625, 110766742//9949875, -465134102//9949875, -36591214//1989975, 9147254//1989975, 2881948//663325, -5735814//663325, 95049094//9949875, -79913188//9949875, 18931126//3316625, -31320881//9949875, 2325823//1989975, 289252//9949875, -14334929//9949875, 12251582//9949875, -15526042//9949875]
6; 2; 5; 12; 10; 1; 1; 10; 1; 1; [-9111052//3316625, -1270333//255125, -20324224//3316625, -9609083//3316625, 2775426//663325, 6916894//663325, 6713184//663325, 25769232//3316625, 2894478//663325, 14598572//663325, 22647324//663325, 33445444//663325, -511478//132665, 189065442//3316625, 228597279//3316625, 510111629//3316625, 9868386//255125, -128334577//663325, -360685372//663325, -83012146//132665, -1712615577//3316625, 5359673//132665, 122963552//663325, 172971894//663325, -23663682//51025, 65632131//132665, -1366976244//3316625, 962202932//3316625, -496271728//3316625, 172407324//3316625, 8366376//663325, -11065679//132665, 26953682//663325, -281227226//3316625, 31043689//663325, -12114567//663325, 14945766//663325, -13600594//663325, 408198//26533, -30945114//3316625, 13638902//3316625, -117268//3316625, -6929681//3316625, 1904423//663325, -2279899//663325, 1206434//663325, -503642//255125, 524538//663325]
6; 2; 5; 12; 10; 1; 1; 8; 1; 1; [-13643633//3316625, 497734//255125, -2460228//663325, -12570698//3316625, 20497592//3316625, -29405443//3316625, 36033754//3316625, 2610424//255125, -28373411//3316625, 31114416//663325, -3570882//663325, -1469576//663325, 29981894//663325, 335317103//3316625, -223766002//3316625, 105249031//663325, -276534072//3316625, -496617867//3316625, 677902793//3316625, -2261042714//3316625, -4455137//3316625, -31484209//3316625, -782811339//663325, 714192563//663325, -41074792//51025, 325938164//663325, -4344888//21125, 13186579//3316625, 79296417//663325, -542106536//3316625, 494530239//3316625, -377779856//3316625, 163068333//3316625, -130705521//3316625, 25110393//3316625, -27674636//663325, 18450152//663325, -9470829//663325, 2424321//663325, 11171484//3316625, -22230111//3316625, 4930066//663325, -20952681//3316625, 14212754//3316625, -7661166//3316625, 981408//3316625, 746244//3316625, -2757912//3316625]
6; 2; 5; 12; 5; 1; 1; 2; 1; 1; [-2464949//3316625, -2570273//3316625, -5655877//9949875, 5624354//9949875, 6832936//3316625, 6970044//3316625, 170957//79599, -2398856//3316625, -2181366//3316625, 1242802//663325, 3516694//663325, 12899686//1989975, -6681047//663325, 76303027//9949875, 15445753//3316625, 64908494//3316625, -10244203//765375, -214747586//3316625, -358389199//3316625, -205464929//1989975, 325331008//9949875, 389466556//3316625, 106644737//663325, 62809027//1989975, -271419494//1989975, 339589954//1989975, -1564536094//9949875, 1184974417//9949875, -718777354//9949875, 314728333//9949875, -50907289//9949875, -204916546//9949875, 12158807//663325, -70530347//3316625, 77807968//3316625, -9226921//1989975, 14703568//1989975, -14979281//1989975, 4069902//663325, -41074394//9949875, 21513307//9949875, -1894068//3316625, -4483567//9949875, 8897021//9949875, -11465326//9949875, 1648349//1989975, -479012//765375, 4710929//9949875]
6; 2; 5; 12; 8; 1; 1; 3; 1; 1; [-83369318718//145037511125, -115485561026//145037511125, -61297941719//145037511125, -219487192614//145037511125, -133201676228//145037511125, 27490798864//29007502225, 30861066796//29007502225, 424471662164//145037511125, 626714170703//145037511125, 159399375732//29007502225, 46995010611//29007502225, 79164185111//29007502225, 249426130013//29007502225, 2849728108428//145037511125, 224104919822//11156731625, 1113496372809//145037511125, 3761429473539//145037511125, -4378177978282//145037511125, -4668283546//51891775, -1895484844976//29007502225, -19768887364019//145037511125, -23172753168393//145037511125, -59977217436//674593075, 80717182812//2231346325, 55144169121//29007502225, -668207247492//29007502225, 4684552734504//145037511125, -4203761712832//145037511125, 3409815510467//145037511125, -1963896906213//145037511125, 807175177489//145037511125, -148744448737//29007502225, -160328230588//29007502225, -291479780992//145037511125, -1670710445839//145037511125, -15258397932//29007502225, -21331840956//29007502225, 38604445114//29007502225, -40745623743//29007502225, 174157711524//145037511125, -116402276747//145037511125, 5068383314//11156731625, -17669264568//145037511125, -12511992026//145037511125, 2628956393//29007502225, -7327126988//29007502225, 8525949748//145037511125, -38435748749//145037511125]
6; 2; 5; 12; 7; 1; 1; 2; 1; 1; [9889619//3316625, 10741659//3316625, 3304721//3316625, -24095557//3316625, -44086024//3316625, -41550274//3316625, -101134//51025, 40242893//3316625, 19702858//3316625, -3767782//663325, -14646951//663325, 592351//663325, 50846488//663325, -30393829//3316625, -128324219//3316625, -162193431//3316625, 492890487//3316625, 1352271649//3316625, 1711653279//3316625, 126197572//663325, -1759428243//3316625, -3074964363//3316625, -636731167//663325, 41621609//663325, 311106541//663325, -453062392//663325, 2248547663//3316625, -1799570957//3316625, 1170257172//3316625, -566888189//3316625, 193482342//3316625, 236655147//3316625, -53701559//663325, 239325456//3316625, -408596069//3316625, 8714437//663325, -18811464//663325, 20972439//663325, -18083943//663325, 64603663//3316625, -36982357//3316625, 13395362//3316625, 3090136//3316625, -10398588//3316625, 15915157//3316625, -2553209//663325, 8529916//3316625, -8794899//3316625]
6; 2; 5; 12; 5; 1; 1; 10; 1; 1; [-9180427//9949875, -747667//663325, -15403376//9949875, 14204//11775, 6291226//3316625, 2260829//765375, -337798//765375, 9971323//9949875, -1173404//663325, 18721492//1989975, 5622234//663325, 10804576//1989975, -10243577//1989975, 67206729//3316625, 50392783//1989975, 139352712//3316625, -36548478//663325, -559911808//9949875, -1733162057//9949875, -323495482//3316625, -52826626//765375, 306597736//1989975, 124201747//1989975, 12992229//663325, -124058554//1989975, 49943521//663325, -223316358//3316625, 20620009//397995, -21907189//765375, 6873428//663325, -8725593//3316625, -151709471//9949875, 19293049//3316625, -129619424//9949875, 5869514//397995, -1455679//663325, 6573218//1989975, -6528721//1989975, 1745644//663325, -5722728//3316625, 599962//663325, -1737622//9949875, -106703//397995, 3783491//9949875, -6106421//9949875, 3102607//9949875, -3344434//9949875, 189729//663325]
6; 2; 5; 12; 4; 1; 1; 6; 1; 1; [102814//63375, 0, 615578//63375, -56584//21125, -113168//21125, 258378//21125, 261167//63375, -43242//4225, -2055868//63375, 0, 56584//4225, -1289101//12675, 226336//4225, 9452491//63375, 339504//4225, -7010836//21125, 3451624//21125, 4639888//21125, 4280866//63375, 32431538//63375, 13322906//12675, 106157183//63375, -452672//845, -4187216//4225, 21291604//12675, -7412504//4225, 92634193//63375, -4187216//4225, 32804696//63375, -3225288//21125, -1640936//21125, 13775053//63375, -4705452//21125, 257126//975, -5107616//63375, 56584//845, -339504//4225, 305582//4225, -226336//4225, 2048888//63375, -56584//4225, -7203//21125, 169752//21125, -226336//21125, 223286//21125, -164592//21125, 78433//12675, -23602//21125]
6; 2; 5; 12; 5; 1; 2; 6; 1; 1; [-7192466//9949875, -96561//663325, -5717303//9949875, -7058932//9949875, 1322302//9949875, 3870331//9949875, 9484877//9949875, 1518547//765375, -5782597//3316625, -281326//132665, 1397112//663325, -2742299//1989975, 8167486//1989975, 166829341//9949875, 9117187//1989975, 34337891//3316625, -89047883//9949875, -87026794//3316625, -380367596//9949875, -122561822//9949875, -789835586//9949875, 1182628406//9949875, 5581538//132665, -108943279//1989975, 34094607//663325, -26026153//663325, 84480276//3316625, -7378389//663325, 18025769//9949875, 42949091//9949875, -84632321//9949875, 56323012//9949875, -21714737//3316625, 308774//765375, 33050518//9949875, 971639//397995, -1341762//663325, 917968//663325, -1470551//1989975, 2371208//9949875, 9941//79599, -957602//3316625, 3325931//9949875, -3214496//9949875, 1842712//9949875, -1369681//9949875, -182293//9949875, 1062293//9949875]
6; 2; 5; 12; 5; 1; 1; 8; 1; 1; [-27656897//9949875, -1499759//765375, -14639088//3316625, 7031057//9949875, 821794//1989975, -71133041//9949875, 99159452//9949875, 117836639//9949875, 49853689//3316625, 56686754//1989975, -11509229//663325, 73454041//1989975, 19135131//663325, 72337949//765375, 449519917//9949875, 219698088//3316625, -1209325577//9949875, 8081654//663325, 231061501//9949875, -5950951082//9949875, -1045639553//3316625, -6023092067//9949875, -505000441//1989975, 1800602333//1989975, -2197726579//1989975, 154176461//153075, -47307262//63375, 4553399411//9949875, -1910113963//9949875, -2179//58875, 70446343//663325, -1476848537//9949875, 393279293//3316625, -1285767382//9949875, 469112989//9949875, -95650784//1989975, 96100982//1989975, -25831627//663325, 17211664//663325, -131212904//9949875, 11144607//3316625, 31455982//9949875, -63005146//9949875, 13597867//1989975, -57827227//9949875, 35855954//9949875, -8561154//3316625, 2932504//9949875]
6; 2; 5; 12; 7; 1; 1; 10; 1; 1; [-23969337//3316625, -12598229//3316625, 38398//10205, 73706619//3316625, 129693878//3316625, 101562759//3316625, 358158//3316625, -100355972//3316625, -121729817//3316625, -1357138//663325, 18299916//663325, -31833696//663325, -166424603//663325, -63514108//3316625, -209431441//3316625, -19701814//663325, -1842089809//3316625, -3889657268//3316625, -3743274424//3316625, -49983946//255125, 5080949242//3316625, 10614222557//3316625, 1648638242//663325, -58999894//663325, -875956786//663325, 1238312747//663325, -6090518749//3316625, 369532624//255125, -627078024//663325, 1457358633//3316625, -492100839//3316625, -627048412//3316625, 60570992//255125, -635413954//3316625, 1205241501//3316625, -25464332//663325, 51827474//663325, -56993894//663325, 3743361//51025, -172603499//3316625, 97076622//3316625, -6914606//663325, -10287857//3316625, 2212902//255125, -42585552//3316625, 35353761//3316625, -22516534//3316625, 25409181//3316625]
6; 2; 5; 12; 12; 1; 1; 7; 1; 1; [-2903648//663325, -18808706//3316625, 12972//51025, -63166288//3316625, 1008054//255125, -1313717//255125, -38579464//3316625, 152385001//3316625, -9587066//663325, 5494456//132665, 4378113//51025, -38229512//663325, 76667984//663325, 104701689//663325, 220407676//3316625, 48909924//663325, 1328171673//3316625, -133271979//255125, 711238771//3316625, -1698749696//3316625, -5278498051//3316625, 456579413//663325, -2049857//845, -449833401//663325, 1559945078//663325, -1896549231//663325, 345838099//132665, -6414130857//3316625, 780177687//663325, -1596265461//3316625, -43228116//3316625, 945327393//3316625, -1361874073//3316625, 1010123442//3316625, -7044495//26533, 839193//10205, -82658374//663325, 82845167//663325, -66683199//663325, 44401813//663325, -112845467//3316625, 5617842//663325, 28163159//3316625, -55098726//3316625, 59169823//3316625, -51413733//3316625, 2359774//255125, -3553549//663325]
6; 2; 5; 12; 9; 1; 1; 7; 1; 1; [37576//21125, 95466//21125, 92062//21125, 66167//21125, 64954//21125, 5498//21125, -2589//325, -305998//21125, -240138//21125, -31592//4225, -111609//4225, -157552//4225, -24177//845, -85167//1625, -2258756//21125, -2456487//21125, -648697//21125, 1525851//21125, 3533687//21125, 1764409//4225, 14980648//21125, 8869163//21125, -184157//4225, 144351//4225, -107942//4225, 729//65, -123453//21125, -154393//21125, 3179//21125, -157891//21125, 180373//21125, 80376//21125, 527//25, 661809//21125, 30683//1625, -5493//4225, 3134//4225, -1433//4225, -36//845, 3357//21125, -7668//21125, 3344//21125, -4766//21125, 3968//21125, 1766//21125, 1544//4225, 13274//21125, 6819//21125]
6; 2; 5; 12; 7; 1; 1; 8; 1; 1; [181516//663325, 887286//663325, 10219702//3316625, -1313956//255125, 16571488//3316625, -11500648//3316625, -36796014//3316625, 1241283//132665, -12178261//663325, 8409356//663325, 12886953//663325, -37491833//663325, 917456//26533, -7837898//663325, -29880886//663325, 49294528//3316625, 331424008//3316625, -711262353//3316625, 846953058//3316625, 582778314//3316625, -50701//132665, 370707687//663325, -791033344//663325, -191348212//663325, 723674397//663325, -13723988//10205, 1038549//845, -612271168//663325, 1864351914//3316625, -790027696//3316625, 1351406//3316625, 459351819//3316625, -576077888//3316625, 23594001//132665, -76624531//663325, 25037914//663325, -38724488//663325, 39076938//663325, -6329652//132665, 1626093//51025, -10920833//663325, 14088944//3316625, 12463784//3316625, -1971783//255125, 28307689//3316625, -23169868//3316625, 670328//132665, -1576473//663325]
6; 2; 5; 12; 3; 1; 1; 11; 1; 1; [-16149973//9949875, -1226471//397995, -13924019//1989975, -42153958//9949875, 43507226//9949875, 45962651//9949875, 10260724//3316625, 171044044//9949875, 172605967//9949875, 14112152//1989975, 17049329//663325, 8863558//132665, 71453704//1989975, 316113128//9949875, 67662073//1989975, 433784677//1989975, 1076069608//9949875, -2237782661//9949875, -2669282176//9949875, -3284099302//9949875, -8645697824//9949875, -490399319//765375, 399671372//1989975, 28841414//153075, -148346152//397995, 822394739//1989975, -1162271287//3316625, 497128088//1989975, -51585407//397995, 536450114//9949875, 9735744//3316625, -584981858//9949875, 418066994//9949875, -907220182//9949875, 95868209//9949875, -28619777//1989975, 36906838//1989975, -6862222//397995, 8776252//663325, -27222877//3316625, 192298//51025, -139512//663325, -15219496//9949875, 7577249//3316625, -9012346//3316625, 440246//255125, -20673442//9949875, 450603//3316625]
6; 2; 5; 12; 4; 1; 1; 6; 2; 1; [20529//21125, 0, -68//845, -24457//63375, -48914//63375, 28191//21125, 40614//21125, 154066//63375, 49692//21125, 0, 24457//12675, -15768//4225, 97828//12675, -258719//21125, 48914//4225, -171539//12675, 1491877//63375, 2005474//63375, -1088931//21125, -3365107//63375, -2883611//63375, -629776//63375, -195656//2535, -1809818//12675, 3073871//12675, -3203867//12675, 4416428//21125, -1809818//12675, 321657//4225, -464683//21125, -709253//63375, 1808821//63375, -2397901//63375, 47243//1625, -1457533//63375, 24457//2535, -48914//4225, 132199//12675, -97828//12675, 97788//21125, -24457//12675, -251//12675, 24457//21125, -97828//63375, 93196//63375, -26002//21125, 15279//21125, -23813//63375]
6; 2; 5; 12; 5; 1; 2; 6; 2; 1; [-9783394//1989975, -7769326//3316625, -1242219//663325, -78122098//9949875, 29558356//9949875, -54409597//9949875, 71125871//9949875, 58486232//1989975, -2306004//663325, 2005547//51025, 16715911//397995, -5473359//663325, 108367066//1989975, 97985111//663325, 377032183//9949875, 17266198//153075, 250551358//9949875, -2810615051//9949875, 1467028087//9949875, -6465227311//9949875, -1719628306//1989975, 11767666//1989975, -2462524487//1989975, 7378834//26533, 670122038//1989975, -1243332409//1989975, 1352424181//1989975, -5631102146//9949875, 20435452//51025, -2156948981//9949875, 45473339//765375, 330684266//9949875, -1075928183//9949875, 7217926//132665, -33278203//397995, 3815464//663325, -3234408//132665, 60665407//1989975, -18575757//663325, 42319333//1989975, -128900741//9949875, 11555029//1989975, -3428561//9949875, -30344708//9949875, 42070771//9949875, -45821108//9949875, 1650421//663325, -4202413//1989975]
6; 2; 5; 12; 12; 1; 1; 12; 1; 1; [756259//663325, -6068736//3316625, 962839//663325, -436897//3316625, -943538//255125, 5189//132665, -7313957//663325, -4469017//663325, -91553//132665, -16502532//663325, -1683582//663325, -7422386//663325, -16628903//663325, -18326064//663325, 159609366//3316625, -62805517//663325, 230178347//3316625, 235554154//3316625, -12724//4225, 256927629//663325, -91662788//663325, 61740408//663325, 28382436//51025, -404246202//663325, 344698344//663325, -243888213//663325, 135522943//663325, -230997882//3316625, -3207969//132665, 240124901//3316625, -269118113//3316625, 50730482//663325, -26242272//663325, 18810071//663325, -6994402//663325, 16957167//663325, -12935518//663325, 8050706//663325, -3661587//663325, 356873//663325, 8146938//3316625, -2488704//663325, 12406111//3316625, -9637188//3316625, 1305398//663325, -447916//663325, 87346//663325, 211267//663325]
6; 2; 5; 12; 9; 1; 1; 12; 1; 1; [-3224133//3316625, -2562959//3316625, 76108//132665, -975112//663325, 2134774//663325, 4038592//3316625, -1463367//663325, 3716653//663325, -16038911//3316625, 3847372//663325, 9821454//663325, -5030473//663325, 14699797//663325, 93665508//3316625, -24973711//3316625, -7403088//663325, -734288//51025, -72836844//663325, 1285494//21125, -17520759//663325, -3222343//26533, 258236691//3316625, -223340558//663325, -15032496//663325, 151001067//663325, -199779633//663325, 953120864//3316625, -733223398//3316625, 92236912//663325, -8721706//132665, 2738308//663325, 92680339//3316625, -1097544//26533, 23547579//663325, -99263057//3316625, 4824603//663325, -8497974//663325, 8976358//663325, -575769//51025, 25921054//3316625, -14039063//3316625, 875158//663325, 399132//663325, -1138132//663325, 6439479//3316625, -1126053//663325, 742018//663325, -2167987//3316625]
6; 2; 5; 12; 2; 1; 1; 9; 1; 1; [4031454//3316625, 25671103//9949875, 31095392//9949875, 15960259//9949875, -22959128//9949875, -903542//132665, -69653858//9949875, -31398677//3316625, -139228//153075, 275552//1989975, -2486441//663325, -35633//3925, -34372586//1989975, -191522519//3316625, -586802783//9949875, -540194587//9949875, 569289781//9949875, 4113269//19625, 169900827//663325, 1610388218//9949875, 448656642//3316625, -30526//169, -138489253//1989975, 23255719//663325, -17478161//1989975, -6397492//663325, 144461609//9949875, -70504643//3316625, 132568919//9949875, -84388007//9949875, 11984308//765375, 6300652//663325, 66442699//9949875, 27445656//3316625, -21404482//1989975, -546084//663325, -20744//153075, 433557//663325, -566343//663325, 557653//765375, -6373709//9949875, 3174374//9949875, -1141432//9949875, 1922234//9949875, 195168//663325, 85948//3316625, 756036//3316625, -485699//1989975]
6; 2; 5; 12; 4; 1; 1; 4; 1; 1; [-2983553//2029625, -2438416//1217775, -6139402//2029625, -2760187//6088875, 3557794//2029625, -13047473//6088875, 11529514//2029625, 11692583//1217775, 3721034//6088875, 12622066//1217775, 5371253//405925, 5478223//243555, 15533743//1217775, 59358938//2029625, 63286454//1217775, 168690762//2029625, -357634933//6088875, -569803837//6088875, -104376752//6088875, -139038254//468375, -59351047//243555, -937499564//6088875, -272028974//1217775, 88011818//405925, -13673943//81185, 44524161//405925, -104282366//2029625, 4866362//405925, 42690376//2029625, -195840499//6088875, 53976363//2029625, -53465122//2029625, 24691304//6088875, -24891961//1217775, -8378834//2029625, -3496122//405925, 2456702//405925, -813484//243555, 468929//405925, 793404//2029625, -274442//243555, 3005166//2029625, -619223//468375, 5254739//6088875, -3542726//6088875, -7297//468375, -254102//1217775, -1640012//6088875]
6; 2; 5; 12; 5; 1; 2; 4; 1; 1; [53290267//4221620, 95619523//21108100, -285401902//79155375, 440291927//31662150, -6840481//811850, -17613218489//316621500, 262634351//31662150, 26622524353//316621500, -2019122777//63324300, -1878786877//10554050, -8145610783//63324300, 20796495//844324, 2779527737//10554050, -10291411501//63324300, 11408658893//63324300, -93367500767//316621500, -42430792883//31662150, 2363094109//21108100, 805551007409//316621500, 65361451511//31662150, -3524987359//26385125, -1298390748//1055405, -141965029067//63324300, -15010004471//21108100, 28813136051//12664860, -14394105964//5277025, 39042248291//15831075, -23132930351//12664860, 345479329589//316621500, -16619192527//31662150, 103606402//15831075, 40399785069//105540500, -17594509697//63324300, 27921850124//79155375, -5336299954//15831075, 1688536069//21108100, -1263545107//10554050, 1508774573//12664860, -464072729//4871100, 1992917893//31662150, -2010871439//63324300, 1156827377//158310750, 87601193//12664860, -32628381//2110810, 6026080487//316621500, -158982827//12664860, 785061104//79155375, -70014097//10554050]
6; 2; 5; 12; 11; 1; 1; 11; 1; 1; [-166124//132665, -464746//255125, -7425774//3316625, -6850073//3316625, -886942//255125, 1524568//663325, 15505729//3316625, 18957519//3316625, 32417612//3316625, 9034242//663325, 6151524//663325, 434776//663325, 518617//26533, 32101829//663325, 208939768//3316625, 124247839//3316625, 139322008//3316625, -23044504//3316625, -122030813//663325, -829600159//3316625, -442670684//3316625, -1350645412//3316625, -158375433//663325, -62423531//663325, 179059466//663325, -42190267//132665, 190442394//663325, -684968971//3316625, 418629657//3316625, -162376806//3316625, -7230482//3316625, 15781651//663325, -181540137//3316625, 117420058//3316625, -168013046//3316625, 6434048//663325, -9286634//663325, 9136789//663325, -1449216//132665, 4772256//663325, -11605671//3316625, 2649772//3316625, 3439914//3316625, -6094927//3316625, 1192931//663325, -6162797//3316625, 3408218//3316625, -20583//21125]
6; 2; 5; 12; 6; 1; 1; 9; 1; 1; [958519//255125, 34593831//3316625, 12858914//663325, 257662222//9949875, 60398014//3316625, -71560973//9949875, -394934596//9949875, -201737038//3316625, -714939539//9949875, -121617758//1989975, -33835289//663325, -40441642//663325, -45540478//663325, -2190121006//9949875, -4099670143//9949875, -1125179201//1989975, -4643241917//9949875, 693139926//3316625, 13155618368//9949875, 22347826096//9949875, 23269693364//9949875, 15882119489//9949875, 547154002//1989975, -617799862//1989975, 174261768//663325, -381706789//1989975, 967206382//9949875, -190775148//3316625, -4519158//132665, 130150529//9949875, -329164541//9949875, 2089024//21125, 240224356//3316625, 1233179612//9949875, 213995679//3316625, 25789828//1989975, -6662886//663325, 12421846//1989975, -1968662//663325, 1849832//9949875, 8152766//9949875, -4622792//1989975, 14605834//9949875, -13333616//9949875, 7119568//3316625, 13840373//9949875, 21282982//9949875, 4901469//3316625]
6; 2; 5; 12; 3; 1; 1; 5; 1; 1; [-3791869//5969925, 27481187//9949875, -73787204//29849625, 114480527//29849625, 23382718//9949875, -957031//238797, 35675771//5969925, -364762036//29849625, -3623297//2296125, 94621489//5969925, -150028756//5969925, 127880089//5969925, 19585906//5969925, -6001027//1989975, -1850732441//29849625, 2557319489//29849625, -432833578//3316625, 2230237801//29849625, 60557344//1989975, -774166171//5969925, 18291457871//29849625, -5298541889//29849625, 2484566//663325, 4395812249//5969925, -2033923072//1989975, 5902615481//5969925, -4627421843//5969925, 14817053482//29849625, -2362302461//9949875, 1145690834//29849625, 817452841//9949875, -796606138//5969925, 268816604//1989975, -887200084//9949875, 238932082//3316625, -255787294//5969925, 277119851//5969925, -235263824//5969925, 164985089//5969925, -91798988//5969925, 154984312//29849625, 51852317//29849625, -163029326//29849625, 194223518//29849625, -34565327//5969925, 25086917//5969925, -61856942//29849625, 28024843//29849625]
6; 2; 5; 12; 10; 1; 1; 9; 1; 1; [-5624058//3316625, -798524//3316625, 6660884//3316625, -2370143//3316625, 3263574//3316625, 2557364//255125, 30379061//3316625, -1913866//663325, -14553493//663325, -6378006//663325, 19671618//663325, -9509946//663325, -6028864//132665, 163210478//3316625, -94997406//3316625, -25922068//255125, -46694777//3316625, 82288001//3316625, -452837732//3316625, -1013932111//3316625, -74615584//663325, 124927824//132665, 545421264//663325, -226917712//663325, -1825416//663325, 26571121//132665, -917956191//3316625, 887494512//3316625, -712955072//3316625, 34326173//255125, -212053367//3316625, 17923394//3316625, 26075012//3316625, -27793342//663325, 53752886//663325, 3640246//663325, 4096202//663325, -7774484//663325, 1672194//132665, -35383941//3316625, 24764292//3316625, -14067642//3316625, 4615879//3316625, 1624263//3316625, -5243716//3316625, 4955557//3316625, -1112302//663325, 1309917//663325]
6; 2; 5; 12; 4; 1; 1; 3; 1; 1; [198088338//446269265, 8870358173//33470194875, 6375905672//11156731625, 5374622297//6694038975, 29818490582//33470194875, -7920811772//6694038975, -16979650742//33470194875, -51192919988//33470194875, -171241280128//33470194875, -725299234//267761559, -59499144//2231346325, -2517724292//514926075, -840341617//446269265, -124643222588//6694038975, -171173271523//33470194875, -570934606121//33470194875, -89506615804//6694038975, 350103777748//33470194875, 537464739202//6694038975, 162293682274//11156731625, 2430757669303//33470194875, 372919589491//2574630375, -4021930924//267761559, -285303681592//6694038975, 451530670834//6694038975, -18490761877//267761559, 370689492812//6694038975, -1273147174534//33470194875, 633848554342//33470194875, -39828428438//6694038975, -39867640067//11156731625, 82626736661//6694038975, -302838388634//33470194875, 390883739044//33470194875, 6534853993//11156731625, 731797228//267761559, -545846642//171642025, 6273517872//2231346325, -916799207//446269265, 7978271818//6694038975, -16231781849//33470194875, -561963276//11156731625, 2123243741//6694038975, -4746510332//11156731625, 1069386407//2231346325, -10177357709//33470194875, 203869078//778376625, 1032971534//33470194875]
6; 2; 5; 12; 8; 1; 1; 11; 1; 1; [20218858//3316625, 31464856//3316625, 14402873//3316625, 6820401//3316625, 2604826//255125, 20695283//3316625, -487087//26533, -117634574//3316625, -123400746//3316625, -24399422//663325, -6710781//132665, -56498768//663325, -21353682//663325, -627498193//3316625, -949609906//3316625, -387411058//3316625, 392254844//3316625, 487271962//3316625, 723791997//3316625, 408408511//663325, 4523134879//3316625, 5921690056//3316625, 388350283//663325, -84985859//132665, 357658682//663325, -253951537//663325, 677473951//3316625, -286100723//3316625, -90864794//3316625, 260411862//3316625, -271466704//3316625, 298287441//3316625, -20953019//663325, 324020747//3316625, 218002678//3316625, 17720572//663325, -2701258//132665, 8314233//663325, -3772923//663325, 1182881//3316625, 7709097//3316625, -13129914//3316625, 13111192//3316625, -9847469//3316625, 7409491//3316625, -340406//663325, 4696082//3316625, 5912263//3316625]
6; 2; 5; 12; 5; 1; 2; 3; 1; 1; [2801707294496//435112533375, 592594136479//435112533375, 688517500586//87022506675, 10188121558292//435112533375, 1525903055608//87022506675, -648770855353//33470194875, -2186881331047//87022506675, -6700611428077//435112533375, -3341182887644//145037511125, -2182205597606//87022506675, -2991052712539//87022506675, -1942077874816//87022506675, 221718258926//17404501335, -9666430510267//33470194875, -17774181681839//435112533375, -17866919715787//87022506675, -88391070519244//145037511125, -23191695168646//87022506675, 411546048906019//435112533375, 105567399301771//87022506675, 192243114632059//145037511125, 281289506016562//435112533375, -129738321800611//87022506675, -9524337969323//29007502225, 114575487654814//87022506675, -9482125731056//5801500445, 49738803563414//33470194875, -491050350742717//435112533375, 19739794662617//29007502225, -47668890872342//145037511125, 369519366488//87022506675, 84866089310492//435112533375, -2876708290957//17404501335, 40129623325222//145037511125, -62145863214764//435112533375, 1308042097132//29007502225, -6159110517656//87022506675, 6244666675811//87022506675, -1014882032473//17404501335, 16900483241152//435112533375, -8832973159667//435112533375, 451772347558//87022506675, 553193247173//145037511125, -813546469781//87022506675, 4752087773402//435112533375, -667718075363//87022506675, 3185484015076//435112533375, -1288202005139//435112533375]
6; 2; 5; 12; 11; 1; 1; 5; 1; 1; [-13708//663325, -363806//765375, -3942176//9949875, -2279911//3316625, -2056401//3316625, 23043//26533, 113469//663325, 23646731//9949875, -23696911//9949875, 221987//1989975, -349322//397995, -1030846//663325, -3481464//663325, 2709572//663325, 107667103//9949875, 156656306//9949875, -25072322//9949875, -44371037//9949875, -6662111//132665, -15034007//663325, -973584601//9949875, 15618729//255125, -50083//975, 330568//132665, 17415894//663325, -75949387//1989975, 5728793//153075, -96371767//3316625, 66360721//3316625, -96282041//9949875, 18292234//9949875, 36119//79599, -2383994//397995, 8510782//9949875, -16590542//9949875, 500686//663325, -125233//79599, 3458938//1989975, -995211//663325, 423857//397995, -1963912//3316625, 762536//3316625, 470984//9949875, -656607//3316625, 78527//397995, -476107//1989975, 270039//3316625, -160909//3316625]
6; 2; 5; 12; 12; 1; 1; 6; 1; 1; [565904//4225, 3093486//21125, 1576628//21125, -4999356//21125, -2665302//4225, -1383848//1625, -12326757//21125, 5169204//21125, 22745617//21125, 1046174//845, 503721//845, -5878//13, -1436398//4225, -18744379//4225, -15727936//21125, 98369257//21125, 25356172//1625, 3724886//169, 26451023//1625, -115586343//21125, -729105794//21125, -5801743//125, -26277061//845, -33407//169, 3106400//169, -107183513//4225, 102350068//4225, -404297263//21125, 20286847//1625, -109777722//21125, 8650024//4225, 57336667//21125, -75891619//21125, 40609553//21125, -105360711//21125, 473926//845, -69138//65, 194061//169, -4111407//4225, 2857898//4225, -7979993//21125, 2772176//21125, 1184723//21125, -482757//4225, 3663787//21125, -3131834//21125, 1621938//21125, -2184746//21125]
6; 2; 5; 12; 9; 1; 1; 6; 1; 1; [23089234//63375, 29575217//63375, 26548453//63375, 2287178//21125, -51224428//63375, -132686012//63375, -24018712//12675, -3566359//21125, 53539061//63375, 2667934//2535, 12106433//12675, -5149171//4225, -11427918//4225, -300694933//21125, -365551807//63375, 96444294//21125, 1291410871//63375, 995528926//21125, 104202793//1625, 335055836//12675, -685092586//21125, -3220706131//63375, -37341209//845, -152323277//12675, 41277979//975, -656894474//12675, 2936905913//63375, -745899717//21125, 1359864386//63375, -172299139//21125, 50015708//21125, 497885611//63375, -14679577//2535, 338278006//63375, -486014783//63375, 3745288//2535, -28495378//12675, 9532041//4225, -23096711//12675, 75891373//63375, -13168652//21125, 10006076//63375, 3448151//21125, -5305187//21125, 7894097//21125, -3165403//12675, 10416886//63375, -9583148//63375]
6; 2; 5; 12; 3; 1; 1; 2; 1; 1; [-84915211//9949875, -3724522//765375, -2499633//663325, 45280344//3316625, 310158268//9949875, 69286482//3316625, 87357989//9949875, -174338822//9949875, -47350361//1989975, 47530282//1989975, 11140892//663325, -1554152//1989975, -15033262//132665, 1073531956//9949875, 76746402//3316625, 64876378//397995, -4524516437//9949875, -9658521403//9949875, -8368384976//9949875, -3946311359//9949875, 4546510704//3316625, 819718282//397995, 2494962772//1989975, 1169153866//1989975, -3064640692//1989975, 54705098//30615, -15746205167//9949875, 3843540186//3316625, -447236279//663325, 832554713//3316625, -80796018//3316625, -2219207723//9949875, 2255924968//9949875, -129652168//765375, 180286814//663325, -111486097//1989975, 52473188//663325, -153205958//1989975, 8038852//132665, -390553927//9949875, 63891366//3316625, -7292044//1989975, -62642536//9949875, 31705567//3316625, -38727531//3316625, 87593338//9949875, -51013004//9949875, 3430813//663325]
6; 2; 5; 12; 5; 1; 1; 9; 1; 1; [-1913851//3316625, -3683181//3316625, -20341463//9949875, -16856818//9949875, 14782024//9949875, 31944121//9949875, 10206234//3316625, 21307746//3316625, 35053336//9949875, -491158//397995, 195107//663325, 11563784//1989975, 20908798//1989975, 95089536//3316625, 242832643//9949875, 506867048//9949875, -34448229//3316625, -1277075054//9949875, -1345154246//9949875, -26639738//255125, -381652776//3316625, 392831714//9949875, 27337016//397995, 7973982//663325, -37335152//663325, 47636656//663325, -214453507//3316625, 39054188//765375, -94593887//3316625, 43913663//3316625, -68614547//9949875, -41749631//3316625, 16070618//3316625, -146561644//9949875, 31156754//3316625, -50533//26533, 2037608//663325, -6255374//1989975, 1715024//663325, -5689447//3316625, 3098753//3316625, -53844//255125, -142822//765375, 943456//3316625, -427121//765375, 977518//3316625, -3714304//9949875, 1902182//9949875]
6; 2; 5; 12; 8; 1; 1; 5; 1; 1; [-650004//3316625, -51638//663325, -3475547//9949875, -124391//397995, -160651//765375, 71468//153075, 6517932//3316625, 910773//663325, 292544//255125, 378311//397995, 946216//663325, -1672978//1989975, 561297//663325, 48273547//9949875, 469936//153075, -2504661//3316625, -2253037//663325, -85443872//9949875, -102736544//1989975, -194916542//3316625, -10357862//153075, 65600914//9949875, -3151142//397995, -85314217//1989975, 9803849//153075, -42305168//663325, 170423127//3316625, -22327743//663325, 56593657//3316625, -8366236//1989975, -15611977//3316625, 917596//153075, -2983932//255125, 9161981//1989975, -50541448//9949875, 209564//79599, -5900233//1989975, 1710546//663325, -3679631//1989975, 10626896//9949875, -263059//663325, -1287//19625, 48812//153075, -1377107//3316625, 221511//663325, -1117431//3316625, 47627//397995, -733738//9949875]
6; 2; 5; 12; 7; 1; 1; 9; 1; 1; [1628206//3316625, 64728//132665, 258161//132665, -241177//3316625, -10822458//3316625, -7049287//3316625, -14345917//3316625, -5794183//3316625, 185043//3316625, -4937238//663325, 35301//663325, -180954//132665, -3493988//663325, -51386311//3316625, -8689206//663325, -32302051//663325, 139783517//3316625, 373663088//3316625, 311618857//3316625, 44220009//255125, -234959772//3316625, -535072248//3316625, 60968547//663325, -70097659//663325, 12300888//132665, -44685583//663325, 127301522//3316625, -10441571//663325, -2604596//663325, 43397631//3316625, -2391512//255125, 59102591//3316625, -8360039//3316625, 10897784//3316625, -34066974//3316625, 2990758//663325, -2342086//663325, 60145//26533, -726357//663325, 597052//3316625, 235096//663325, -33688//51025, 2256336//3316625, -1448751//3316625, 1474061//3316625, -154554//3316625, -7266//3316625, -2066//19625]
6; 2; 5; 12; 3; 1; 1; 10; 1; 1; [105381773//9949875, 79450576//9949875, 3259159//3316625, -47453422//1989975, -31352434//765375, -357229697//9949875, 14746568//9949875, 67930734//3316625, 48276721//9949875, -100269848//1989975, -33488623//663325, 41221742//663325, 1978979//6123, -793073393//9949875, -1586764726//9949875, -3462574072//9949875, 945714613//1989975, 4931949684//3316625, 19037253397//9949875, 5828343502//9949875, -17150826482//9949875, -36746853391//9949875, -5981808743//1989975, 73856941//1989975, 1122634212//663325, -934565197//397995, 22759970821//9949875, -5996540461//3316625, 11419578914//9949875, -1082590753//1989975, 1741360996//9949875, 2647278851//9949875, -217660973//765375, 823612693//3316625, -1455153721//3316625, 100269353//1989975, -196629206//1989975, 16462973//153075, -12104362//132665, 639264371//9949875, -358839688//9949875, 40168298//3316625, 1626091//397995, -36581313//3316625, 54834887//3316625, -129246254//9949875, 85150654//9949875, -91641878//9949875]
6; 2; 5; 12; 12; 1; 1; 6; 2; 1; [39756//4225, 163606//21125, 27932//1625, 318742//21125, -235886//21125, -2052//325, -918064//21125, -1251163//21125, -606013//21125, -424404//4225, -181599//4225, -145003//4225, -513922//4225, -1411011//4225, -5156456//21125, -11032121//21125, 1523378//21125, 17961981//21125, 694641//845, 44644954//21125, 22656058//21125, 5191818//21125, 7434771//4225, -5704389//4225, 3553457//4225, -1645797//4225, 115787//4225, 248679//1625, -447891//1625, 5426684//21125, -3515867//21125, 734217//4225, 542177//21125, 1402874//21125, 575684//21125, 199449//4225, -106826//4225, 31573//4225, 17607//4225, -3431//325, 243697//21125, -227028//21125, 158559//21125, -5854//1625, 10029//4225, 42342//21125, -6926//21125, 38464//21125]
6; 2; 5; 12; 11; 1; 1; 2; 1; 1; [1632987//3316625, 839716//3316625, 1272629//3316625, -3235341//3316625, -811944//255125, -422621//132665, -8215687//3316625, 132401//132665, 16594514//3316625, 5657248//663325, 730707//132665, -8184//26533, -184154//663325, -62640547//3316625, 2561664//3316625, 46985246//3316625, 229725646//3316625, 333103262//3316625, 4871611//132665, -14788811//255125, -127383078//663325, -734969704//3316625, -131625257//663325, -2114963//132665, 281376//2041, -120428104//663325, 565454944//3316625, -437269923//3316625, 277849318//3316625, -117451042//3316625, 32054416//3316625, 2251576//132665, -88842159//3316625, 10534012//663325, -99651452//3316625, 2942872//663325, -1023392//132665, 215377//26533, -4484001//663325, 15360404//3316625, -8325663//3316625, 2622348//3316625, 1455978//3316625, -2959329//3316625, 11894//10205, -3488764//3316625, 375348//663325, -2049517//3316625]
6; 2; 5; 12; 9; 1; 1; 6; 2; 1; [28549//4875, 396947//4875, 911921//4875, 318533//975, 1692352//4875, 628846//4875, -1263268//4875, -246058//375, -1523664//1625, -176762//195, -167464//325, -356558//975, -883801//975, -2540513//1625, -21686627//4875, -33109036//4875, -534981//65, -14052802//4875, 45930269//4875, 107294068//4875, 138243889//4875, 125116522//4875, 2480461//195, -991769//325, -3152378//975, 2005938//325, -33186182//4875, 26909719//4875, -21057358//4875, 604563//325, -4359416//4875, 910172//4875, 8639819//4875, 569489//1625, 9785266//4875, -3183//65, 233432//975, -296887//975, 91392//325, -1049122//4875, 627119//4875, -317008//4875, -1882//975, 121099//4875, -159688//4875, 96578//1625, -40708//4875, 70647//1625]
6; 2; 5; 12; 3; 1; 1; 8; 1; 1; [709097//153075, -42331301//9949875, 8272116//3316625, 7981292//1989975, -8781898//1989975, 62404039//3316625, -36130927//3316625, -56124026//3316625, 131378161//9949875, -88042508//1989975, 14518333//663325, 4620412//397995, -78142679//1989975, -9889130//79599, 780885871//9949875, -1709193143//9949875, 301288157//1989975, 317842697//1989975, -4795483852//9949875, 6828861551//9949875, 1147249538//9949875, -703967971//9949875, 2641634392//1989975, -2511140206//1989975, 77804914//79599, -1236523909//1989975, 1204708//4225, -391241872//9949875, -1166550704//9949875, 364843543//1989975, -345491612//1989975, 1254961004//9949875, -684716482//9949875, 573855784//9949875, -59091041//3316625, 99366523//1989975, -22899978//663325, 7493482//397995, -4004197//663325, -1804458//663325, 23791306//3316625, -28091768//3316625, 599324//79599, -2100851//397995, 9252988//3316625, -2333789//3316625, 86718//3316625, 2617489//3316625]
6; 2; 5; 12; 2; 1; 1; 7; 1; 1; [-5349026//3316625, -206758//79599, -15002867//9949875, -21574276//9949875, -18875164//9949875, -250502//79599, -18825791//9949875, 14638363//1989975, 2832178//255125, 1438342//663325, -1054702//663325, 3068587//153075, 10259562//663325, 131298016//3316625, 108586306//1989975, 318455882//9949875, 380428076//9949875, -17863552//765375, -43195648//663325, -468114293//3316625, -359924236//1989975, -1219699394//3316625, -1250074//4225, 108321988//663325, -106421279//1989975, -12505658//663325, 200501698//3316625, -134140064//1989975, 212817967//3316625, -443165392//9949875, 20366969//765375, -28630184//1989975, -21917114//3316625, -2490607//1989975, -86766042//3316625, -2843407//663325, 44092//153075, 4192034//1989975, -2022182//663325, 780846//255125, -4710571//1989975, 5348452//3316625, -7571312//9949875, 526524//3316625, 104848//663325, -5172472//9949875, 182068//663325, -2244602//3316625]
6; 2; 5; 12; 12; 1; 1; 4; 1; 1; [54620529//105540500, -13743417//52770250, 22803587//105540500, 26285643//52770250, -2526937//10554050, 4440071//4059250, -261351401//105540500, -9158683//4059250, 9513501//26385125, -112107427//10554050, -552222//211081, 12958693//2110810, -18757747//1623700, -474793756//26385125, 387351186//26385125, -133280019//8118500, 826890009//105540500, 15005743//422162, -572058784//26385125, 12239802371//105540500, -257022541//52770250, 4635493951//105540500, 2164960609//5277025, -175521923//1055405, -8532691//1055405, 2270418899//21108100, -3842831263//26385125, 3653588558//26385125, -11344412631//105540500, 7193636107//105540500, -639726447//21108100, 101421648//26385125, 451281707//26385125, -1025348763//52770250, 2291813923//105540500, 25630997//10554050, 7176477//2110810, -496998//81185, 137197371//21108100, -288784891//52770250, 199994491//52770250, -54784549//26385125, 17658053//26385125, 3275343//10554050, -3211083//4059250, 106208693//105540500, -42843903//52770250, 33213659//52770250]
6; 2; 5; 12; 11; 1; 1; 10; 1; 1; [-185222//663325, -8110689//3316625, -5043474//663325, -38193813//3316625, -37467192//3316625, -8751097//3316625, 7850721//663325, 98545879//3316625, 137757624//3316625, 16180478//663325, 16108281//663325, 5154231//663325, 841168//26533, 495753//10205, 589270889//3316625, 36482468//132665, 1042308233//3316625, 161834487//3316625, -1159382803//3316625, -618408319//663325, -3851228764//3316625, -3770219519//3316625, -102050797//663325, -10398153//51025, 248133141//663325, -52688088//132665, 223658119//663325, -744250763//3316625, 92770313//663325, -90214051//3316625, -47615544//3316625, 103483776//3316625, -64827821//663325, -10168592//3316625, -1725473//19625, 9706407//663325, -11990296//663325, 11000169//663325, -1647849//132665, 5077583//663325, -10491018//3316625, 268556//663325, 6495674//3316625, -611448//255125, 6957686//3316625, -71600//26533, 830708//3316625, -5269167//3316625]
6; 2; 5; 12; 8; 1; 1; 2; 1; 1; [3454418//3316625, 4706928//3316625, 2943684//3316625, -688763//663325, -925778//255125, -16879641//3316625, -13442259//3316625, 3668033//3316625, 21160493//3316625, 4507158//663325, 278472//132665, -4036267//663325, -610151//663325, -120729133//3316625, -70839078//3316625, 36458606//3316625, 56727908//663325, 469009429//3316625, 389345611//3316625, -423627//255125, -675387708//3316625, -78738376//255125, -137163987//663325, -495737//10205, 124297733//663325, -153670201//663325, 696988166//3316625, -40764673//255125, 323189343//3316625, -25316606//663325, 2125529//255125, 89783673//3316625, -103832363//3316625, 5461322//255125, -126902414//3316625, 4288792//663325, -1331526//132665, 6729977//663325, -5458794//663325, 18141856//3316625, -9479989//3316625, 2480918//3316625, 463834//663325, -3898058//3316625, 5080463//3316625, -4082473//3316625, 2314446//3316625, -2510314//3316625]
6; 2; 5; 12; 9; 1; 1; 4; 1; 1; [41472459//26385125, 46489831//10554050, 792740641//105540500, 540354679//105540500, 25732683//52770250, -173893968//26385125, -261233971//21108100, -1344179883//105540500, -74296371//4059250, -188978307//10554050, -215448927//10554050, -200712664//5277025, -109993292//5277025, -2670194893//52770250, -125062956//1055405, -5065888629//26385125, -4466700447//52770250, 599696469//4059250, 13673346718//26385125, 14353809943//21108100, 4143320281//8118500, 41553853191//105540500, -361598376//5277025, -694257926//5277025, 2306212127//10554050, -4856621063//21108100, 19751852937//105540500, -710642561//5277025, 6369064197//105540500, -49493686//2029625, -522759793//105540500, 1359633244//26385125, -2710443//2110810, 5411946859//105540500, -263956437//105540500, 92410657//10554050, -110904663//10554050, 49617954//5277025, -73797651//10554050, 436603707//105540500, -38841953//21108100, -744883//4059250, 101736863//105540500, -68496809//52770250, 95675643//52770250, -2585086//5277025, 59282617//52770250, 14039//2029625]
6; 2; 5; 12; 6; 1; 1; 7; 1; 1; [1249471//765375, 142822//397995, 22633736//9949875, 13104417//3316625, 43690878//3316625, 361093534//9949875, 625916758//9949875, 724723574//9949875, 256163559//3316625, 40884456//663325, 34910559//663325, 155071759//1989975, 141238841//1989975, -167608446//3316625, -182058676//1989975, -1033605337//3316625, -4385317996//9949875, -5577473494//9949875, -11019539974//9949875, -19617813508//9949875, -22799694149//9949875, -20765724752//9949875, -3940812//4225, 126540834//663325, 568915679//1989975, -329821093//663325, 1747159142//3316625, -296008762//663325, 2894601712//9949875, -1847417578//9949875, 89405606//3316625, -263444212//9949875, -1518431714//9949875, -298819592//9949875, -1593026366//9949875, 3672969//663325, -39105362//1989975, 48074756//1989975, -14504677//663325, 54171172//3316625, -19948504//1989975, 39787732//9949875, -5045743//9949875, -27607732//9949875, 22966298//9949875, -16120118//3316625, 1816146//3316625, -11317517//3316625]
6; 2; 5; 12; 11; 1; 1; 8; 1; 1; [296//125, -15421//21125, 9923//4225, -4188//4225, -15694//4225, 102286//21125, -101794//21125, 67571//21125, -12926//21125, -126004//4225, 41424//4225, -57093//4225, -131529//4225, -1117339//21125, 951631//21125, -264734//4225, 537827//4225, 248201//4225, -1900101//21125, 4783264//21125, -5449986//21125, 7351686//21125, 2826611//4225, -3365941//4225, 3016747//4225, -2231719//4225, 6594893//21125, -15963//125, -986//169, 360193//4225, -446486//4225, 2108372//21125, -1493403//21125, 847092//21125, -189032//21125, 145669//4225, -116114//4225, 76153//4225, -38196//4225, 41503//21125, 52588//21125, -19498//4225, 4227//845, -3446//845, 59122//21125, -29398//21125, 6442//21125, 10353//21125]
6; 2; 5; 12; 10; 1; 1; 7; 1; 1; [-7772792//3316625, -17430833//3316625, 14405448//3316625, -7557811//3316625, 32473986//3316625, -5405524//3316625, -71482283//3316625, 47950307//3316625, 13616383//3316625, 4138062//132665, 26684058//663325, -43084682//663325, 23367963//663325, 162554047//3316625, 407933603//3316625, 28272477//3316625, 256080856//3316625, -1855225491//3316625, 10339929//3316625, 782585073//3316625, -236689447//3316625, 2373004297//3316625, -1428441//845, -412248407//663325, 1222328548//663325, -1454330387//663325, 6530403991//3316625, -368421657//255125, 2871869191//3316625, -1171883142//3316625, -111996268//3316625, 726418522//3316625, -953594521//3316625, 937483754//3316625, -631411759//3316625, 8742706//132665, -63783818//663325, 62953957//663325, -50162778//663325, 164733041//3316625, -81890791//3316625, 18337376//3316625, 22612348//3316625, -43231888//3316625, 44681432//3316625, -37011111//3316625, 26040074//3316625, -956768//255125]
6; 2; 5; 12; 12; 1; 1; 3; 1; 1; [5244083638//145037511125, -41515431569//145037511125, 36584487398//145037511125, -120402670426//145037511125, -200388306//3372965375, -69071173194//145037511125, -129154303584//145037511125, 109374985648//145037511125, -286630015943//145037511125, 14696460228//29007502225, -19804753008//29007502225, 1466652778//5801500445, 162804685357//29007502225, -1074883915613//145037511125, 2833944019139//145037511125, -1172926310598//145037511125, 3438051085166//145037511125, 2400460001223//145037511125, -498475315421//145037511125, 4657843311884//145037511125, -6161799931938//145037511125, 4198552769668//145037511125, 37529155791//2231346325, -2552114285213//29007502225, 650104676032//5801500445, -3012304012883//29007502225, 11423931024196//145037511125, -6992362248003//145037511125, 3146115178541//145037511125, -139869568352//145037511125, -1339606803196//145037511125, 2154944210212//145037511125, -1963397474253//145037511125, 1467801264751//145037511125, -966171103606//145037511125, 139546545497//29007502225, -143899435842//29007502225, 23647819899//5801500445, -80048880462//29007502225, 211048393706//145037511125, -58307491498//145037511125, -39990538374//145037511125, 92196046823//145037511125, -98921115736//145037511125, 87578294562//145037511125, -59257349233//145037511125, 31211817066//145037511125, -10197869666//145037511125]
6; 2; 5; 12; 2; 1; 1; 12; 1; 1; [170197//63375, 1783//21125, 147634//63375, 11693//63375, -244264//63375, 7653//4225, -209526//21125, -152576//12675, -68702//4875, -126574//4225, -8663//4225, -36056//975, -293113//12675, -1389374//21125, -569689//63375, -6229334//63375, 7375397//63375, 248266//1625, 37238//2535, 8057606//21125, 3556988//12675, 36117791//63375, 1647616//4225, -3005198//4225, 3194144//4225, -2692866//4225, 27774824//63375, -15334832//63375, 4680628//63375, 2350721//63375, -402781//4875, 1345997//12675, -1623762//21125, 41486//507, -321209//21125, 145289//4225, -30712//975, 299198//12675, -61109//4225, 30328//4875, -6624//21125, -209492//63375, 300301//63375, -280328//63375, 45949//12675, -42942//21125, 5952//4225, 15098//63375]
6; 2; 5; 12; 8; 1; 1; 10; 1; 1; [-359157//3316625, -262822//255125, -10827316//3316625, -15409978//3316625, -16341852//3316625, -3684732//3316625, 13628988//3316625, 50180862//3316625, 9809608//663325, 10586176//663325, 399597//51025, 9799637//663325, 6828106//663325, 81116357//3316625, 242329686//3316625, 421536961//3316625, 394176173//3316625, 52066532//3316625, -518715833//3316625, -1147351298//3316625, -1747522357//3316625, -2794894//10205, -108277769//663325, 103192541//663325, -78985453//663325, 50522426//663325, -113403094//3316625, 27322213//3316625, 64451723//3316625, -54427131//3316625, 5858767//255125, -83689209//3316625, -11443839//3316625, -100361741//3316625, -7082386//663325, -24014//3925, 2807924//663325, -1512217//663325, 483699//663325, 1175266//3316625, -2712182//3316625, 3760738//3316625, -2676981//3316625, 2244621//3316625, -1738519//3316625, -462659//3316625, -1457736//3316625, -225527//663325]
6; 2; 5; 12; 9; 1; 1; 3; 1; 1; [18819938919//29007502225, 123839837653//145037511125, 29029636704//29007502225, 70233106946//145037511125, -20974201606//145037511125, -241604573871//145037511125, -622808982649//145037511125, -260008690516//145037511125, -161687283748//145037511125, -62330854232//29007502225, -53360869209//29007502225, -313830854716//29007502225, -205342867294//29007502225, -661347854237//29007502225, -3385730779803//145037511125, -197240413421//29007502225, 6585796781829//145037511125, 8069470488751//145037511125, 11865959234581//145037511125, 18958887552029//145037511125, 4064279165571//145037511125, -1521516933202//145037511125, -1575435293657//29007502225, -1635393330709//29007502225, 3160476454294//29007502225, -3457589951929//29007502225, 580399088738//5801500445, -10443581858199//145037511125, 1138587000921//29007502225, -1672581406493//145037511125, -237224624307//145037511125, 2516613031578//145037511125, -1531440620053//145037511125, 2346014570083//145037511125, -1674083992016//145037511125, 122333564467//29007502225, -155659468546//29007502225, 144169675451//29007502225, -649942389//171642025, 67434161216//29007502225, -155341585614//145037511125, 513592292//5801500445, 5783794729//11156731625, -2265214344//3372965375, 114174797738//145037511125, -67306050818//145037511125, 58724803178//145037511125, -29304388801//145037511125]
6; 2; 5; 12; 4; 1; 1; 11; 1; 1; [-3129233//255125, -281606771//9949875, -228082717//9949875, -78229954//9949875, -145136156//9949875, -278504269//9949875, 60901338//3316625, 393295163//3316625, 92148813//663325, 53538318//663325, 16041947//132665, 573125668//1989975, 328755391//1989975, 1052437004//3316625, 8382061211//9949875, 7350637027//9949875, -724255842//3316625, -8516274814//9949875, -5309537546//9949875, -11377657064//9949875, -13930247898//3316625, -11377543771//1989975, -1657879072//663325, 191381482//132665, -347403344//663325, -55520508//663325, 1500233957//3316625, -5128079392//9949875, 1810218857//3316625, -1319744766//3316625, 2001442078//9949875, -1303653863//9949875, -428617612//9949875, -465505289//3316625, -663384469//1989975, -26147003//663325, 2402684//397995, 29767142//1989975, -15707697//663325, 81976677//3316625, -192047642//9949875, 46976162//3316625, -72635668//9949875, 12577348//9949875, 9104437//9949875, -40112257//9949875, -514884//3316625, -1044001//132665]
6; 2; 5; 12; 5; 1; 2; 11; 1; 1; [-360660281//9949875, -190009949//1989975, -476000924//9949875, -4626044//132665, -237995636//3316625, -775326958//9949875, 40898899//3316625, 716692192//3316625, 5093581138//9949875, 209283586//397995, 187957712//663325, 272601577//397995, 675204938//663325, 12063132911//9949875, 335947797//132665, 11737597954//9949875, 1049181059//1989975, -431211083//255125, -27317069797//9949875, -14997270097//9949875, -77907562676//9949875, -236285631418//9949875, -516635235//26533, 12766954961//1989975, 329628799//132665, -14069076941//1989975, 2164744202//255125, -14780831467//1989975, 55754653297//9949875, -2177335037//663325, 4243932023//3316625, -817954466//9949875, -9093254501//9949875, 7879086517//9949875, -21620965034//9949875, -3852543//132665, -506558716//1989975, 147486523//397995, -55652323//153075, 964743616//3316625, -373344719//1989975, 950396732//9949875, -3096793//153075, -275403676//9949875, 152587678//3316625, -175801187//3316625, 122240354//3316625, -503171989//9949875]
6; 2; 5; 12; 8; 1; 1; 8; 1; 1; [1786606//3316625, 3020777//3316625, -3176493//3316625, 3307787//3316625, -3274564//3316625, 3223342//3316625, -15684397//3316625, 27894396//3316625, -32554269//3316625, -88012//26533, 443868//132665, -63904//3925, 5593867//663325, -142871246//3316625, 51149463//3316625, 37870088//3316625, -119784347//3316625, 185854089//3316625, -109639562//3316625, 359909657//3316625, -865165961//3316625, 8989571//19625, -17123468//132665, -4787932//132665, 82464324//663325, -100665788//663325, 221207//1625, -338890026//3316625, 208308239//3316625, -93397731//3316625, 10283287//3316625, 43534319//3316625, -51936564//3316625, 27145192//3316625, 16573157//3316625, 578896//132665, -67556//10205, 4392756//663325, -3540417//663325, 11645287//3316625, -5959641//3316625, 1512864//3316625, 1333429//3316625, -2689293//3316625, 3016749//3316625, -2345949//3316625, 1129292//3316625, 250967//3316625]
6; 2; 5; 12; 6; 1; 1; 12; 1; 1; [57710428//9949875, 90230864//9949875, 3989968//1989975, 8897549//765375, 183539936//9949875, 18592//30615, 8736041//765375, 301055666//9949875, -23634253//1989975, -75053768//1989975, -4491286//663325, -5760862//1989975, -1627264//26533, -2414785063//9949875, -1804480244//9949875, 13062631//1989975, -1381759029//3316625, -2508315016//9949875, 1456489//4225, -839804851//3316625, -43009984//255125, 30069742//26533, 1647925987//1989975, -649942003//1989975, -59921242//1989975, 18166160//79599, -3119196884//9949875, 917235811//3316625, -514421//2355, 1180752229//9949875, -248451106//3316625, 47038309//1989975, 141897391//9949875, -477396713//9949875, 183495866//1989975, 8644648//1989975, 14847688//1989975, -25640143//1989975, 356919//26533, -113712904//9949875, 75051823//9949875, -2745826//663325, 9094294//9949875, 4299337//9949875, -2668009//1989975, 5543347//3316625, -18012148//9949875, 1444514//663325]
