7; 4; 9; 5; 6; 1; 1; 12; 1; 1; [-45041//223925, 884711//3358875, 181257//223925, 94859//223925, 3271186//3358875, 8919262//3358875, 108243//223925, -1179619//671775, 109032//86125, -1706836//671775, -728573//223925, -54956//51675, -1927654//223925, -1742666//671775, -24468907//1119625, -8390943//223925, -17941381//671775, -8839772//258375, -200394112//3358875, 10464729//223925, 61981253//671775, -36723428//3358875, 56522864//671775, -1003234//671775, -31647418//671775, 44046263//671775, -2872122//44785, 165798052//3358875, -23012201//671775, 1966997//134355, -91327//19875, -8612707//1119625, 7249064//671775, -3317039//671775, 23824486//3358875, -942359//671775, 142238//51675, -672534//223925, 571174//223925, -31028//17225, 3316717//3358875, -10228//26871, -27829//223925, 1053682//3358875, -522927//1119625, 280042//671775, -135482//671775, 538006//3358875]
7; 4; 9; 5; 10; 1; 1; 12; 1; 1; [-15901//21125, -2839//4225, -492//4225, -41936//21125, -33136//21125, 257//169, 38197//21125, 89//65, 1197//169, 2872//325, -18//845, 35819//4225, 35819//4225, 632581//21125, 35567//4225, 703//325, 975216//21125, -454984//21125, -391047//4225, -1411597//21125, -524996//4225, -86796//325, -334049//4225, 162701//845, -930031//4225, 819454//4225, -2929312//21125, 5323//65, -10229//325, -2464//1625, 472318//21125, -145377//4225, 533799//21125, -115216//4225, 6072//4225, -41296//4225, 1592//169, -31089//4225, 20016//4225, -47492//21125, 133//325, 3234//4225, -26437//21125, 28013//21125, -5033//4225, 14839//21125, -2164//4225, -452//4225]
7; 4; 9; 5; 5; 1; 1; 7; 1; 1; [-220772614//265351125, -352158503//265351125, -100910302//53070225, 730633//3538015, 560781304//265351125, 1064002786//265351125, 25591667//17690075, -669801941//265351125, -1835263//1570125, 12311142//3538015, 47608337//3538015, 1464101//163293, -49686691//17690075, 1269480494//265351125, 1020388041//88450375, 774893024//17690075, 88242457//10614045, -292860461//6803875, -48670558006//265351125, -7489301483//53070225, -8278032569//265351125, 34178614897//265351125, 501451296//3538015, -349137926//10614045, -75157517//2122809, 3657684422//53070225, -19798654658//265351125, 5666040348//88450375, -2258048164//53070225, 267019661//10614045, -212480914//20411625, -971873186//88450375, 23632868//10614045, -1042910819//88450375, 1345004217//88450375, -1139927//2122809, 2186656//816465, -7157692//2122809, 55356391//17690075, -48384346//20411625, 130890648//88450375, -10955648//17690075, 223261//3538015, 23615791//88450375, -53957466//88450375, 5851748//17690075, -34348344//88450375, 92602811//265351125]
7; 4; 9; 5; 4; 1; 1; 5; 1; 1; [33//25, 41//375, 912//1625, -2513//4875, -2462//1625, -296//75, -3214//1625, -47459//4875, -80273//4875, -562//75, -3369//325, -6183//325, -4818//325, -2049//65, -52063//4875, -127526//4875, 246568//4875, 544841//4875, 92453//975, 22564//1625, 1849334//4875, 1820213//4875, -59131//975, -37539//325, 62877//325, -65973//325, 161771//975, -186473//1625, 291947//4875, -77666//4875, -8394//1625, 28319//975, -45013//1625, 205022//4875, -1717//1625, 2512//325, -9038//975, 2703//325, -2007//325, 3577//975, -7549//4875, -178//4875, 4664//4875, -5662//4875, 1259//975, -1518//1625, 1514//1625, 134//4875]
7; 4; 9; 5; 7; 1; 1; 7; 1; 1; [136640382//88450375, 1166092//1119625, 71524836//88450375, 60479543//88450375, -308486972//88450375, -93762719//17690075, -46136426//88450375, -77075072//88450375, -85638874//17690075, -107716286//17690075, -34360353//3538015, -42795058//3538015, 17801106//17690075, -2644518072//88450375, 211492432//88450375, -3403269511//88450375, -2013151058//88450375, 12744569527//88450375, 606720702//3538015, 6361516106//88450375, 7511540732//88450375, -563943389//17690075, -3515994116//17690075, -257656686//3538015, 760498582//3538015, -4535042394//17690075, 20219713479//88450375, -14988773694//88450375, 8805471412//88450375, -3790014734//88450375, 497062006//88450375, 45333601//1360775, -2793965462//88450375, 3296636186//88450375, -486338571//17690075, 135857151//17690075, -39790396//3538015, 39238678//3538015, -156498336//17690075, 511332399//88450375, -256657859//88450375, 54536782//88450375, 67865481//88450375, -118835469//88450375, 30443061//17690075, -112078092//88450375, 88293276//88450375, -1901782//3538015]
7; 4; 9; 5; 2; 1; 1; 6; 1; 1; [26067073541//12427393875, 1815985802//12427393875, -590127922//955953375, 8940301783//12427393875, 303277042//165698585, -2739299746//2485478775, -74139444814//12427393875, -64296699616//12427393875, -11641331778//4142464625, 1729982018//828492925, -7097609599//828492925, -30647522078//2485478775, 14520868359//828492925, -274431706587//4142464625, -136802970952//12427393875, 452238364651//12427393875, 468979479092//12427393875, 6345334708//828492925, 1198374409//99419151, 634307404388//4142464625, 2743138810051//12427393875, 2471375753689//12427393875, -326125380387//828492925, -129106950849//828492925, 1101932602852//2485478775, -433881286191//828492925, 1928672728159//4142464625, -1428598714497//4142464625, 855226983951//4142464625, -1018424447614//12427393875, -2259800457//828492925, 132677174392//2485478775, -266955824171//4142464625, 323862028771//4142464625, -546292268123//12427393875, 13201905252//828492925, -19093267906//828492925, 56277923033//2485478775, -14895373304//828492925, 48500517129//4142464625, -72741264001//12427393875, 5354231776//4142464625, 6954308782//4142464625, -2490753973//828492925, 8019592234//2485478775, -31983762368//12427393875, 25681543598//12427393875, -3563526821//4142464625]
7; 4; 9; 5; 5; 1; 1; 12; 1; 1; [12295822//3358875, 14278937//3358875, 20909054//3358875, 4909891//1119625, 478//63375, -6570311//671775, -49544962//3358875, -24878938//3358875, -1997891//86125, -9200234//671775, -7812744//223925, -494171//17225, -11801599//223925, -137128544//1119625, -247852727//3358875, -474587194//3358875, 8473652//3358875, 38298562//258375, 375502268//671775, 1592452982//3358875, 1464361663//3358875, 646717763//1119625, -41470514//671775, 41248786//223925, -49959763//223925, 44092981//223925, -513053261//3358875, 284740264//3358875, -144319372//3358875, -1443934//3358875, 570197//19875, -128926//26871, 169423516//3358875, -9589696//3358875, 45543819//1119625, -2177312//223925, 38098//3975, -1724132//223925, 1119909//223925, -681127//258375, 1721009//3358875, 1854338//3358875, -4246249//3358875, 5002268//3358875, -453034//671775, 4061861//3358875, -242006//3358875, 719599//1119625]
7; 4; 9; 5; 3; 1; 1; 9; 1; 1; [-35772//21125, -195604//63375, -93931//63375, -102173//63375, -80004//21125, -58506//21125, -96353//12675, -301318//21125, -15263//1625, -41452//12675, -3021//169, -19067//975, -438319//12675, -411113//21125, 2384164//63375, 188927//21125, -810304//21125, -188806//4875, -2938609//21125, -416617//2535, 1847498//21125, 11402942//63375, -1849537//12675, 51527//845, -22921//12675, -152808//4225, 3014948//63375, -2871083//63375, 2368648//63375, -541492//21125, 16054//1625, -180042//21125, -140719//12675, 656047//63375, 92666//63375, -4356//4225, -68//65, 25451//12675, -9442//4225, 9076//4875, -81658//63375, 47278//63375, -18266//63375, -6829//63375, 2818//21125, -5648//12675, 22312//63375, -1098//21125]
7; 4; 9; 5; 6; 1; 1; 6; 1; 1; [-54719758//955953375, 126932373//63730225, 71268886//24511625, 1798219681//955953375, -245428888//955953375, 417900722//191190675, 594544416//318651125, -7214350537//955953375, -11603151152//955953375, -1219546738//191190675, -108774579//12746045, -17800489//980465, -5495959399//191190675, 857853283//955953375, -3532068909//63730225, -25258607723//318651125, -44513328211//955953375, 24757585206//318651125, 4188843059//63730225, 19906642404//318651125, 244924952132//955953375, 11525849458//24511625, 72092738657//191190675, -538788463//38238135, -7684811941//38238135, 54268114726//191190675, -88783797137//318651125, 1665832427//7647627, -140443103747//955953375, 65410387897//955953375, -10456912316//955953375, -1144814964//63730225, 38446342151//955953375, -8926293578//318651125, 52070395126//955953375, -1115225437//191190675, 11619536//980465, -499153949//38238135, 710338398//63730225, -2516649457//318651125, 842113556//191190675, -1574064262//955953375, -419281898//955953375, 489252213//318651125, -13359392//7647627, 124787932//73534875, -321973588//318651125, 7002313//6088875]
7; 4; 9; 5; 7; 1; 1; 12; 1; 1; [414074//1119625, 914863//1119625, -122058//223925, 528611//1119625, 2504322//1119625, 469954//1119625, -2117//3445, 1721721//1119625, -5343891//1119625, -671272//44785, -1813563//223925, -606254//223925, -1141784//223925, -553183//86125, -7273733//1119625, 2808562//223925, -66574481//1119625, -66935967//1119625, 74837401//1119625, 4395111//44785, 135141674//1119625, 387788501//1119625, 14717291//44785, -25622413//223925, -7476584//223925, 25095431//223925, -152826047//1119625, 137850101//1119625, -20434407//223925, 59121917//1119625, -29386646//1119625, 3800923//1119625, 788317//44785, -14523298//1119625, 37597613//1119625, 37091//44785, 879078//223925, -1329441//223925, 1328049//223925, -5350357//1119625, 3536076//1119625, -71614//44785, 382202//1119625, 381334//1119625, -798457//1119625, 8267//8957, -685118//1119625, 894148//1119625]
7; 4; 9; 5; 4; 1; 1; 2; 1; 1; [1941927088//60020962625, 26593694216//180062887875, 45272553022//60020962625, 302696613659//180062887875, 538930157114//180062887875, 925982628331//180062887875, 534398014923//60020962625, 2486591109739//180062887875, 72367361766//4616997125, 440264311688//36012577575, 99638379327//12004192525, 5448196849//554039655, 14806415554//1440503103, 365319224807//60020962625, -183068798462//60020962625, -2454644204017//60020962625, -16038640905574//180062887875, -1750367794768//13850991375, -31592945913631//180062887875, -46855984497229//180062887875, -53789693034529//180062887875, -38316375058904//180062887875, -14643384271//229379475, 302029555967//12004192525, 25313016689//7202515515, -8728287423//480167701, 4377612413248//180062887875, -4069263251623//180062887875, 918014851079//60020962625, -2654210417212//180062887875, -11890523014//13850991375, -1526267036923//180062887875, -2501792975087//180062887875, -1860305480002//180062887875, -2320053275522//180062887875, -3577784011//12004192525, -1678859602//2770198275, 7466415299//7202515515, -508587017//480167701, 12287056766//13850991375, -108715270813//180062887875, 17134330984//60020962625, -30748257302//180062887875, -9781198829//60020962625, -3401470153//180062887875, -67003901312//180062887875, -7470196514//60020962625, -16621291819//60020962625]
7; 4; 9; 5; 10; 1; 1; 6; 1; 1; [-3038701111//4142464625, -4021843179//4142464625, 28780723//828492925, -6531287059//4142464625, -7476444696//4142464625, -2082620771//4142464625, 3698659917//828492925, 9153930352//4142464625, 359368079//63730225, 4034646734//828492925, 6374042763//828492925, 4781492952//828492925, 5792426229//828492925, 107425374176//4142464625, 106964949479//4142464625, -11456415693//828492925, 101826958994//4142464625, 16795822321//4142464625, -122778683134//4142464625, -98021694899//828492925, -631147688837//4142464625, -203040511729//828492925, -62982585226//828492925, 7933921856//63730225, -105540957368//828492925, 86999033594//828492925, -288669606172//4142464625, 159525848082//4142464625, -9269932299//828492925, -24606272118//4142464625, 66650743318//4142464625, -79823727912//4142464625, 8475556762//828492925, -74920217576//4142464625, -3869885843//828492925, -4857980909//828492925, 4339046592//828492925, -20219096//5277025, 1890302121//828492925, -3734576972//4142464625, -83520898//4142464625, 483068986//828492925, -3223960143//4142464625, 3169164023//4142464625, -2550630222//4142464625, 227274786//828492925, -1272974816//4142464625, -150909789//828492925]
7; 4; 9; 5; 11; 1; 1; 9; 1; 1; [-68//4225, -43506//21125, -24266//21125, 3404//21125, 606//325, -698//845, 121437//21125, 278812//21125, 347014//21125, 77808//4225, 59646//4225, 113462//4225, 143267//4225, 70903//4225, 1782836//21125, 1629476//21125, 648156//21125, -58901//845, 77693//4225, -1923757//21125, -5488427//21125, -623408//1625, -1110867//4225, -98119//4225, 791872//4225, -1024513//4225, 974169//4225, -3649047//21125, 2420063//21125, -1054022//21125, 14234//4225, 91148//4225, -774091//21125, 34453//1625, -933502//21125, 25477//4225, -43846//4225, 46133//4225, -2934//325, 26319//4225, -69202//21125, 23098//21125, 11563//21125, -5822//4225, 6502//4225, -30036//21125, 15934//21125, -19017//21125]
7; 4; 9; 5; 4; 1; 1; 10; 1; 1; [67637028//175781125, -276263379//175781125, -85974443//105468675, -120991873//175781125, -399672776//105468675, -2206804696//527343375, 88323991//527343375, -191559996//175781125, -48356154//13521625, 44015552//7031245, 143888347//35156225, -37209353//2704325, -450060466//105468675, -1324818784//527343375, 12323689639//175781125, 2159116847//105468675, 5420750373//175781125, 743443702//8112975, -13014917884//527343375, -465923599//3316625, 22157877608//527343375, 23788963411//527343375, -2313928312//7031245, -6103951864//105468675, 9529062681//35156225, -36145306696//105468675, 166890661328//527343375, -124644821074//527343375, 15696092263//105468675, -33918547373//527343375, 25105657//2704325, 15791375338//527343375, -27607333178//527343375, 25080322724//527343375, -18179940647//527343375, 193139468//21093735, -119639272//8112975, 1592746282//105468675, -434830998//35156225, 338536216//40564875, -2278378549//527343375, 26079706//21093735, 465130847//527343375, -191363542//105468675, 369754226//175781125, -1035095858//527343375, 13477208//9949875, -378256052//527343375]
7; 4; 9; 5; 12; 1; 1; 11; 1; 1; [-531426//1119625, -693864//1119625, 1331887//1119625, 1231703//1119625, 2258358//1119625, 193902//223925, -3671871//1119625, -2595612//1119625, -745748//223925, 305338//44785, 2401224//223925, -189022//223925, -293951//44785, -1906348//86125, 13386214//1119625, -21844867//1119625, 4748352//1119625, -9826208//1119625, -9164254//223925, 31436751//1119625, -47554798//1119625, 30349572//223925, -42608//3445, -29697376//223925, 42918068//223925, -1688269//8957, 166036008//1119625, -108535688//1119625, 53091449//1119625, -11305394//1119625, -15900539//1119625, 5202567//223925, -28498802//1119625, 1767972//86125, -2110622//223925, 356246//44785, -1966494//223925, 1692452//223925, -240441//44785, 3380238//1119625, -1212193//1119625, -299276//1119625, 1103131//1119625, -105208//86125, 4547//4225, -906682//1119625, 530066//1119625, -28//265]
7; 4; 9; 5; 2; 1; 1; 4; 1; 1; [2353024//79155375, -351098587//79155375, -73572137//26385125, 6419553//26385125, -67879652//15831075, -62276933//15831075, -374078153//79155375, 46000587//5277025, 1708348424//79155375, -106372456//15831075, 45687978//5277025, 194221142//5277025, 165645892//15831075, -174068779//79155375, 11029107767//79155375, 2348322462//26385125, 366909772//26385125, -187747334//3166215, -82281703//1055405, 15083004913//79155375, -6854363063//15831075, -1653504076//2029625, 400036709//15831075, -1726889401//15831075, 2191379666//15831075, -1984451518//15831075, 2499673851//26385125, -4112743099//79155375, 2348058188//79155375, -81209072//79155375, -80578352//5277025, 78476347//5277025, -251528097//26385125, -3255410//633243, -282620164//6088875, 93403306//15831075, -31712028//5277025, 78120139//15831075, -17348619//5277025, 45279231//26385125, -27375674//79155375, -21975632//79155375, 61086608//79155375, -364253//405925, 10531037//15831075, -9460907//26385125, -1150936//15831075, -63735397//79155375]
7; 4; 9; 5; 8; 1; 1; 9; 1; 1; [17613//21125, 22967//21125, 13343//4225, 1753//325, 141776//21125, 246833//21125, 265669//21125, 32306//1625, 522452//21125, 482//25, 91293//4225, 12899//845, 64339//4225, -201458//21125, -123267//21125, -232918//4225, -18112//325, -1540021//21125, -2709688//21125, -840279//21125, -4615738//21125, -3499987//21125, -179212//4225, -301442//4225, 21293//169, -552806//4225, 2301776//21125, -1592436//21125, 160561//4225, -63384//4225, -201878//21125, 212756//21125, -32824//1625, 133316//21125, -408401//21125, 21017//4225, -25288//4225, 4604//845, -17019//4225, 304//125, -21921//21125, -144//4225, 451//845, -18493//21125, 1102//1625, -13812//21125, 4496//21125, -7116//21125]
7; 4; 9; 5; 9; 1; 1; 11; 1; 1; [261942//1119625, 224701//1119625, 1824484//1119625, 2304694//1119625, 47204//17225, 1367894//1119625, 160637//223925, -8902184//1119625, -2650038//1119625, -109996//8957, -19635//8957, -2631684//223925, -6133576//223925, -12133607//1119625, -38626401//1119625, -13979079//1119625, -71121214//1119625, -10240114//223925, 15248411//1119625, 94089//44785, 481499679//1119625, 197526183//1119625, 20068759//44785, 966881//44785, -65185384//223925, 87011614//223925, -416057976//1119625, 320239667//1119625, -205268517//1119625, 93193678//1119625, -3403848//223925, -2688169//86125, 11598061//223925, -37655583//1119625, 57694149//1119625, -409508//44785, 738228//44785, -3926971//223925, 3286401//223925, -877512//86125, 6193787//1119625, -2017022//1119625, -899927//1119625, 456511//223925, -2721527//1119625, 487602//223925, -1374328//1119625, 1227149//1119625]
7; 4; 9; 5; 4; 1; 1; 8; 1; 1; [46462813//527343375, 194829833//527343375, 349056969//175781125, 928623959//527343375, -16714742//35156225, -699298448//527343375, -841367398//527343375, -694502716//175781125, -16925472//13521625, 202339648//105468675, -223461962//35156225, -128261648//8112975, -131671913//35156225, 967163399//175781125, 799170599//175781125, -19096181972//527343375, -8602464434//527343375, 161933062//8112975, 10818529303//527343375, 44722007158//527343375, 31559845296//175781125, 2113446703//527343375, -16034554997//105468675, 183016073//35156225, 2812832122//35156225, -4048364863//35156225, 59385276281//527343375, -46740623959//527343375, 29605698254//527343375, -15385555772//527343375, 18197862//2704325, 1648120288//175781125, -5925298381//527343375, 12715558699//527343375, -6954631841//527343375, 82704759//35156225, -38841038//8112975, 553075739//105468675, -158457622//35156225, 129373867//40564875, -944457934//527343375, 319230374//527343375, 25836536//175781125, -60685427//105468675, 392638894//527343375, -103766437//175781125, 342311734//527343375, -52409497//175781125]
7; 4; 9; 5; 5; 1; 1; 6; 1; 1; [151721//153075, 113582//58875, 124258//58875, 2031349//765375, 1458868//765375, -2794697//765375, -1148458//153075, -1489069//255125, -441526//51025, -655426//51025, -459872//51025, -290798//30615, -604133//30615, -2569573//51025, -42419606//765375, -32423759//765375, -29213774//765375, 10863709//255125, 177881777//765375, 41635036//153075, 55056974//255125, 1637663//6123, 9139399//51025, -4725197//51025, 140234//6123, 3192//157, -6922736//153075, 34161457//765375, -32356787//765375, 20495158//765375, -10809074//765375, 12398231//765375, 2111297//153075, 3409996//765375, 2853821//153075, 111581//51025, 39196//153075, -50503//30615, 21464//10205, -62024//30615, 1123232//765375, -752222//765375, 304988//765375, -658//58875, 10631//765375, 26317//51025, -77024//765375, 23419//51025]
7; 4; 9; 5; 6; 1; 1; 4; 1; 1; [16472021//6088875, 24987946//6088875, 846532//405925, -334021//2029625, 5028302//6088875, -9145624//6088875, -3864378//405925, -36294332//2029625, -47087519//6088875, 4099468//1217775, -4842102//405925, -39005758//1217775, 18615209//1217775, -414614036//6088875, -561758036//6088875, -30937432//1217775, 1024253948//6088875, 106820516//468375, 1188623524//6088875, 108125544//405925, 307703287//468375, 739226933//2029625, -262346972//1217775, -259022066//1217775, 508485932//1217775, -555763721//1217775, 2353895717//6088875, -1695266558//6088875, 61843322//405925, -278388686//6088875, -30113381//6088875, 123735089//2029625, -12480238//243555, 530878178//6088875, -159812693//6088875, 19607747//1217775, -25095494//1217775, 7773206//405925, -5919873//405925, 54926167//6088875, -25426933//6088875, 35606//93675, 3990653//2029625, -15604486//6088875, 5940829//2029625, -2427976//1217775, 317742//156125, -2676533//6088875]
7; 4; 9; 5; 12; 1; 1; 5; 1; 1; [-104869864//26385125, -245138994//26385125, -156455478//26385125, -142372897//26385125, -72162054//26385125, -206427713//26385125, 75319312//5277025, 866792057//26385125, 996534449//26385125, 118902106//5277025, 222733119//5277025, 501249219//5277025, 20325879//1055405, 3194864674//26385125, 6810389524//26385125, 5473785908//26385125, -123510648//26385125, -8040918896//26385125, -2988404882//26385125, -3455075692//5277025, -185895688//156125, -45338702509//26385125, -1187752034//5277025, 1668644374//5277025, -1581365941//5277025, 252577049//1055405, -3910913128//26385125, 2271939882//26385125, -115648396//26385125, -641719894//26385125, 728393732//26385125, -1278455791//26385125, 33267944//5277025, -159546567//2029625, -1704675677//26385125, -75227656//5277025, 64188126//5277025, -44457844//5277025, 5016951//1055405, -40044278//26385125, -7520783//26385125, 47997234//26385125, -52341819//26385125, 40333302//26385125, -37565061//26385125, 1266809//5277025, -35731626//26385125, -38698077//26385125]
7; 4; 9; 5; 7; 1; 1; 6; 1; 1; [-228260732//318651125, -2699739279//4142464625, -2545789032//828492925, -11083161343//4142464625, 4285827846//4142464625, 16344085699//4142464625, 15844463836//4142464625, 29451092016//4142464625, 21455182629//4142464625, -1775781716//828492925, 5741385711//828492925, 14644195829//828492925, 3280977604//828492925, 73941440501//4142464625, 3160056793//318651125, 65008160946//828492925, 144000895563//4142464625, -349522616266//4142464625, -651444928529//4142464625, -1005894909016//4142464625, -1218922228306//4142464625, -117574505494//4142464625, 20545697773//63730225, -24620743039//828492925, -120025173811//828492925, 181734718649//828492925, -903613234462//4142464625, 730673258287//4142464625, -18716465203//165698585, 251728310389//4142464625, -75129981938//4142464625, -89783074322//4142464625, 72322352057//4142464625, -183503487043//4142464625, 103831552328//4142464625, -3246389309//828492925, 7446913034//828492925, -8409499669//828492925, 7344748911//828492925, -26322522452//4142464625, 15259188797//4142464625, -1096685098//828492925, -738190286//4142464625, 4240189047//4142464625, -6342096082//4142464625, 4517067137//4142464625, -5127864818//4142464625, 2435627788//4142464625]
7; 4; 9; 5; 10; 1; 1; 4; 1; 1; [28595338//26385125, 230126606//26385125, 236312949//26385125, 10313568//5277025, 179204316//26385125, 196919758//26385125, 280803151//26385125, -979821471//26385125, -1358715431//26385125, -203532268//5277025, -19355511//1055405, -474121798//5277025, -77063632//1055405, -879486418//26385125, -6434352386//26385125, -8284732044//26385125, -8525971//405925, 4512639974//26385125, 9524590482//26385125, -148623987//2029625, 34128686486//26385125, 54742529381//26385125, 7487087762//5277025, -49477546//211081, -2667503798//5277025, 872559994//1055405, -22687637584//26385125, 18354946722//26385125, -13047469237//26385125, 1339211881//5277025, -1745477588//26385125, -59378248//2029625, 2710322662//26385125, -1629855867//26385125, 5254799523//26385125, -60196052//5277025, 35028324//1055405, -208214062//5277025, 7428498//211081, -685606364//26385125, 402778252//26385125, -174812192//26385125, -1055064//5277025, 107890752//26385125, -133180544//26385125, 133610917//26385125, -76106692//26385125, 114034503//26385125]
7; 4; 9; 5; 9; 1; 1; 5; 1; 1; [-19868493//26385125, 687708//5277025, 1075252//1055405, 14957051//26385125, 47142//81185, -1354576//5277025, 8021356//2029625, 4706212//5277025, -13988107//26385125, -3560208//1055405, 4472913//5277025, -25192776//5277025, -51222316//5277025, 622734973//26385125, -14557394//5277025, -182284331//5277025, -994739716//26385125, 75249553//5277025, 391308049//5277025, -2908250668//26385125, -210046019//5277025, 359402512//26385125, 210758391//1055405, 292251163//5277025, -1017978346//5277025, 1236298729//5277025, -5596113551//26385125, 167577647//1055405, -516352591//5277025, 1038469402//26385125, -1664852//5277025, -7776793//405925, 705659211//26385125, -172480433//5277025, 658397586//26385125, -1419043//211081, 53900922//5277025, -54070429//5277025, 43510281//5277025, -144123721//26385125, 14762342//5277025, -3817124//5277025, -18395848//26385125, 7050002//5277025, -1460549//1055405, 30110851//26385125, -4773554//5277025, 13189386//26385125]
7; 4; 9; 5; 2; 1; 1; 3; 1; 1; [341776688237//536301494625, 469144135384//536301494625, -16410431906//107260298925, 266762872419//178767164875, -331807904648//536301494625, -40157274317//178767164875, 932831252753//536301494625, -3687391223951//536301494625, -1665217209931//536301494625, 96718511414//107260298925, -19664281519//1430137319, -59008646669//35753432975, -150554700418//107260298925, -15492774215312//536301494625, -8224000737704//536301494625, 631755926318//107260298925, -7358145546989//178767164875, 12155999116506//178767164875, 15166937980166//536301494625, -2888957393281//178767164875, 41158710943572//178767164875, 20931677565002//178767164875, 1743847565984//107260298925, 1228589959838//21452059785, -3206041467919//35753432975, 57373019848//634676325, -1025269605089//13751320375, 25858306706758//536301494625, -106980344032//4290411957, 2484808845509//536301494625, 1557850889568//178767164875, -1840569805159//178767164875, 6449990357936//536301494625, -92086403209//178767164875, 7003849590098//536301494625, -390905355349//107260298925, 29837639288//7150686595, -394684769608//107260298925, 95207639716//35753432975, -282127464777//178767164875, 317093740478//536301494625, 7522474276//107260298925, -255442508831//536301494625, 338490023704//536301494625, -275313623477//536301494625, 213306364976//536301494625, -32752460752//536301494625, 39008359951//178767164875]
7; 4; 9; 5; 6; 1; 1; 3; 1; 1; [11322749342//8250792225, 51199255433//41253961125, -6594889276//13751320375, 15121524427//41253961125, -12815115946//8250792225, -68190762628//41253961125, -10049242048//3173381625, -58390169796//13751320375, 204732039452//41253961125, 3203162242//2750264075, -30752088849//2750264075, -18889359844//8250792225, 3116578628//8250792225, -373923960497//8250792225, -403864113441//13751320375, 613370466238//41253961125, 2195880658103//41253961125, 174919505483//1650158445, -20866693243//1057793875, 1079060417918//13751320375, 5481082408073//41253961125, -2764524310229//13751320375, -76550673883//2750264075, -120633850747//8250792225, 7538747374//211558775, -340596519127//8250792225, 283715903179//8250792225, -1147473393629//41253961125, 667898452309//41253961125, -3913059449//1057793875, 35085865492//8250792225, 46989142523//13751320375, -86246617853//41253961125, 155955470863//13751320375, -544424501251//41253961125, 10805165044//8250792225, -5050381906//2750264075, 14586828629//8250792225, -3822866111//2750264075, 7086912569//8250792225, -19015392164//41253961125, 1306428018//13751320375, 7613502944//41253961125, -1236807626//8250792225, 9712236169//41253961125, -1960118356//13751320375, 10621695134//41253961125, -10286091241//41253961125]
7; 4; 9; 5; 3; 1; 1; 7; 1; 1; [-612017104//265351125, -265634129//88450375, -215279474//88450375, 423829346//265351125, 2000896474//265351125, 178466042//17690075, 98818314//17690075, -794136619//265351125, -58215826//20411625, 377589782//53070225, 219824967//17690075, 5398977//1360775, -1863072308//53070225, 4517353499//265351125, 3682661597//265351125, 8041280837//265351125, -6916805282//88450375, -6174480518//20411625, -1697679627//3538015, -6498701738//17690075, 3613576048//88450375, 33739473321//88450375, 19651894967//53070225, 2768373521//53070225, -15184504537//53070225, 19367413847//53070225, -30124043041//88450375, 23042913277//88450375, -14180015053//88450375, 18433312132//265351125, -427122829//20411625, -2873329177//53070225, 1720555637//53070225, -4181669416//88450375, 15079130879//265351125, -503238662//53070225, 64188158//4082325, -862230113//53070225, 236173521//17690075, -1165579//128375, 1283277296//265351125, -364614904//265351125, -246577523//265351125, 464060323//265351125, -142716709//53070225, 88992571//53070225, -371067878//265351125, 306440669//265351125]
7; 4; 9; 5; 10; 1; 1; 3; 1; 1; [-642341959//3372965375, 2714375329//3372965375, -637979776//3372965375, 6867880921//3372965375, 6133078876//3372965375, 610098488//674593075, 3383596137//3372965375, -18283686987//3372965375, -1653222344//674593075, -3835111888//674593075, -5714207541//674593075, 4458267857//674593075, -23834222//2075671, -3587823436//3372965375, -107223571129//3372965375, -22004787004//3372965375, -200966634956//3372965375, -98320402091//3372965375, 22262831594//674593075, 134962266903//3372965375, 712918764422//3372965375, 464338819//3991675, 121549926122//674593075, 80858906594//674593075, -182820903753//674593075, 8240374562//26983723, -897682845623//3372965375, 638942646868//3372965375, -371401264622//3372965375, 130009192472//3372965375, 17970774602//3372965375, -21362153152//674593075, 147978439594//3372965375, -99219359219//3372965375, 23508180629//674593075, -6848125442//674593075, 9194966476//674593075, -51846988//3991675, 271636488//26983723, -21620232463//3372965375, 10109256273//3372965375, -1592849532//3372965375, -3915441113//3372965375, 6014373277//3372965375, -1235390876//674593075, 5259498479//3372965375, -2873060604//3372965375, 17365048//26983723]
7; 4; 9; 5; 5; 1; 1; 4; 1; 1; [-7276//1625, -2984//375, -15038//1625, -2534//375, -2192//975, 11664//1625, 41161//1625, 185098//4875, 2384//75, 6904//325, 1941//65, 18281//325, 5349//325, 276271//1625, 1240012//4875, 1224809//4875, -267673//4875, -130149//325, -3324697//4875, -4804093//4875, -403951//375, -120064//195, 66769//325, 22979//65, -196269//325, 206734//325, -2535166//4875, 46679//125, -893843//4875, 278171//4875, 12187//975, -40457//375, 215401//4875, -619849//4875, 724//25, -7804//325, 1888//65, -8511//325, 6336//325, -56546//4875, 25201//4875, 862//4875, -4663//1625, 140//39, -21391//4875, 10456//4875, -356//125, 397//975]
7; 4; 9; 5; 12; 1; 1; 2; 1; 1; [50015345853//60020962625, 193568139451//60020962625, 214129797173//60020962625, 155087612366//60020962625, 6507080492//60020962625, 44783152274//60020962625, 110966261429//60020962625, -60867574044//12004192525, -1254867130457//60020962625, -53767798248//2400838505, -149073809142//12004192525, -153566704206//12004192525, -52177017302//2400838505, -3298709874078//60020962625, -7613370709291//60020962625, -3745787604658//60020962625, 835956220469//60020962625, 3722033295458//60020962625, 1619357881016//60020962625, 7395453564951//60020962625, 5008267515246//12004192525, 46639802995787//60020962625, 7078126404//15291965, -1973995233552//12004192525, -39702703702//923399425, 73428393822//480167701, -11464014854199//60020962625, 9960164642102//60020962625, -605460568363//4616997125, 4718678429957//60020962625, -1842122902936//60020962625, 139582619298//60020962625, 1410505275048//60020962625, -6060895972//923399425, 3605335686861//60020962625, 3245549166//2400838505, 63954625172//12004192525, -98433674124//12004192525, 19740561318//2400838505, -402400114239//60020962625, 259641252727//60020962625, -139754434564//60020962625, 35261427532//60020962625, 34617157854//60020962625, -62224928602//60020962625, 5856789061//4616997125, -1535234732//2400838505, 82088832911//60020962625]
7; 4; 9; 5; 9; 1; 1; 2; 1; 1; [-4996119602//4616997125, -5811312256//60020962625, -41455242598//60020962625, -11123485272//60020962625, -153989373838//60020962625, -122152085879//60020962625, 8416782419//60020962625, 25126086567//60020962625, -28843315817//4616997125, -8882970972//923399425, -22795373271//12004192525, 52943289003//12004192525, 65029881794//12004192525, 1522256142556//60020962625, -905005577934//60020962625, 742125196913//60020962625, 2259857637402//60020962625, 5079211666598//60020962625, 1400247138744//60020962625, -3462292107959//60020962625, -752695555997//60020962625, 14059891751876//60020962625, 21206671572//76459825, -707080014686//12004192525, -956226783957//12004192525, 1740519320119//12004192525, -9179355364437//60020962625, 7721898497658//60020962625, -5346548063226//60020962625, 234266115212//4616997125, -55494379547//4616997125, -327607094478//60020962625, 937514366908//60020962625, -1322457432941//60020962625, 1785876726198//60020962625, -17641850539//12004192525, 68015240406//12004192525, -83987435848//12004192525, 76923358986//12004192525, -286977677367//60020962625, 175277060343//60020962625, -75770374916//60020962625, 5512469806//60020962625, 43748535284//60020962625, -55453797238//60020962625, 52619795668//60020962625, -44710933666//60020962625, 40772877943//60020962625]
7; 4; 9; 5; 7; 1; 1; 4; 1; 1; [63067749//26385125, 64007329//26385125, 64100863//26385125, 68250911//26385125, 420078//156125, -204067837//26385125, -283600666//26385125, -251461148//26385125, -361682589//26385125, -17143196//5277025, -64021041//5277025, -99332106//5277025, 101334449//5277025, -2678844384//26385125, -2528512799//26385125, -2294480898//26385125, -653013846//26385125, 3149878413//26385125, 9482337742//26385125, 662630702//2029625, 8009485703//26385125, -38257852//2029625, -3695851856//5277025, -278428806//5277025, 2522754384//5277025, -3335361501//5277025, 15668025573//26385125, -12283572252//26385125, 7579869761//26385125, -3604431648//26385125, 631234389//26385125, 1828707451//26385125, -1830899912//26385125, 2626836814//26385125, -1867335478//26385125, 80829771//5277025, -141913774//5277025, 149427006//5277025, -124593519//5277025, 32841771//2029625, -234592682//26385125, 418214//156125, 33814517//26385125, -87100011//26385125, 112484701//26385125, -85053727//26385125, 74221994//26385125, -3080781//2029625]
7; 4; 9; 5; 3; 1; 1; 12; 1; 1; [36653//63375, 15534//21125, 96524//21125, 682523//63375, 991312//63375, 1416562//63375, 67118//2535, 510183//21125, 84212//4875, 273776//12675, 10537//845, -363//25, -439633//12675, -6416483//63375, -3176634//21125, -19961477//63375, -9761096//21125, -2906614//4875, -50506687//63375, -3382514//4225, -38643269//63375, -23437951//63375, -5035219//12675, 70823//2535, 814103//4225, -3615218//12675, 5829757//21125, -14615741//63375, 2804823//21125, -5995624//63375, -16869//1625, -1037921//63375, -928847//12675, 768938//63375, -3191993//63375, 68684//12675, -152//13, 165521//12675, -47894//4225, 12969//1625, -300101//63375, 90394//63375, -1428//21125, -41137//21125, 70969//63375, -29708//12675, 15436//21125, -22961//21125]
7; 4; 9; 5; 11; 1; 1; 7; 1; 1; [-105070188//88450375, -17125006//17690075, -117613602//88450375, -134683313//88450375, -116471826//88450375, -116386147//88450375, 223112122//88450375, 673257851//88450375, 209566172//88450375, 151627622//17690075, 262381839//17690075, 260712774//17690075, 313154926//17690075, 4131265573//88450375, 791455344//17690075, 5010265077//88450375, 2127269448//88450375, 248307601//88450375, 3659115357//88450375, -10595842462//88450375, -22431932416//88450375, -6366931972//88450375, -2554218583//17690075, 1463497819//17690075, -511284336//17690075, -104346059//17690075, 2526623789//88450375, -543291929//17690075, 2878799191//88450375, -1894333786//88450375, 1228587533//88450375, -363775814//88450375, -453432441//88450375, -745970748//88450375, -678851426//88450375, -39178972//17690075, 5110506//17690075, 16282751//17690075, -24811461//17690075, 130554259//88450375, -3988684//3538015, 73298876//88450375, -33890716//88450375, 738126//6803875, 836702//6803875, -25231121//88450375, -1271898//88450375, -20844261//88450375]
7; 4; 9; 5; 12; 1; 1; 10; 1; 1; [135558//255125, 133158//255125, -1399932//3316625, -9356091//3316625, -16535668//3316625, -17133014//3316625, -319084//255125, 14227076//3316625, 27452961//3316625, 7365276//663325, 392544//51025, 845113//663325, -489609//663325, -57406689//3316625, 60508386//3316625, 196098077//3316625, 418330381//3316625, 393673503//3316625, 170249959//3316625, -391079738//3316625, -1027738841//3316625, -1082039841//3316625, -137585259//663325, -9543933//663325, 93663983//663325, -124006644//663325, 584076708//3316625, -449759517//3316625, 294856801//3316625, -114325307//3316625, 36360479//3316625, 59485482//3316625, -100130269//3316625, 37539027//3316625, -117630243//3316625, 230328//51025, -5258572//663325, 5554157//663325, -4635126//663325, 15919308//3316625, -8606067//3316625, 2884546//3316625, 1622068//3316625, -2992376//3316625, 4022062//3316625, -3768399//3316625, 1627952//3316625, -2400588//3316625]
7; 4; 9; 5; 5; 1; 1; 3; 1; 1; [-4117953929//2750264075, -30938889517//13751320375, -88350493282//41253961125, -27594554057//41253961125, 1461852206//1650158445, 214165683073//41253961125, 368117208448//41253961125, 321002955032//41253961125, 14759991287//8250792225, 15765779402//8250792225, 18938755256//2750264075, 10335831317//1650158445, 58097979932//8250792225, 167607931026//2750264075, 2806314590561//41253961125, 1124874584482//41253961125, -929924640581//13751320375, -1161852476621//8250792225, -3183240649286//13751320375, -175146190606//778376625, -320326884254//3173381625, 941489389483//8250792225, 976094182952//8250792225, 55158961056//2750264075, -157928996347//1650158445, 334947799499//2750264075, -905264796283//8250792225, 280266544786//3173381625, -708012231398//13751320375, 281352945377//13751320375, -68775012626//8250792225, -884322645794//41253961125, 251545316096//41253961125, -857818737376//41253961125, 49930123213//2750264075, -8853548354//2750264075, 43160539442//8250792225, -8845833134//1650158445, 12109392426//2750264075, -964105625//330031689, 22312438701//13751320375, -5728515178//13751320375, -14722917959//41253961125, 116263739//211558775, -13086862938//13751320375, 19085316946//41253961125, -22932910046//41253961125, 3028437319//8250792225]
7; 4; 9; 5; 9; 1; 1; 10; 1; 1; [-28746684//175781125, -92876//2704325, -285543//7031245, 55376343//35156225, 286246176//175781125, 89390744//35156225, 78813121//175781125, -177368864//175781125, -166380233//35156225, -129475422//35156225, -135320136//35156225, 152647953//35156225, 158134284//35156225, 1473657919//175781125, -24849392//1406249, -1123999931//35156225, -2550776624//35156225, -3422132796//175781125, 166970797//35156225, 18817305369//175781125, 13321054239//175781125, 3307578113//35156225, 609357963//35156225, 692547439//35156225, -1317961357//35156225, 1436214904//35156225, -5981860518//175781125, 817371071//35156225, -3072974//208025, 8435488//7031245, 112435697//175781125, -158306821//35156225, 34798999//3316625, -289539613//175781125, 282061599//35156225, -51463063//35156225, 64522616//35156225, -59566423//35156225, 3482487//2704325, -137963418//175781125, 11820612//35156225, -1894494//35156225, -8056728//35156225, 40477007//175781125, -8471623//35156225, 952404//3316625, -11283068//175781125, 5109714//35156225]
7; 4; 9; 5; 8; 1; 1; 7; 1; 1; [-3745258//88450375, 2696589//17690075, 57968033//17690075, -21580618//88450375, 168560278//88450375, -80306468//88450375, -564161548//88450375, 493534791//88450375, -146915757//88450375, 32742316//17690075, 207946821//17690075, -16702893//707603, 158484//20935, 1673134223//88450375, 110753297//17690075, -678935523//17690075, 3960854913//88450375, -6200503873//88450375, 14625296603//88450375, 22462333028//88450375, 248962829//88450375, 2172962954//6803875, -4671868289//17690075, -4906162189//17690075, 1900479387//3538015, -2065069583//3538015, 43969876754//88450375, -6153250891//17690075, 3399856406//17690075, -5695693061//88450375, -2105518144//88450375, 6600776454//88450375, -472815697//6803875, 6484201392//88450375, -3525357424//88450375, 367375639//17690075, -466212206//17690075, 6649577//272155, -65625483//3538015, 1018331164//88450375, -90955643//17690075, 7410216//17690075, 212400289//88450375, -4024936//1119625, 324125424//88450375, -230816981//88450375, 12728294//6803875, -59583704//88450375]
7; 4; 9; 5; 12; 1; 1; 8; 1; 1; [165976981//175781125, 26049286//35156225, -5706901//35156225, -411323517//175781125, -799352592//175781125, -1060213403//175781125, -36891097//13521625, 778198366//175781125, 229376107//35156225, 48738462//35156225, 94707918//35156225, 94488387//7031245, 697360153//35156225, -4857431466//175781125, -72427974//7031245, 446790546//35156225, 13825828567//175781125, 29256248032//175781125, 36477632868//175781125, 2033460251//175781125, -4763419117//13521625, -17918409201//35156225, -10512000678//35156225, 515787108//35156225, 1083692313//7031245, -7739820342//35156225, 37921936917//175781125, -6068067872//35156225, 23498707//208025, -9161410589//175781125, 3409245126//175781125, 4451599039//175781125, -4992718022//175781125, 200960334//13521625, -344324887//7031245, 154885683//35156225, -322172688//35156225, 71353746//7031245, -305800503//35156225, 1082757057//175781125, -123436514//35156225, 44665408//35156225, 4820917//13521625, -173997644//175781125, 277247799//175781125, -223457122//175781125, 116109472//175781125, -35959657//35156225]
7; 4; 9; 5; 7; 1; 1; 3; 1; 1; [26820442201//35753432975, 66514015482//178767164875, 140803300503//178767164875, 157132954087//178767164875, -306067543438//178767164875, -647622128333//178767164875, -188712421448//178767164875, -555137213951//178767164875, -937248130699//178767164875, 85486841494//35753432975, 14065846356//2750264075, -136402032856//35753432975, -1723665598//674593075, -136905717804//7150686595, -866628154952//178767164875, -4699381148968//178767164875, 4181339238068//178767164875, 20709467081613//178767164875, 26696013127348//178767164875, -405798959802//178767164875, 4117399470521//178767164875, 7401082073864//178767164875, -195303378202//674593075, -1098882075462//35753432975, 7540142457674//35753432975, -9811984271709//35753432975, 9169569187403//35753432975, -35271252938626//178767164875, 21865491933061//178767164875, -9928016144266//178767164875, 2128458290204//178767164875, 5436230265054//178767164875, -6562601890866//178767164875, 6796097878953//178767164875, -5016069998918//178767164875, 18929047422//2750264075, -418437733938//35753432975, 436733878426//35753432975, -361989897606//35753432975, 246943942441//35753432975, -51072009042//13751320375, 195736639726//178767164875, 112039825689//178767164875, -248531046731//178767164875, 328509527914//178767164875, -20699701402//13751320375, 198219288118//178767164875, -107192989403//178767164875]
7; 4; 9; 5; 11; 1; 1; 12; 1; 1; [-1547778//1119625, -19863//1119625, -199614//44785, -4526007//1119625, -2481876//223925, -549236//44785, -982569//44785, -4456604//223925, -15692591//1119625, -4075646//223925, 2296308//223925, -27494//223925, 7628548//223925, 73186993//1119625, 79896083//1119625, 49599271//223925, 251416382//1119625, 107073632//223925, 89941383//223925, 33734291//44785, 74656456//223925, 423599041//1119625, 30700099//223925, -38288477//223925, 35233786//223925, -26156462//223925, 84522689//1119625, -31898551//1119625, 2653111//223925, 29205106//1119625, -318221//223925, 9166878//223925, 719187//44785, 113883//4225, 12606203//1119625, 1683011//223925, -1369428//223925, 919879//223925, -471093//223925, 698749//1119625, 573799//1119625, -171546//223925, 1402566//1119625, -113253//223925, 222502//223925, 12284//44785, 18792//44785, 394408//1119625]
7; 4; 9; 5; 4; 1; 1; 9; 1; 1; [-46816//63375, 6767//21125, -6951//4225, -116654//63375, 29492//63375, -51563//21125, -178163//21125, -560024//63375, -16381//1625, -188212//12675, -4937//845, -6109//975, -205511//12675, 2241581//63375, -113747//21125, 712399//12675, 955783//21125, -103113//1625, 596173//21125, 17306879//63375, 11323339//63375, 5779009//63375, 4712003//12675, 28877//507, -3749167//12675, 4756724//12675, -22025182//63375, 16789427//63375, -136834//845, 4807477//63375, -15559//1625, -2046908//63375, 3978077//63375, -2673743//63375, 2821747//63375, -125108//12675, 3148//195, -210973//12675, 57682//4225, -45014//4875, 309827//63375, -17102//12675, -18331//21125, 127544//63375, -146498//63375, 47914//21125, -82928//63375, 58342//63375]
7; 4; 9; 5; 9; 1; 1; 8; 1; 1; [-57278452//175781125, -462801633//175781125, -923097723//175781125, -1206945777//175781125, -780176766//175781125, 379675369//175781125, 117615464//13521625, 2424208459//175781125, 1359464047//175781125, 405510056//35156225, 593824833//35156225, 1582331159//35156225, 1579004247//35156225, 5839669372//175781125, 11880744263//175781125, 1122962751//13521625, 24033582227//175781125, 10386605816//175781125, -1673223608//13521625, -84486672922//175781125, -10228494993//13521625, -97960099102//175781125, -10022179264//35156225, 482525026//2704325, -2747822161//35156225, 349052017//35156225, 6528737711//175781125, -8942256256//175781125, 10154544949//175781125, -6550689959//175781125, 5540111378//175781125, -3568456162//175781125, -3193890546//175781125, -5402039897//175781125, -435954912//13521625, -185976121//35156225, 54537942//35156225, 34721736//35156225, -76244397//35156225, 445367581//175781125, -28802027//13521625, 289385084//175781125, -139564149//175781125, 69865858//175781125, -189354//3316625, -119424726//175781125, -53146242//175781125, -139977881//175781125]
7; 4; 9; 5; 8; 1; 1; 12; 1; 1; [-71783//1119625, -1751949//1119625, -766156//223925, -9383768//1119625, -12668042//1119625, -17547331//1119625, -15395226//1119625, -9699567//1119625, -588988//223925, 425598//223925, 722646//223925, 4087043//223925, 7556534//223925, 76721898//1119625, 172475279//1119625, 58359149//223925, 451154463//1119625, 493467777//1119625, 524721526//1119625, 244974516//1119625, 62969472//1119625, -33709269//223925, -25038282//223925, 5247246//223925, 7513903//223925, -12835791//223925, 73446104//1119625, -50828828//1119625, 10759436//223925, -1702911//1119625, 29463721//1119625, 26804743//1119625, 52866//21125, 12616141//1119625, -3262033//223925, 137472//223925, -9742//4225, 639772//223925, -574554//223925, 2241214//1119625, -1178868//1119625, 32896//44785, 361864//1119625, 121661//1119625, 877933//1119625, -210552//1119625, 386866//1119625, -72104//223925]
7; 4; 9; 5; 2; 1; 1; 11; 1; 1; [1246616//3358875, -533032//1119625, -47251//26871, -36001//86125, -1688044//3358875, -16997993//3358875, -7529014//1119625, -7807256//3358875, 9662932//3358875, 237866//51675, -2955629//223925, 984083//223925, 2147193//223925, -17635721//3358875, 67382296//3358875, 8732957//134355, 11916848//258375, -15092172//1119625, 162439943//3358875, 659805482//3358875, 7991294//86125, -162140679//1119625, -287528407//671775, 77509693//671775, 59279279//671775, -126861836//671775, 707934767//3358875, -203091269//1119625, 17853568//134355, -241832828//3358875, 89139592//3358875, 25596544//3358875, -16093683//1119625, 111819833//3358875, -111935711//3358875, 529007//671775, -4808188//671775, 6345071//671775, -1996848//223925, 23088547//3358875, -14528927//3358875, 278846//134355, -264376//1119625, -898881//1119625, 25786//19875, -3734494//3358875, 3769768//3358875, -2771261//3358875]
7; 4; 9; 5; 3; 1; 1; 6; 1; 1; [1187515919//955953375, 653253956//318651125, 720859783//191190675, 261870669//63730225, 2564659328//955953375, 36915994//191190675, 1447088099//955953375, 18320023//6088875, 1830930832//955953375, -61308206//14706975, -74455822//4902325, -457439599//14706975, -97328552//2941395, -19457238023//318651125, -61586417728//955953375, -30656945122//191190675, -1898761076//12746045, -78702984203//955953375, -2722484707//63730225, -26592949//2029625, 59030702174//955953375, -134582146817//955953375, -5284353701//14706975, -109258787//4902325, 1162050297//4902325, -312943476//980465, 285559635898//955953375, -225571297529//955953375, 8947964754//63730225, -4838967228//63730225, 6043413176//955953375, 4648619236//191190675, -13633353249//318651125, 43952337172//955953375, -39848271991//955953375, 37026967//4902325, -66057088//4902325, 209253889//14706975, -11718807//980465, 7823148878//955953375, -1445544158//318651125, 3279988//2549209, 32074524//63730225, -1692466414//955953375, 24876704//12746045, -1699156007//955953375, 1284846572//955953375, -844246531//955953375]
7; 4; 9; 5; 6; 1; 1; 11; 1; 1; [303871//223925, 11349589//3358875, 11383454//3358875, 1012223//3358875, 304834//1119625, 459021//1119625, -2132688//1119625, -38597486//3358875, -3481798//258375, -5972498//671775, -1493049//223925, -503631//17225, -600462//44785, -1523566//44785, -80205273//1119625, -296194544//3358875, 194088377//3358875, 41016986//258375, 479406352//3358875, 546007744//3358875, 1233734171//3358875, 597323138//1119625, 267135952//671775, -50902324//223925, 18343857//223925, 142775//8957, -16300527//223925, 288257758//3358875, -96255174//1119625, 216371291//3358875, -2652539//86125, 77867111//3358875, 21051842//3358875, 28401298//3358875, 2291344//63375, 1384596//223925, -44086//51675, -547802//223925, 171708//44785, -68013//17225, 10525423//3358875, -2490054//1119625, 3928501//3358875, -565246//3358875, -362759//3358875, 2127977//3358875, -798142//3358875, 3132622//3358875]
7; 4; 9; 5; 2; 1; 1; 5; 1; 1; [11904296//5277025, 20245102//26385125, -206552237//79155375, -20927447//79155375, 78469622//79155375, 141716347//79155375, -158594758//15831075, -440695349//79155375, 116546364//26385125, 127118666//15831075, -81238448//5277025, -157649371//15831075, 219555397//5277025, -1149427558//15831075, -2166828116//79155375, 5149441757//79155375, 2478202279//26385125, 1378878671//26385125, -4039535684//26385125, 1232518024//5277025, 5777617913//26385125, -221998454//26385125, -11429748934//15831075, 1203311206//15831075, 1650516263//5277025, -580195313//1217775, 7555294016//15831075, -10262857586//26385125, 1588333207//6088875, -10113811009//79155375, 2805145384//79155375, 631337648//26385125, -813065222//15831075, 6157507307//79155375, -1540954952//26385125, 130321454//15831075, -309350086//15831075, 117458152//5277025, -102701967//5277025, 221786446//15831075, -648187718//79155375, 252705236//79155375, 37805621//79155375, -61407557//26385125, 231393044//79155375, -2799332//1055405, 187088722//79155375, -8312602//6088875]
7; 4; 9; 5; 10; 1; 1; 11; 1; 1; [352522//1119625, -412241//1119625, 1583352//1119625, -89629//223925, 2412994//1119625, -47813//1119625, -1208394//1119625, 2099678//1119625, -11437639//1119625, -2290086//223925, 1917048//223925, -2098636//223925, -967719//223925, -13063477//1119625, 11527131//1119625, -38599897//1119625, -1304348//223925, -17579504//1119625, 84745893//1119625, 71447264//1119625, -4816011//86125, 478371339//1119625, 30583359//223925, -30008467//223925, 23764294//223925, -15609739//223925, 37918419//1119625, -7614657//1119625, -12843561//1119625, 791742//44785, -22177387//1119625, 21778859//1119625, -9195253//1119625, 3961011//1119625, 19479887//1119625, 1206376//223925, -855058//223925, 482981//223925, -174696//223925, -214731//1119625, 796593//1119625, -1004356//1119625, 176554//223925, -681287//1119625, 36853//86125, -115398//1119625, -45374//1119625, 499982//1119625]
7; 4; 9; 5; 11; 1; 1; 6; 1; 1; [-2333286651//4142464625, -7302928342//4142464625, -12066796774//4142464625, -12592499064//4142464625, -3131064938//828492925, -3261003212//828492925, -23949163089//4142464625, -2510838698//4142464625, 33737358077//4142464625, 4431649396//828492925, 6177999579//828492925, 13949181321//828492925, 6469573804//165698585, 135033561106//4142464625, 380416651412//4142464625, 523081847104//4142464625, 39261495133//318651125, 76080621187//828492925, 53204467292//828492925, 508210817529//4142464625, -774331671//26385125, -1142644556672//4142464625, -157632782564//828492925, -568185002//63730225, 102899897961//828492925, -5428564751//33139717, 659067018888//4142464625, -488730226694//4142464625, 345240982972//4142464625, -128353981173//4142464625, 8062842548//828492925, 13616352771//828492925, -67929481648//4142464625, 87954194864//4142464625, -128382840786//4142464625, 3218904419//828492925, -5796400014//828492925, 6179535344//828492925, -1028975916//165698585, 18024172758//4142464625, -9458521899//4142464625, 3596528582//4142464625, 135060284//318651125, -133238953//165698585, 905006511//828492925, -261022316//318651125, 2702295994//4142464625, -203060787//318651125]
7; 4; 9; 5; 6; 1; 1; 5; 1; 1; [3011//1625, -30713//1625, -120932//4875, -51736//4875, -68//1625, -114128//4875, -135563//4875, 208654//4875, 122639//975, 5124//65, 5617//325, 131173//975, 275108//975, -133321//1625, 2587679//4875, 3850147//4875, 672507//1625, -84949//125, -3327487//4875, 311443//4875, -6201034//4875, -4562314//975, -275579//65, 140927//325, 607961//325, -916754//325, 13833706//4875, -11044373//4875, 7588471//4875, -1231509//1625, 262614//1625, 749084//4875, -1776241//4875, 558721//1625, -540902//975, 3212//65, -112916//975, 128567//975, -37361//325, 404426//4875, -77411//1625, 92926//4875, 13733//4875, -23836//1625, 85304//4875, -81911//4875, 57328//4875, -11702//975]
7; 4; 9; 5; 10; 1; 1; 5; 1; 1; [233995382//26385125, 13931226//2029625, 4730684//26385125, -40670569//26385125, 71227774//5277025, 67561393//26385125, -925036497//26385125, -70207928//2029625, -370137942//26385125, -97817012//5277025, -60365679//1055405, -385535422//5277025, 253975078//5277025, -7118998982//26385125, -6281704588//26385125, 1141351286//26385125, 8578178964//26385125, 121350358//5277025, 2608775102//26385125, 23120892107//26385125, 37620483174//26385125, 25967121132//26385125, -2610273542//5277025, -936821272//1055405, 7963667428//5277025, -8329336187//5277025, 34259960719//26385125, -23959982404//26385125, 12757445748//26385125, -3459396478//26385125, -1244476//16237, 5190490126//26385125, -4786626864//26385125, 6839562272//26385125, -195897798//2029625, 316744607//5277025, -15262174//211081, 343738932//5277025, -254862288//5277025, 761196809//26385125, -327349094//26385125, 1327138//26385125, 193809027//26385125, -51591974//5277025, 251874946//26385125, -175876099//26385125, 158131522//26385125, -38673994//26385125]
7; 4; 9; 5; 3; 1; 1; 4; 1; 1; [-23194396//6088875, -1062188//243555, -4756724//6088875, 1852621//1217775, 2949398//6088875, -220116//156125, -8188496//6088875, 5534171//1217775, 23287959//2029625, 5771242//405925, 12423139//405925, 2187803//93675, -24182129//1217775, 561587291//6088875, 180786158//1217775, 585981964//6088875, -9318328//405925, -934419553//6088875, -40986817//468375, -225663964//6088875, -76515394//1217775, -466030427//6088875, 67803547//405925, 91972307//1217775, -241402541//1217775, 282574811//1217775, -1234171712//6088875, 192350323//1217775, -172395931//2029625, 42394934//1217775, -9637213//2029625, -169455478//6088875, 183279983//6088875, -40184416//1217775, 120670609//6088875, -8781836//1217775, 964186//93675, -12181999//1217775, 3207848//405925, -30859822//6088875, 1078189//405925, -2628478//6088875, -37834//48711, 7403056//6088875, -3044956//2029625, 7066733//6088875, -213602//243555, 2325724//6088875]
7; 4; 9; 5; 8; 1; 1; 6; 1; 1; [-224082964//828492925, -1634464396//4142464625, -101631513//318651125, -1556204272//828492925, -5929100558//4142464625, -9595763439//4142464625, -16472733488//4142464625, -6604086387//4142464625, 7283886279//4142464625, 952856256//828492925, 1126292019//165698585, 8205911147//828492925, 1620243117//165698585, 25878537484//828492925, 167983854326//4142464625, 200219037619//4142464625, 80223210687//828492925, 372206128498//4142464625, 38512660528//318651125, 540026604578//4142464625, 329783469932//4142464625, 20613454786//4142464625, 32476595106//828492925, -994996720//33139717, 16340054347//828492925, -1431085583//165698585, 2316730732//828492925, 1655616296//318651125, -13525466423//4142464625, 8276585501//828492925, -2161762396//4142464625, 35550796887//4142464625, 17701422044//4142464625, 16848778691//4142464625, 2216452408//4142464625, 890290939//828492925, -96208146//165698585, 163352918//828492925, 14501823//165698585, -159526138//828492925, 1210702543//4142464625, -779711028//4142464625, 207911526//828492925, -95022986//4142464625, 595067657//4142464625, 469796504//4142464625, 173344486//4142464625, 162751933//4142464625]
7; 4; 9; 5; 5; 1; 1; 11; 1; 1; [-920948//1119625, -4532642//3358875, -9853243//3358875, -14161651//3358875, -16063148//3358875, 2078681//671775, 9091957//1119625, 13746033//1119625, 3757951//258375, 1698512//223925, -515706//223925, 495757//51675, 30800392//671775, 238024964//3358875, 66442434//1119625, 155302943//3358875, 22920697//1119625, -2305658//86125, -135176624//671775, -205150947//1119625, -1210860844//3358875, -1601175598//3358875, -75869718//223925, 103416422//671775, -10721489//671775, -43447018//671775, 353265347//3358875, -111689618//1119625, 284704669//3358875, -181581077//3358875, 6962798//258375, -3621572//223925, -49989188//3358875, -3509879//1119625, -40387538//1119625, -2003786//671775, -90644//51675, 933888//223925, -1054194//223925, 1089679//258375, -3302413//1119625, 1993778//1119625, -2188127//3358875, -119972//1119625, 14942//44785, -2713228//3358875, 1007108//3358875, -975803//1119625]
7; 4; 9; 5; 12; 1; 1; 9; 1; 1; [21897//21125, 3532//21125, 6841//4225, -24836//21125, -26692//21125, -11968//21125, -85888//21125, -99472//21125, 514//4225, 9572//4225, -2325//169, 12749//4225, 21887//4225, -344587//21125, 245348//21125, -14856//325, 1132116//21125, 1448827//21125, 1745833//21125, 1242908//21125, 3892812//21125, -108299//4225, -932833//4225, 13649//169, 66299//4225, -289708//4225, 1806484//21125, -128327//1625, 48954//845, -729032//21125, 410196//21125, 55034//21125, -110401//21125, 421341//21125, -53377//4225, -3572//4225, -396//169, 15731//4225, -16032//4225, 65204//21125, -43896//21125, 4444//4225, -5337//21125, -3414//21125, 11594//21125, -10226//21125, 13096//21125, -1487//4225]
7; 4; 9; 5; 4; 1; 1; 7; 1; 1; [-21620029//17690075, -130551952//265351125, 65503076//265351125, 6805723//5006625, 234582132//88450375, 8667163//3538015, -16693958//10614045, -1208044483//265351125, -1413914//6803875, 26595914//53070225, -57865151//17690075, -18117581//4082325, -990012847//53070225, 875011691//53070225, -1527929248//265351125, 8109132//1119625, -3385864668//88450375, -784260229//6803875, -422620089//3538015, 81039260//2122809, 44875646618//265351125, 48532645376//265351125, 11407456589//53070225, 3952023217//53070225, -12118080983//53070225, 14423095888//53070225, -2593200731//10614045, 47980371541//265351125, -541400291//5006625, 11496333488//265351125, -94729756//20411625, -343726141//10614045, 411245377//10614045, -7412583976//265351125, 9576144248//265351125, -430020109//53070225, 48702356//4082325, -627493697//53070225, 166714454//17690075, -25291991//4082325, 275332592//88450375, -62417216//88450375, -75832754//88450375, 386581712//265351125, -18863497//10614045, 3076669//2122809, -224129656//265351125, 186652043//265351125]
7; 4; 9; 5; 2; 1; 1; 2; 1; 1; [622601//1989975, 2589969//3316625, 5679379//9949875, -1126321//9949875, -1439254//3316625, 7513474//9949875, -3781417//9949875, -32019874//9949875, -14498447//3316625, -273424//79599, -1283948//663325, -41046//663325, -405973//79599, -35380304//1989975, -179054897//9949875, -15242599//9949875, 210947231//9949875, 254449267//9949875, -27644958//3316625, 570602947//9949875, 536505543//3316625, 86163037//765375, -14854//507, -35726644//1989975, 27634824//663325, -18927293//397995, 80675024//1989975, -304406246//9949875, 170735873//9949875, -18602749//3316625, 2496301//9949875, 46697783//9949875, -12932228//3316625, 133138822//9949875, 4919593//9949875, 123025//79599, -4191886//1989975, 4011208//1989975, -208773//132665, 393062//397995, -4903801//9949875, 771868//9949875, 617171//3316625, -2553199//9949875, 2795263//9949875, -1873459//9949875, 2980082//9949875, 106243//9949875]
7; 4; 9; 5; 9; 1; 1; 9; 1; 1; [-7421//21125, 401//845, -93137//21125, -1214//845, -125618//21125, 496//845, 11153//21125, 267031//21125, 236343//21125, 10184//4225, 74583//4225, -1597//325, 240151//4225, 543266//21125, 48029//4225, 1701412//21125, -42507//4225, 2897273//21125, -18422//169, 795477//21125, -14197706//21125, -8507443//21125, -1855426//4225, -261232//4225, 1443219//4225, -1835449//4225, 8616263//21125, -1305366//4225, 4141971//21125, -368497//4225, 309299//21125, 5709//169, -1200044//21125, 593577//21125, -1380619//21125, 47941//4225, -6086//325, 81806//4225, -67131//4225, 229153//21125, -24199//4225, 36506//21125, 4332//4225, -48121//21125, 2217//845, -49419//21125, 23922//21125, -28109//21125]
7; 4; 9; 5; 7; 1; 1; 11; 1; 1; [1929918//1119625, 2581417//1119625, 325886//86125, 28336//6625, 5853166//1119625, 56701//86125, -2494786//223925, -629584//86125, -1448432//86125, -5189862//223925, -2322564//223925, -4768754//223925, -7944478//223925, -115024118//1119625, -90733647//1119625, -70362043//1119625, -114915799//1119625, 51011869//1119625, 127300982//1119625, 93989052//223925, 27231179//86125, 618282856//1119625, 154146168//223925, -57503744//223925, -10373144//223925, 47037997//223925, -303919969//1119625, 271947434//1119625, -212042544//1119625, 123719563//1119625, -54970368//1119625, 10211866//1119625, 9678664//223925, -24069704//1119625, 67832918//1119625, 617762//223925, 1594994//223925, -2576996//223925, 202236//17225, -10879559//1119625, 7200134//1119625, -3878384//1119625, 963298//1119625, 790307//1119625, -1542314//1119625, 450852//223925, -1304414//1119625, 1678168//1119625]
7; 4; 9; 5; 11; 1; 1; 4; 1; 1; [-9637964//26385125, -27254806//26385125, 27504171//26385125, 12468096//26385125, 186998//156125, 17668831//26385125, 57762009//26385125, 231617522//26385125, 34591152//26385125, 39136//1055405, 1474032//1055405, 39325388//5277025, -67740546//5277025, -33253256//26385125, 391328316//26385125, -1085021851//26385125, -1894456851//26385125, -2011534387//26385125, -2431363616//26385125, -525214819//26385125, -9121872787//26385125, -1955829682//26385125, -10957952//1055405, 26508310//211081, -67977374//405925, 838589209//5277025, -3258510833//26385125, 2084610858//26385125, -1020195373//26385125, 58747127//26385125, 272558179//26385125, -697723558//26385125, 578709918//26385125, -906617116//26385125, 244600904//26385125, -1499419//211081, 7955842//1055405, -33279378//5277025, 22980966//5277025, -62835223//26385125, 20422968//26385125, 7724532//26385125, -25264868//26385125, 26005769//26385125, -26739318//26385125, 17605493//26385125, -1421542//2029625, 2639954//26385125]
7; 4; 9; 5; 3; 1; 1; 3; 1; 1; [-51592577//259458875, 10947542//51891775, 284920027//778376625, 257065096//778376625, -192386462//778376625, -1338826007//778376625, -67470944//31135065, -548509604//155675325, -221349123//259458875, 515900758//155675325, -238999604//51891775, -198211339//31135065, -161176801//31135065, 1159902292//259458875, 461015576//155675325, 3729927726//259458875, 14163847489//778376625, 1079473087//778376625, 39057028942//778376625, 13014118418//155675325, 21088806233//155675325, 31715486068//259458875, -7968076502//155675325, 1309317946//51891775, -59273661//10378355, -77803829//10378355, 10437435793//778376625, -2169964646//155675325, 9706909289//778376625, -5739499433//778376625, 3542933746//778376625, 212309397//259458875, 497858638//155675325, 1214480026//155675325, 927939954//259458875, -29732126//51891775, -21116978//155675325, 15919432//31135065, -6678939//10378355, 458370383//778376625, -4531028//10378355, 218428994//778376625, -78727108//778376625, 1798077//259458875, 79946281//778376625, -2289388//155675325, 31191998//155675325, 9671429//259458875]
7; 4; 9; 5; 6; 1; 1; 2; 1; 1; [2562969212//12004192525, -26897405909//36012577575, -12124913591//180062887875, 467115840518//180062887875, 262277311158//60020962625, 1212742535153//180062887875, 1358247995606//180062887875, 800129578479//60020962625, 63603188078//2770198275, 243738446612//12004192525, 181404561748//12004192525, 43713796591//2770198275, 405128912443//36012577575, 376160778//480167701, 388467818537//12004192525, -2909151581204//180062887875, -18972036028438//180062887875, -775941649121//4616997125, -12446962857516//60020962625, -31436651302136//180062887875, -18816932838159//60020962625, -3742863320606//7202515515, -19029968084//76459825, 557418308958//12004192525, 989345126841//12004192525, -1671063540209//12004192525, 5260745346668//36012577575, -4309162291736//36012577575, 14801595225583//180062887875, -8875716107164//180062887875, 27137617192//4616997125, -402343991044//180062887875, -4622635926178//180062887875, 1119783029789//180062887875, -1496080802048//36012577575, 20959939503//12004192525, -15325985098//2770198275, 240898242872//36012577575, -72210806931//12004192525, 12377386702//2770198275, -3832370954//1440503103, 200718836878//180062887875, -16554500564//180062887875, -47795998589//60020962625, 43676802352//60020962625, -61439004316//60020962625, 75108559334//180062887875, -31901390096//36012577575]
7; 4; 9; 5; 5; 1; 1; 5; 1; 1; [-46981//243555, -13692958//6088875, 5716961//6088875, -70054//6088875, -35630932//6088875, -21801446//6088875, 13883//18735, -4469801//1217775, 2713597//405925, 30426046//1217775, 44528//31225, -4606476//405925, 37601438//1217775, 55430074//1217775, 144736886//2029625, -302153251//6088875, 192654434//6088875, 209557319//2029625, -325580714//6088875, 6402719//405925, 65887047//405925, -652429616//1217775, -1201158704//1217775, 220395122//1217775, 392561992//1217775, -670750702//1217775, 235152568//405925, -2895367586//6088875, 1982325097//6088875, -354258646//2029625, 117781402//2029625, 157641508//6088875, -84596398//1217775, 107297483//1217775, -116116268//1217775, 641773//93675, -26687812//1217775, 32119978//1217775, -9656116//405925, 7183612//405925, -64325921//6088875, 8968374//2029625, 38524//2029625, -1166743//468375, 21501908//6088875, -1397289//405925, 3467428//1217775, -206281//93675]
7; 4; 9; 5; 2; 1; 1; 10; 1; 1; [153658334//527343375, -10184158//175781125, 6167891//35156225, 31433354//175781125, -178504172//527343375, 734089919//527343375, -85402156//175781125, -884762402//527343375, 966224803//527343375, -405477886//105468675, 38332414//35156225, 240685018//105468675, -835484308//105468675, -3183603094//527343375, 66583146//13521625, -439061824//35156225, 3679304438//527343375, 771463832//527343375, -3550773308//175781125, 14690314058//527343375, 14341959637//527343375, -2814180501//175781125, 6119879654//105468675, -5651888848//105468675, 4280877938//105468675, -2666296138//105468675, 5658285493//527343375, -286634788//527343375, -47816411//8112975, 1430760518//175781125, -4046986714//527343375, 924756681//175781125, -1475250766//527343375, 574548342//175781125, -626455049//527343375, 220292611//105468675, -49489324//35156225, 25943084//35156225, -7314264//35156225, -81096907//527343375, 172398092//527343375, -7831832//21093735, 167676394//527343375, -2203208//9949875, 4458991//40564875, -4055277//175781125, 2516372//175781125, 4552437//175781125]
7; 4; 9; 5; 4; 1; 1; 12; 1; 1; [-2563283//3358875, -945818//1119625, 4300417//3358875, 708203//223925, 4590388//1119625, 22335988//3358875, 3819463//671775, -7465814//3358875, -2039174//258375, -215156//44785, -2174301//223925, -188793//17225, -4704593//671775, 39401533//3358875, -25593742//1119625, -331307492//3358875, -79650932//671775, -33110173//258375, -547470083//3358875, -15111089//671775, 222451318//1119625, 476991347//3358875, -2316643//44785, 36469717//671775, -31155257//671775, 21122932//671775, -56462086//3358875, 15246877//3358875, -7107886//3358875, -1594352//134355, 470081//258375, -47631574//3358875, 3339//845, 20326127//3358875, 8546227//1119625, -61180//26871, 1652//975, -703753//671775, 99236//223925, -2342//258375, -852593//3358875, 281468//1119625, -96308//223925, 506578//3358875, -346058//1119625, 14414//223925, 511192//3358875, 326221//3358875]
7; 4; 9; 5; 10; 1; 1; 2; 1; 1; [-23060856311//60020962625, 3899052831//12004192525, 9709542606//60020962625, -32437357294//60020962625, -59503162884//60020962625, 44346293086//60020962625, 14731148033//12004192525, -39421630117//60020962625, 20140724828//12004192525, 9171034732//12004192525, 2993054952//2400838505, 5050039026//2400838505, 34917490488//12004192525, 689016199186//60020962625, -148110373207//12004192525, -260338952261//60020962625, 912272782039//60020962625, -164329619601//60020962625, -239815367806//60020962625, -238660886749//12004192525, 46786341887//60020962625, -1151215142201//12004192525, 3441822796//76459825, 2047438052//184679885, -99152783814//2400838505, 612853549318//12004192525, -2758722796137//60020962625, 411074621346//12004192525, -1284629100828//60020962625, 591032509047//60020962625, -29493483463//60020962625, -299458600283//60020962625, 14333319124//2400838505, -401479767719//60020962625, 11742902673//12004192525, -17154193372//12004192525, 1061280876//480167701, -5347699256//2400838505, 21689838312//12004192525, -71697223857//60020962625, 7317172763//12004192525, -9790101398//60020962625, -7582934648//60020962625, 1307655329//4616997125, -19083242273//60020962625, 3033839317//12004192525, -11419043924//60020962625, 310382534//12004192525]
7; 4; 9; 5; 7; 1; 1; 5; 1; 1; [-14903674//26385125, 45167066//26385125, -5417416//26385125, -887578//26385125, 34585272//26385125, 8395968//26385125, -32070501//26385125, 82275572//26385125, 248672238//26385125, -24500564//5277025, -50857008//5277025, 82533166//5277025, -8511948//5277025, 354818164//26385125, -1168388186//26385125, 967662621//26385125, -248919972//26385125, -2241297647//26385125, 1739009242//26385125, 2423428511//26385125, -2767958317//26385125, -4435189273//26385125, 1313351746//5277025, 684234442//5277025, -1710341414//5277025, 151902784//405925, -8683695443//26385125, 6260498102//26385125, -3647683792//26385125, 1434860924//26385125, 39380024//26385125, -956162684//26385125, 1461171768//26385125, -1396001346//26385125, 773691461//26385125, -62941186//5277025, 87400448//5277025, -84491786//5277025, 66323358//5277025, -213473503//26385125, 102468012//26385125, -18324822//26385125, -33772836//26385125, 55683489//26385125, -58793844//26385125, 52101428//26385125, -36650616//26385125, 1125482//2029625]
7; 4; 9; 5; 8; 1; 1; 4; 1; 1; [50836778//26385125, 12499571//5277025, 66027869//26385125, 61755573//26385125, 68399368//26385125, 26847897//5277025, -52069649//26385125, -50761532//5277025, -258750074//26385125, -75575496//5277025, -105565008//5277025, -174517572//5277025, -154872467//5277025, -1961304623//26385125, -524640251//5277025, -3322164679//26385125, -1528363753//26385125, -966172433//26385125, -591734867//5277025, 3542841279//26385125, 1585882573//5277025, 9985383809//26385125, 1410700209//5277025, -1145417393//5277025, 750570948//5277025, -395042702//5277025, 395843631//26385125, 67304877//5277025, -1062642762//26385125, 929437411//26385125, -897290559//26385125, 93568734//5277025, -177590953//26385125, 95603747//5277025, 484506327//26385125, 41324216//5277025, -24096632//5277025, 9062567//5277025, 1051272//5277025, -36615369//26385125, 8541907//5277025, -44801462//26385125, 30703356//26385125, -20790844//26385125, 1305524//5277025, 2073732//26385125, 113524//1055405, 14545327//26385125]
7; 4; 9; 5; 11; 1; 1; 3; 1; 1; [-100278502739//178767164875, 152110032//3372965375, 65512690491//178767164875, 218495033127//178767164875, -37127385104//35753432975, 15271176924//13751320375, 640380116174//178767164875, 209017227823//178767164875, 70526008949//35753432975, -70090994266//35753432975, 319823493//2750264075, 347529537192//35753432975, -576238702613//35753432975, 2388324288474//178767164875, 875953853384//178767164875, -4486589167396//178767164875, -10891512169867//178767164875, 399654038456//35753432975, -3712543864282//178767164875, -86590576696//1057793875, -11251538217238//178767164875, -131189593931//2750264075, 4697668346744//35753432975, 4050971946054//35753432975, -8323842799768//35753432975, 9170958131022//35753432975, -39362317750078//178767164875, 27998318132662//178767164875, -16002548764583//178767164875, 5151269599769//178767164875, 289599743509//35753432975, -100487386972//3372965375, 5690917525408//178767164875, -6314863941049//178767164875, 792577872699//35753432975, -24437745573//2750264075, 412979853056//35753432975, -387179493282//35753432975, 296305404333//35753432975, -928078868078//178767164875, 427113672072//178767164875, -54188745428//178767164875, -187158213961//178767164875, 853103006//550052815, -281496687436//178767164875, 212916004913//178767164875, -160192793784//178767164875, 14066912347//35753432975]
7; 4; 9; 5; 2; 1; 1; 8; 1; 1; [17838094//21093735, 386280254//527343375, 81196343//105468675, -3682334//9949875, 74787964//175781125, 74400028//175781125, -1684079393//527343375, -363791094//175781125, 19409564//527343375, -212638834//105468675, -221416922//35156225, -425912151//35156225, 198715601//35156225, -2561016203//105468675, -11953042774//527343375, -30802331//1622595, 3065996269//175781125, -5320265672//527343375, 310934487//175781125, 19994001841//175781125, 50002494467//527343375, -2522410724//527343375, -12897040459//105468675, -9764675371//105468675, 6968959079//35156225, -1796450284//8112975, 20089631812//105468675, -72568546627//527343375, 2708561678//35156225, -14651949929//527343375, -3229039616//527343375, 12930035098//527343375, -13395232151//527343375, 5698922097//175781125, -3765568124//175781125, 791043229//105468675, -1046618044//105468675, 988101763//105468675, -253991576//35156225, 479343428//105468675, -1130699432//527343375, 29012998//105468675, 445757371//527343375, -700198591//527343375, 709893538//527343375, -526800896//527343375, 431514056//527343375, -204895747//527343375]
7; 4; 9; 5; 6; 1; 1; 10; 1; 1; [-125808721//527343375, -298970267//175781125, -517666108//175781125, -407415688//105468675, -787036092//175781125, -764578731//175781125, 629639187//175781125, 7020759511//527343375, 152785012//8112975, 1228415794//105468675, 63059476//7031245, 102252487//8112975, 2737700509//105468675, 11410298266//527343375, 46241172481//527343375, 54636792359//527343375, 8424667678//105468675, -854378158//40564875, -12131097734//175781125, -144339780721//527343375, -83742747052//175781125, -21915274078//35156225, -30068023166//105468675, 716616812//21093735, 12649839581//105468675, -19367100956//105468675, 32975723421//175781125, -25866727954//175781125, 55698279602//527343375, -5103627886//105468675, 506071406//40564875, 4478426474//527343375, -6376607416//175781125, 2496511717//527343375, -5362088306//105468675, 324250631//105468675, -12186092//1622595, 911530714//105468675, -266007933//35156225, 74575777//13521625, -1651053542//527343375, 234889734//175781125, 21305864//105468675, -489082382//527343375, 592408904//527343375, -708054733//527343375, 77696284//175781125, -1497700//1406249]
7; 4; 9; 5; 6; 1; 1; 8; 1; 1; [52265294//35156225, -113698219//105468675, -411386054//175781125, -1182055462//527343375, -1064243248//527343375, -2579858966//527343375, -1504487269//527343375, 4775533172//527343375, 181141204//8112975, 1829970398//105468675, 126493714//35156225, 23191406//1622595, 940585576//21093735, -841011332//21093735, 1024320419//21093735, 41411903972//527343375, 16499813869//175781125, 727037//765375, -29822923634//527343375, -16659747857//175781125, -3593148704//9949875, -85927493411//105468675, -79181988802//105468675, 2694605272//105468675, 8477661002//21093735, -2398014116//4218747, 58553486866//105468675, -15395003434//35156225, 152726792606//527343375, -71896080709//527343375, 1161564733//40564875, 20825367653//527343375, -41723023288//527343375, 33144500884//527343375, -435252241//4218747, 1237307687//105468675, -192550024//8112975, 550140644//21093735, -156657608//7031245, 2408818//153075, -932177474//105468675, 563750232//175781125, 156134812//175781125, -1551163421//527343375, 625344361//175781125, -1774793113//527343375, 1131986104//527343375, -76961974//35156225]
7; 4; 9; 5; 10; 1; 1; 10; 1; 1; [38458813//35156225, 678759347//175781125, 254500393//175781125, 656022451//175781125, 1139128098//175781125, -33503003//35156225, -232474548//35156225, -49085256//13521625, -112028947//7031245, -1194681086//35156225, -479571747//35156225, -3659642//7031245, -1459322187//35156225, -2447064751//35156225, -373996589//3316625, -1003816563//175781125, -19660011216//175781125, -5924739683//175781125, 10791490107//35156225, 9378865868//35156225, 2323788091//13521625, 24749240368//35156225, 30661266139//35156225, -5177651927//35156225, -2139319476//7031245, 17740277233//35156225, -18559581102//35156225, 75147929179//175781125, -51795846864//175781125, 2047477754//13521625, -8314486969//175781125, -477826672//35156225, 2697858149//35156225, -11563184371//175781125, 3383403398//35156225, -240820384//35156225, 710915542//35156225, -33834603//1406249, 58238064//2704325, -561123096//35156225, 1652206734//175781125, -689319164//175781125, -32646598//175781125, 416609136//175781125, -21150172//7031245, 118251189//35156225, -403707366//175781125, 76103712//35156225]
7; 4; 9; 5; 10; 1; 1; 8; 1; 1; [322950458//175781125, 260370636//175781125, 17065273//175781125, 477094558//175781125, 184057936//35156225, 311262604//175781125, -16761109//3316625, -2102380307//175781125, -513573627//35156225, -425255884//35156225, -314806143//35156225, -129569863//7031245, -432406311//35156225, -12141406293//175781125, -10775179096//175781125, -3774455918//175781125, -4259177213//175781125, -54065436//35156225, 9626992851//175781125, 30540510567//175781125, 94214740127//175781125, 906753507//1406249, 3889109621//35156225, -8185563393//35156225, 1803474011//7031245, -600244782//2704325, 27079995676//175781125, -16153165373//175781125, 5478616696//175781125, 1079127631//175781125, -1011283508//35156225, 513888796//13521625, -4336079169//175781125, 8564206926//175781125, 38598273//2704325, 405345294//35156225, -381972792//35156225, 11698721//1406249, -184517124//35156225, 413964656//175781125, -62200833//175781125, -176241404//175781125, 266732501//175781125, -54849853//35156225, 230626068//175781125, -122820964//175781125, 157598596//175781125, 15316368//35156225]
7; 4; 9; 5; 5; 1; 1; 2; 1; 1; [50668002774//60020962625, 126839302091//180062887875, 78418850752//180062887875, 109135441331//60020962625, 123449497464//60020962625, 207289498024//180062887875, 106913307416//180062887875, -45314664631//36012577575, -1844735843//355153625, -175291585324//36012577575, 27903767647//12004192525, -3237408493//554039655, -299722923871//36012577575, -6570328194517//180062887875, -1048115990737//60020962625, -3436091360837//180062887875, -10182297809953//180062887875, -260324531594//13850991375, 3178052034461//180062887875, 2120384282958//60020962625, 132550055669//1440503103, 9713363113602//60020962625, -2527830997//229379475, -3907683624979//36012577575, 1126653036253//7202515515, -5556814651546//36012577575, 7234091541743//60020962625, -14515291320473//180062887875, 2324545608433//60020962625, -662867736943//60020962625, -167595349457//13850991375, 1278297171006//60020962625, -3648053272163//180062887875, 811594426132//36012577575, -324696118654//60020962625, 233719997554//36012577575, -19908798512//2770198275, 2967209833//480167701, -52788119058//12004192525, 11346968331//4616997125, -164257197938//180062887875, -39418863766//180062887875, 135640781026//180062887875, -181619803741//180062887875, 55461719226//60020962625, -39157372791//60020962625, 17861041684//36012577575, -7798149842//180062887875]
7; 4; 9; 5; 8; 1; 1; 3; 1; 1; [13970026509//35753432975, 1494514283//13751320375, 175343533218//178767164875, -8396219378//13751320375, 217341028436//178767164875, 68774712822//35753432975, -440706475858//178767164875, 312185507501//178767164875, -236548457211//178767164875, -128960975606//35753432975, 36243719478//35753432975, -412870665338//35753432975, 27758797568//7150686595, -233205047526//35753432975, -205583785163//13751320375, -95063581601//3372965375, 7729696343949//178767164875, -8290905485001//178767164875, -850588798544//35753432975, 7582744889138//178767164875, -10396265982221//178767164875, 18815515276671//178767164875, -5183295372506//35753432975, -5173991122272//35753432975, 10155441631742//35753432975, -2215646373966//7150686595, 9432115841661//35753432975, -33322545862322//178767164875, 18335362171396//178767164875, -6078575109603//178767164875, -2252530535653//178767164875, 1227856908722//35753432975, -7335692760356//178767164875, 6487055530147//178767164875, -4324503031527//178767164875, 391179478611//35753432975, -499689960268//35753432975, 464482528268//35753432975, -14137582812//1430137319, 43902024657//7150686595, -497095931062//178767164875, 43034558626//178767164875, 228372985972//178767164875, -26284852331//13751320375, 66196165006//35753432975, -262616202976//178767164875, 169478695332//178767164875, -74676096567//178767164875]
7; 4; 9; 5; 7; 1; 1; 2; 1; 1; [-22920371993//60020962625, -92094847983//60020962625, -172767312603//60020962625, -10434820459//2400838505, -292751665556//60020962625, -232842483178//60020962625, -245654383321//60020962625, -19354477453//4616997125, -274736272439//60020962625, -12267444406//12004192525, -3387949626//12004192525, 47019953104//12004192525, 57742559972//12004192525, 813602696403//60020962625, 2322080577083//60020962625, 4526960639998//60020962625, 1276057252244//12004192525, 458724775362//4616997125, 924523146503//60020962625, -1875542502369//60020962625, -6765810294131//60020962625, -7339244863646//60020962625, -5934381373//76459825, 421157162919//12004192525, -40636747556//12004192525, -182816770158//12004192525, 1445021974004//60020962625, -1306467055811//60020962625, 1342619434244//60020962625, -93233360176//12004192525, 656032163248//60020962625, -53261744076//60020962625, -176448244797//60020962625, -123528829308//60020962625, -531513013498//60020962625, -8123011929//12004192525, -4915192884//12004192525, 11554006871//12004192525, -13043640897//12004192525, 57925654324//60020962625, -39256885596//60020962625, 27755244344//60020962625, -733967214//12004192525, 3871793753//60020962625, 7801703564//60020962625, -10576201862//60020962625, 15441608//355153625, -12636699658//60020962625]
7; 4; 9; 5; 5; 1; 1; 10; 1; 1; [-276031802//105468675, -2611057828//527343375, -247027016//527343375, 257400281//175781125, 15576118//35156225, 4448345558//527343375, 5875633132//527343375, -3061154516//527343375, -64468143//13521625, 77186506//4218747, 327341904//35156225, 28497301//8112975, 819269647//21093735, 11470838098//105468675, 45410775398//527343375, -18248276428//175781125, -17479534341//175781125, -327007671//2704325, -184009171448//527343375, -54859744652//527343375, 207953727751//527343375, -19830607496//175781125, -2540189474//4218747, 20443431542//105468675, 8694025933//105468675, -4735374419//21093735, 28527410152//105468675, -122593230706//527343375, 88831608778//527343375, -56444808449//527343375, 291823031//8112975, -136012193//9949875, -5582369092//175781125, 28507424938//527343375, -6948590058//175781125, -2652740//4218747, -66218914//8112975, 411038944//35156225, -16045487//1406249, 14851498//1622595, -3073492181//527343375, 496380486//175781125, -364471129//527343375, -100718737//105468675, 650394911//527343375, -301582007//175781125, 896441998//527343375, -548088209//527343375]
7; 4; 9; 5; 4; 1; 1; 6; 1; 1; [-503992//2941395, -84751721//191190675, 157081579//955953375, -64252606//63730225, -399752194//191190675, -504462482//955953375, 1027881448//955953375, 1544585833//955953375, 3456995746//955953375, 25024108//12746045, -117947696//63730225, -475543478//191190675, 413091626//63730225, 3889706971//191190675, 5028453551//191190675, -13471990308//318651125, -20596337//2941395, 7199260192//191190675, -46959146113//955953375, -3492070406//73534875, 7955390272//955953375, -75907164702//318651125, -4108191677//12746045, 11519455037//191190675, 19796703692//191190675, -34088394787//191190675, 11984647707//63730225, -9830909399//63730225, 100086729448//955953375, -11030680799//191190675, 56653919//2941395, 2162511287//318651125, -7909877263//318651125, 25370656216//955953375, -2490008156//73534875, 82514171//38238135, -1353112822//191190675, 544561051//63730225, -492132521//63730225, 366840013//63730225, -657244492//191190675, 453529306//318651125, -1132171//63730225, -152733611//191190675, 355581987//318651125, -370085548//318651125, 847859566//955953375, -1565203//2029625]
7; 4; 9; 5; 5; 1; 1; 8; 1; 1; [-1416432058//527343375, -1293246629//527343375, -375175787//527343375, 522375166//527343375, 805158064//175781125, 5071186526//527343375, 922972333//175781125, -407744972//527343375, 187381279//40564875, 324114998//35156225, -141910369//35156225, -7962486//2704325, -777003769//105468675, 14090709696//175781125, 24013744969//527343375, 1182155529//175781125, -13833445602//175781125, -12143889389//40564875, -212924596886//527343375, -37061872849//527343375, 125870593997//527343375, 33248120346//175781125, 6223922388//35156225, 7067866626//35156225, -40222042774//105468675, 14441459462//35156225, -181581113231//527343375, 43105652724//175781125, -70864289179//527343375, 7340347294//175781125, 25442341//13521625, -34805757068//527343375, 28429388008//527343375, -21390996974//527343375, 24547057474//527343375, -519331893//35156225, 50283048//2704325, -603791762//35156225, 456182043//35156225, -322024927//40564875, 1892699812//527343375, -137721694//527343375, -927649868//527343375, 1182479719//527343375, -1488230528//527343375, 1012300138//527343375, -579877264//527343375, 430679759//527343375]
7; 4; 9; 5; 7; 1; 1; 10; 1; 1; [7022983//7031245, 603576231//175781125, 125150773//175781125, -423798129//175781125, -275047484//175781125, -789832923//175781125, -1446958483//175781125, -597568//1406249, 1538958498//175781125, -192473222//35156225, -479335572//35156225, 65299354//35156225, -240226742//35156225, -1418755132//35156225, -15615206751//175781125, 9601885922//175781125, 19263859214//175781125, 1200758968//13521625, 2798886066//13521625, 25862464373//175781125, -7270882032//35156225, -42371149933//175781125, 123670526//663325, 4048927768//35156225, -726589782//2704325, 10710556378//35156225, -9425406062//35156225, 32983161382//175781125, -19043700239//175781125, 8283983242//175781125, 1754533797//175781125, -4105418956//175781125, 8533377654//175781125, -1699653752//35156225, 3294600581//175781125, -351637993//35156225, 8992284//663325, -456436484//35156225, 354992262//35156225, -228036418//35156225, 525967642//175781125, -6163588//13521625, -13415841//13521625, 25303784//13521625, -295158886//175781125, 290679564//175781125, -42696868//35156225, 60501836//175781125]
7; 4; 9; 5; 12; 1; 1; 7; 1; 1; [3754437//6803875, 125402068//88450375, 145761269//88450375, 1033609//88450375, -179334758//88450375, -234011592//88450375, -5970661//3538015, -136195292//88450375, -232996509//88450375, -98536572//17690075, -38574558//3538015, -199250599//17690075, -53362674//17690075, -14151596//88450375, -1436030218//88450375, -3088280709//88450375, -300285429//88450375, 6033416778//88450375, 12637492132//88450375, 2398444949//17690075, 10311517512//88450375, 4984777114//88450375, -18840324//1360775, -12146398//3538015, 202601501//17690075, -265286309//17690075, 1205182487//88450375, -971934894//88450375, 415418333//88450375, -256325767//88450375, 287039184//88450375, 53437177//6803875, 73241204//17690075, 12100702//1668875, 87507952//88450375, 7153337//17690075, -2307242//3538015, 11374644//17690075, -9430386//17690075, 31453837//88450375, -17559259//88450375, 1697268//88450375, 3214253//88450375, -2169416//88450375, 18929481//88450375, 647336//17690075, 1060702//6803875, 1434587//88450375]
7; 4; 9; 5; 9; 1; 1; 7; 1; 1; [594//325, 59479//21125, 21109//21125, -16077//4225, -1266//169, -42684//4225, 26734//21125, 158463//21125, 22111//4225, -394//325, -6252//325, 54//13, 16082//325, -4029//325, -910569//21125, -748019//21125, 287966//4225, 223487//845, 1800207//4225, 1666936//21125, -5293173//21125, -635868//845, -210919//325, 53763//325, 9536//65, -7431//25, 106958//325, -6012047//21125, 4190818//21125, -92732//845, 44037//845, 4944//169, -707827//21125, 722836//21125, -319682//4225, 564//325, -286//25, 963//65, -4497//325, 3448//325, -141212//21125, 63568//21125, -1228//4225, -892//845, 9894//4225, -40712//21125, 29566//21125, -7264//4225]
7; 4; 9; 5; 7; 1; 1; 8; 1; 1; [221036568//175781125, 149844718//175781125, -66801283//35156225, -714626026//175781125, -753482852//175781125, -856892987//175781125, -355111426//175781125, 149945516//35156225, -676023//35156225, -285000116//35156225, 176653176//35156225, 757422478//35156225, 71472887//2704325, -5594068293//175781125, -3365565478//175781125, 1627598521//35156225, 21259956611//175781125, 33870553517//175781125, 39570920127//175781125, -10897357564//175781125, -2987619787//7031245, -12035509646//35156225, -2413453661//35156225, -2539808619//35156225, 4956619438//35156225, -5295368124//35156225, 22413275681//175781125, -1234321183//13521625, 1843458072//35156225, -158550289//13521625, 585280156//175781125, 4864184686//175781125, -4194962807//175781125, -7970527//35156225, -208219282//7031245, 189779736//35156225, -240853916//35156225, 17235749//2704325, -168667776//35156225, 519940141//175781125, -237532949//175781125, 5446086//35156225, 126367903//175781125, -132662564//175781125, 194792016//175781125, -138379597//175781125, 4301416//35156225, -1454424//2704325]
7; 4; 9; 5; 3; 1; 1; 11; 1; 1; [1541651//3358875, -2996393//3358875, -4411144//3358875, -8058346//3358875, -3664234//671775, -15834862//3358875, 4905458//3358875, 7905007//3358875, 984232//258375, 5892176//671775, 600487//223925, 188039//17225, 16127656//671775, 56098154//3358875, 200842283//3358875, 106216204//3358875, 114773952//1119625, 2781133//17225, 380033092//3358875, -116592778//3358875, -609321542//3358875, -272765912//1119625, -311633614//671775, -10464124//671775, 65350827//223925, -264197119//671775, 422911699//1119625, -975225566//3358875, 632716112//3358875, -282378722//3358875, 223478//10335, 123720026//3358875, -180665734//3358875, 153439909//3358875, -185950298//3358875, 6091249//671775, -286514//17225, 11948854//671775, -3345262//223925, 896413//86125, -6333077//1119625, 6366862//3358875, 2735038//3358875, -437397//223925, 8635976//3358875, -7530209//3358875, 4943794//3358875, -1317196//1119625]
7; 4; 9; 5; 12; 1; 1; 12; 1; 1; [-1860821//1119625, -3373898//1119625, -823928//223925, -2804099//1119625, 28004//1119625, 4736729//1119625, 8670689//1119625, 7950863//1119625, 6953226//1119625, 1478572//223925, 3519387//223925, 5178844//223925, 3980841//223925, 62269461//1119625, 72016498//1119625, 15340337//223925, 1235108//86125, -78969234//1119625, -269260609//1119625, -395507609//1119625, -388479083//1119625, -219712356//1119625, 7550587//223925, 897849//17225, -20054536//223925, 21592656//223925, -86539242//1119625, 64849509//1119625, -5983317//223925, 11217272//1119625, 1292888//1119625, -25031562//1119625, -2975857//1119625, -30845574//1119625, -293988//1119625, -798312//223925, 978628//223925, -882379//223925, 664974//223925, -150234//86125, 919174//1119625, 1722//44785, -34836//86125, 592003//1119625, -872272//1119625, 168513//1119625, -660424//1119625, -27033//1119625]
7; 4; 9; 5; 9; 1; 1; 12; 1; 1; [-163123//1119625, 598487//1119625, -1108693//1119625, 121821//1119625, -1871152//1119625, -1270483//1119625, -97768//1119625, 2920//8957, 2885552//1119625, 259332//223925, 2665989//223925, -427012//223925, 3163989//223925, 11756//21125, -13714627//1119625, 37724623//1119625, -10670806//1119625, 78606812//1119625, 14015238//1119625, 116310178//1119625, 622886//44785, 84692158//1119625, 10863552//223925, -34242836//223925, 41269028//223925, -37081406//223925, 137907804//1119625, -83488286//1119625, 36404449//1119625, -411278//1119625, -16684724//1119625, 28633444//1119625, -21748946//1119625, 874428//44785, -9778806//1119625, 1804418//223925, -1791184//223925, 1435692//223925, -1371//325, 2390604//1119625, -571191//1119625, -580846//1119625, 1164837//1119625, -1202584//1119625, 1088774//1119625, -654551//1119625, 3456//8957, -69936//1119625]
7; 4; 9; 5; 2; 1; 1; 9; 1; 1; [11092//12675, 39677//21125, 65872//63375, 116381//63375, 179176//63375, -68216//63375, -3306//4225, -39982//21125, -28831//2535, -5702//507, -14524//4225, -52694//4225, -61886//2535, -308834//12675, -4069771//63375, -1418632//63375, -1133471//63375, -3183196//63375, 7465336//63375, 632644//4225, 8427626//63375, 1182707//4225, 199750//507, -549892//12675, -2151902//12675, 130976//507, -3322603//12675, 4392654//21125, -8963236//63375, 4513037//63375, -99856//4875, -714602//63375, 511538//12675, -1953802//63375, 560611//12675, -2243//507, 134072//12675, -153368//12675, 8938//845, -97319//12675, 278537//63375, -109976//63375, -14113//63375, 78632//63375, -98662//63375, 4253//2535, -67832//63375, 12409//12675]
7; 4; 9; 5; 4; 1; 1; 4; 1; 1; [-1523462//6088875, 2089948//6088875, 7837436//6088875, 1612244//2029625, 342788//1217775, -3229744//6088875, -786854//243555, -3205621//1217775, 25092023//6088875, 2314972//405925, -668968//405925, -1314412//1217775, -289363//1217775, 29866987//6088875, -37154588//6088875, 1380434//6088875, 158356613//6088875, 16860923//1217775, 179046169//6088875, 165524228//1217775, 9572928//81185, -120155786//2029625, -34594193//405925, 88363051//1217775, -62109752//1217775, 34555012//1217775, -57848954//6088875, -20065049//6088875, 19961869//2029625, -65020811//6088875, 4602744//405925, -13433441//2029625, 13333883//1217775, 4049752//1217775, -16280794//6088875, -3301456//1217775, 2047564//1217775, -306191//405925, 26776//405925, 2131406//6088875, -3182134//6088875, 3140812//6088875, -794687//2029625, 69488//243555, -230151//2029625, 181657//1217775, 164984//1217775, -239388//2029625]
7; 4; 9; 5; 11; 1; 1; 11; 1; 1; [-1831871//1119625, -105168//223925, -4346259//1119625, 1183216//1119625, -595022//1119625, -3122206//1119625, 7647797//1119625, 75506//21125, 20045503//1119625, 2678126//223925, -1036098//223925, 8772898//223925, -589653//44785, 72059996//1119625, -2050342//223925, 94654094//1119625, -30531036//1119625, -198102318//1119625, 42337606//1119625, -339283517//1119625, -261338093//1119625, -435689653//1119625, -152622634//223925, 165211682//223925, -139770032//223925, 19603309//44785, -269397257//1119625, 18433274//223925, 34343607//1119625, -96790898//1119625, 105707336//1119625, -101490652//1119625, 61247904//1119625, -57899544//1119625, -458349//1119625, -6909386//223925, 5234678//223925, -3229578//223925, 288039//44785, -529627//1119625, -675761//223925, 5091482//1119625, -5008038//1119625, 3820776//1119625, -2596222//1119625, 1038884//1119625, -534834//1119625, -712839//1119625]
7; 4; 9; 5; 3; 1; 1; 5; 1; 1; [-5813474//6088875, 168817//1217775, 980999//6088875, 889//31225, -274892//1217775, 15813283//6088875, 2321072//468375, -40941548//6088875, -132727094//6088875, -24033494//1217775, -5576782//405925, -9390182//405925, -5926201//93675, -12061667//2029625, -55058557//1217775, -206777613//2029625, -44024849//405925, -19163819//243555, -785365183//6088875, -128166772//468375, -164052607//6088875, 3466250404//6088875, 612447241//1217775, -8607497//405925, -322836106//1217775, 152130624//405925, -750799211//2029625, 353864399//1217775, -1188661082//6088875, 36177887//405925, -28141406//1217775, -203250139//6088875, 225823987//6088875, -327293171//6088875, 425198012//6088875, -3111227//405925, 6363572//405925, -540361//31225, 5997336//405925, -21317271//2029625, 7171594//1217775, -13395722//6088875, -246984//405925, 2282428//1217775, -15217879//6088875, 11857682//6088875, -10084096//6088875, 9025487//6088875]
7; 4; 9; 5; 6; 1; 1; 9; 1; 1; [-18//4225, 34729//21125, 43256//63375, -59366//63375, -48276//21125, -46704//21125, -206264//63375, -181387//12675, -83099//4875, -49236//4225, -79419//4225, -4429//195, -19529//845, -52669//12675, -2457607//63375, -893186//63375, 791937//21125, 800246//4875, 8459407//63375, 5320154//63375, 1533707//4225, 24210847//63375, 734189//4225, 281233//12675, -113357//845, 430784//2535, -674617//4225, 7593659//63375, -4841903//63375, 2282723//63375, 19013//4875, -569459//63375, 563559//21125, -5484//845, 2269781//63375, -55852//12675, 548//75, -3857//507, 1054//169, -277//65, 141364//63375, -42748//63375, -23137//63375, 68119//63375, -20063//21125, 63517//63375, -4568//12675, 45346//63375]
7; 4; 9; 5; 10; 1; 1; 9; 1; 1; [-7148//21125, 15402//21125, -3382//21125, -1402//21125, -872//21125, -4444//21125, 11077//21125, 1883//21125, -39957//21125, -9596//4225, 9849//4225, 1878//845, -2486//845, 116468//21125, -222922//21125, 297767//21125, -536643//21125, -6278//21125, 272874//21125, -544707//21125, -1442913//21125, 875497//21125, 501724//4225, 39944//4225, -69174//845, 91216//845, -2151246//21125, 1650564//21125, -1034084//21125, 462121//21125, -65599//21125, -179643//21125, 279154//21125, -374619//21125, 291571//21125, -11114//4225, 19416//4225, -4084//845, 3402//845, -58446//21125, 31469//21125, -738//1625, -5204//21125, 12286//21125, -14033//21125, 12154//21125, -10424//21125, 6151//21125]
7; 4; 9; 5; 4; 1; 1; 3; 1; 1; [-1960175278//2750264075, 15335587609//13751320375, 8614480858//13751320375, -39255118327//41253961125, 8875655668//13751320375, 46136138122//41253961125, -107369287852//41253961125, -4461457589//8250792225, 152154789868//41253961125, -7120556392//2750264075, -12528505842//2750264075, 19902354334//8250792225, -17603436103//1650158445, 64499261276//2750264075, -1186300413347//41253961125, -156798281418//13751320375, 26855986969//778376625, -98205142433//13751320375, -1364473013392//41253961125, 1384971744294//13751320375, 421256513438//8250792225, -4640417346323//41253961125, 22841655716//211558775, 387149623648//2750264075, -2127778697026//8250792225, 30247400216//110010563, -1902320553634//8250792225, 6581124591014//41253961125, -1220377517274//13751320375, 1252342946021//41253961125, 151732224066//13751320375, -1400535203746//41253961125, 590035135382//13751320375, -87858251833//2750264075, 828352504451//41253961125, -27728400298//2750264075, 103112997116//8250792225, -94532117284//8250792225, 4731259499//550052815, -43318031222//8250792225, 589993691//259458875, -1823210144//13751320375, -46829690729//41253961125, 435395677//259458875, -5345297782//3173381625, 1090987757//778376625, -6737253092//8250792225, 13660518446//41253961125]
7; 4; 9; 5; 8; 1; 1; 11; 1; 1; [-3509//21125, -3124//21125, -538//21125, 4924//21125, 20614//21125, 28994//21125, 38641//21125, 21851//21125, 2334//4225, -3402//4225, -3972//4225, -12023//4225, -26779//4225, -14136//21125, -326126//21125, -462212//21125, -705279//21125, -1506579//21125, -1625064//21125, -2347391//21125, -2004146//21125, -209524//4225, -15234//325, 20118//4225, 86257//4225, -133209//4225, 661327//21125, -548258//21125, 333504//21125, -212997//21125, -23327//21125, -30697//21125, -191878//21125, 2747//21125, -25462//4225, 2292//4225, -5398//4225, 6128//4225, -5391//4225, 19337//21125, -11488//21125, 3894//21125, -32//21125, -4567//21125, 2823//21125, -5933//21125, 1282//21125, -552//4225]
7; 4; 9; 5; 11; 1; 1; 5; 1; 1; [-3625874//2029625, 519451904//26385125, 645424521//26385125, 23184818//2029625, -69215788//26385125, 735012236//26385125, 49731733//2029625, -1064189271//26385125, -3547377926//26385125, -407540964//5277025, -107231814//5277025, -720209662//5277025, -107767313//405925, 2049309637//26385125, -12792981104//26385125, -20754997826//26385125, -9529456899//26385125, 20483586598//26385125, 17362486899//26385125, 229428627//2029625, 33405142051//26385125, 134303872971//26385125, 22469625291//5277025, -686118659//5277025, -12147616102//5277025, 17110140076//5277025, -83648271754//26385125, 65528602793//26385125, -43865613498//26385125, 20625164213//26385125, -3307743386//26385125, -5576726903//26385125, 11404575023//26385125, -799965104//2029625, 1233867781//2029625, -355487176//5277025, 715087124//5277025, -60370971//405925, 669544224//5277025, -2365795394//26385125, 1320364848//26385125, -37433336//2029625, -131874777//26385125, 461114059//26385125, -527727553//26385125, 496239993//26385125, -340143832//26385125, 338701093//26385125]
7; 4; 9; 5; 12; 1; 1; 6; 1; 1; [4398165892//4142464625, -6957823336//4142464625, -7790011//24511625, 4296837872//4142464625, -10868316092//4142464625, -8077190382//4142464625, 14648111992//4142464625, -12936229187//4142464625, -4380638512//828492925, 1894190442//165698585, 17649288//165698585, -313478622//33139717, 22906722687//828492925, -185798696917//4142464625, 201927825976//4142464625, 146016196844//4142464625, -134001118157//4142464625, 164301203407//4142464625, 451951300717//4142464625, -519213095442//4142464625, -264839896058//4142464625, 141656042519//828492925, -44577022749//165698585, -38447467733//165698585, 15822055874//33139717, -435613483408//828492925, 1865629898464//4142464625, -1318380824997//4142464625, 756848454832//4142464625, -274167351061//4142464625, -4378486198//318651125, 265308038991//4142464625, -325209828461//4142464625, 263643270926//4142464625, -34883611547//828492925, 603440299//33139717, -3921272756//165698585, 735606787//33139717, -14072672082//828492925, 44006751104//4142464625, -20075222222//4142464625, 2519029332//4142464625, 8327402399//4142464625, -12940735244//4142464625, 13600218581//4142464625, -11147410121//4142464625, 6924364376//4142464625, -616162611//828492925]
7; 4; 9; 5; 3; 1; 1; 2; 1; 1; [345240349139//180062887875, 296885985377//60020962625, 526948983113//60020962625, 825465159162//60020962625, 154855497334//7202515515, 1135914517943//36012577575, 2504816887263//60020962625, 9092434186943//180062887875, 835299142766//13850991375, 33872316200//480167701, 918783661824//12004192525, 3527220937//42618435, 1089761368516//12004192525, 7183449321611//180062887875, -850516612261//180062887875, -14057395954204//180062887875, -32213402928131//180062887875, -893341079849//2770198275, -13904215030757//36012577575, -59065604412199//180062887875, -11039598983066//60020962625, -7176714143711//60020962625, -2864411727//15291965, -783088280173//36012577575, 358432018539//2400838505, -6583752218227//36012577575, 10573375810596//60020962625, -7990805744201//60020962625, 4758072766066//60020962625, -8216264163433//180062887875, -29836775954//2770198275, -12994583501//12004192525, -7186334505247//180062887875, 3006110144576//180062887875, -4628519225389//180062887875, 35057302169//7202515515, -21996366934//2770198275, 60258143809//7202515515, -81173896621//12004192525, 21648205362//4616997125, -446339426548//180062887875, 118289800958//180062887875, 16874655459//60020962625, -46746456008//36012577575, 1997885561//2400838505, -77955217799//60020962625, 34472950282//60020962625, -95311267729//180062887875]
7; 4; 9; 5; 9; 1; 1; 6; 1; 1; [-3663783336//4142464625, -4994151391//4142464625, -349076849//165698585, -2384197412//4142464625, 1566445154//4142464625, 17165858172//4142464625, 131588183//33139717, 17674071236//4142464625, 9169724319//4142464625, 4600471366//828492925, 11211682314//828492925, 12157264666//828492925, 5248280224//828492925, 109539954206//4142464625, 109262100061//4142464625, 45721527473//828492925, 1710897767//4142464625, -117212766239//4142464625, -725642079482//4142464625, -30443707517//165698585, -793015934421//4142464625, 150141512531//4142464625, 79373507656//828492925, 47732432//5277025, -55093681744//828492925, 73241077799//828492925, -338983791067//4142464625, 269317479498//4142464625, -31204034187//828492925, 76988862501//4142464625, -15201353142//4142464625, -63842385861//4142464625, 565519008//165698585, -85288646348//4142464625, 46906791323//4142464625, -1790937026//828492925, 3116856046//828492925, -3250524876//828492925, 2716079406//828492925, -9214747877//4142464625, 5111410888//4142464625, -269684408//828492925, -59547598//318651125, 143896491//318651125, -2899025101//4142464625, 54447837//165698585, -2140096258//4142464625, 985030303//4142464625]
7; 4; 9; 5; 5; 1; 1; 9; 1; 1; [-2387//12675, 21964//63375, 8519//12675, 120478//63375, -9102//21125, -79981//63375, -16574//4225, -94957//12675, -4139//1625, 52486//12675, 47663//4225, -9472//975, -60578//12675, -182674//12675, -1334174//63375, -145492//12675, -492898//63375, 158789//1625, 2610016//63375, 526464//4225, 89216//845, 2344061//63375, -1513214//12675, -1482686//12675, 2936854//12675, -3212903//12675, 545752//2535, -9692222//63375, 214361//2535, -1896644//63375, -19624//4875, 649436//21125, -373094//12675, 463999//12675, -1395067//63375, 113084//12675, -3706//325, 44862//4225, -34194//4225, 4894//975, -145072//63375, 902//4225, 63556//63375, -91537//63375, 33056//21125, -14254//12675, 11498//12675, -24367//63375]
7; 4; 9; 5; 8; 1; 1; 5; 1; 1; [863321//5277025, 12505228//26385125, 50892796//26385125, 4036672//2029625, 58620334//26385125, 32257812//5277025, 166772186//26385125, 328063118//26385125, 15976261//2029625, 98628008//5277025, 132191862//5277025, 138010326//5277025, 145461569//5277025, 13063087//405925, 723075342//26385125, -783463896//26385125, 120045694//26385125, -289822584//26385125, -119372523//5277025, -1305045686//26385125, -3891075018//26385125, 4366513287//26385125, -29180509//405925, 428160047//5277025, -355520504//5277025, 262440359//5277025, -136558416//5277025, 288711171//26385125, 28746907//26385125, -17870116//2029625, 278641253//26385125, -58670917//5277025, 139809387//26385125, -297791219//26385125, 249703111//26385125, -17684123//5277025, 13702658//5277025, -8384021//5277025, 4006806//5277025, -59022//1055405, -7608534//26385125, 11997402//26385125, -12667523//26385125, 10076283//26385125, -296069//1055405, 2419607//26385125, -4238434//26385125, 2915736//26385125]
7; 4; 9; 5; 7; 1; 1; 9; 1; 1; [12248//21125, -20764//21125, -25416//21125, -1198//845, -1956//1625, 35527//21125, 180324//21125, 235632//21125, 36077//4225, 41094//4225, 43434//4225, 17412//4225, 21904//845, 328872//21125, 1258024//21125, 191736//21125, 38874//4225, -328992//21125, -195574//1625, -5498094//21125, -5001057//21125, -820981//4225, -1017126//4225, -426696//4225, 1186152//4225, -277542//845, 6216636//21125, -4488128//21125, 2701848//21125, -216306//4225, -68721//21125, 592574//21125, -1198062//21125, 676344//21125, -35431//845, 42801//4225, -61244//4225, 60048//4225, -9492//845, 155256//21125, -5806//1625, 16188//21125, 4486//4225, -40416//21125, 40484//21125, -40467//21125, 20484//21125, -3407//4225]
7; 4; 9; 5; 3; 1; 1; 10; 1; 1; [-19618602//175781125, -123009331//105468675, -90083778//175781125, -230504887//527343375, -52245302//175781125, -212512926//175781125, -257940214//105468675, -48980284//35156225, -96096976//13521625, -792934708//105468675, -274464691//35156225, -56589324//2704325, -2643294571//105468675, -17926923964//527343375, 231408743//35156225, -4654288072//175781125, -27360097168//527343375, -856151806//13521625, -20935152714//175781125, -10255649518//105468675, -6505010969//105468675, 39152543969//527343375, 92838932//105468675, -11351695978//105468675, 15494411434//105468675, -15145747441//105468675, 57956629753//527343375, -2506810448//35156225, 17535068372//527343375, -1490311278//175781125, -583460684//40564875, 7444208104//527343375, -173880212//7031245, 296029586//21093735, -4284878983//527343375, 653806243//105468675, -18135818//2704325, 596608726//105468675, -140261053//35156225, 88080071//40564875, -5183917//7031245, -143145458//527343375, 128633437//175781125, -519052232//527343375, 388120834//527343375, -24705777//35156225, 33685082//105468675, -48287648//527343375]
7; 4; 9; 5; 11; 1; 1; 2; 1; 1; [-30781864988//60020962625, -90283880019//60020962625, -218503142467//60020962625, -398598272902//60020962625, -587946544904//60020962625, -899330378449//60020962625, -1348343844178//60020962625, -147029322469//4616997125, -2246909715931//60020962625, -501779829962//12004192525, -119643579924//2400838505, -154386227974//2400838505, -846923464951//12004192525, -3113172901587//60020962625, -2365458684341//60020962625, -1061488983463//60020962625, 1976132506637//60020962625, 455018121448//4616997125, 10285045413159//60020962625, 13332926524548//60020962625, 15750232008967//60020962625, 13561796743906//60020962625, 7668152119//76459825, 3103356783//2400838505, -161256572794//2400838505, 77318980878//923399425, -5127013091921//60020962625, 3768286608617//60020962625, -193783743238//4616997125, 1262129859401//60020962625, 80335585102//60020962625, 46862383877//60020962625, 1296254514519//60020962625, 2602678896//60020962625, 1202945058498//60020962625, -24431561793//12004192525, 1740529280//480167701, -9537909581//2400838505, 38845039176//12004192525, -140087087281//60020962625, 73422436032//60020962625, -25564310974//60020962625, -7943810759//60020962625, 32753312607//60020962625, -23917627923//60020962625, 40690549069//60020962625, -7989884884//60020962625, 24463876078//60020962625]
7; 4; 9; 5; 3; 1; 1; 8; 1; 1; [-1729609//21093735, 130347356//175781125, 3097120612//527343375, 1031813986//105468675, 2528815888//527343375, -663727984//527343375, -2673745538//527343375, -2658516167//175781125, -602577233//40564875, 346909378//105468675, -316912313//35156225, -462801902//8112975, -1402288544//21093735, -658940337//35156225, 2806712512//527343375, -64911505177//527343375, -4053715933//21093735, -3654354641//40564875, 3054169343//175781125, 59060791066//175781125, 165074778992//175781125, 468320564384//527343375, 1538185153//105468675, -3992712813//35156225, 5124174578//35156225, -1003518404//7031245, 11232177934//105468675, -35487361339//527343375, 4501695113//175781125, -1338635117//105468675, -676898498//40564875, 10837072892//527343375, -849038287//175781125, 10342257286//175781125, 97222668//3316625, 222111719//35156225, -53802032//8112975, 10860337//1989975, -5393861//1406249, 16387922//8112975, -109108388//175781125, -74142122//175781125, 67172531//105468675, -176312858//175781125, 146229324//175781125, -161763766//527343375, 202172796//175781125, 6186274//9949875]
7; 4; 9; 5; 2; 1; 1; 7; 1; 1; [296026819//265351125, 607629232//265351125, 136412872//265351125, 172985003//265351125, 27258604//88450375, 48723191//17690075, 230710654//265351125, -565713689//53070225, -768324183//88450375, -103271374//17690075, -239698111//17690075, -486373021//53070225, -611913353//53070225, -8681336884//265351125, -1319251084//20411625, -3414595284//88450375, 1289053464//88450375, 789927207//6803875, -1665512//53070225, 3468032236//265351125, 1168177657//3538015, 25972236893//88450375, 4921861756//17690075, -2057972218//53070225, -5799518251//53070225, 9149597192//53070225, -15721902039//88450375, 37350911734//265351125, -26106971906//265351125, 13546368196//265351125, -2232410561//265351125, -548510168//53070225, 2019844336//88450375, -522373177//53070225, 57985783//1668875, -142099223//53070225, 370286468//53070225, -431709364//53070225, 9779227//1360775, -466560719//88450375, 268196723//88450375, -111614252//88450375, -20839859//265351125, 249075709//265351125, -785462//707603, 93816311//88450375, -27952004//53070225, 15551389//20411625]
7; 4; 9; 5; 12; 1; 1; 4; 1; 1; [2480871//2029625, 123533388//26385125, 204377201//26385125, 33386892//5277025, -21264644//26385125, -131726886//26385125, -1071025//211081, -376571421//26385125, -5175919//211081, -116977928//5277025, -51245586//5277025, -130583736//5277025, -235018761//5277025, -1432517638//26385125, -3960125608//26385125, -5351143406//26385125, -597091858//5277025, 6376725404//26385125, 14004346606//26385125, 185782021//405925, 7759622561//26385125, 2586469697//5277025, 2571568102//5277025, -269985826//5277025, -1131576796//5277025, 1703714504//5277025, -8667445874//26385125, 6756456126//26385125, -4852609813//26385125, 444262018//5277025, -297947788//26385125, 78385458//26385125, 331527358//5277025, -863431917//26385125, 324891127//5277025, -29789042//5277025, 69993796//5277025, -79864514//5277025, 69578061//5277025, -1496086//156125, 142471826//26385125, -60461108//26385125, -394398//1055405, 48012362//26385125, -42749002//26385125, 12272317//5277025, -32286292//26385125, 7065783//5277025]
7; 4; 9; 5; 11; 1; 1; 10; 1; 1; [37639881//175781125, 188679334//175781125, 187613989//175781125, -18029678//175781125, 83384542//175781125, 23428764//13521625, -35083119//175781125, -60789099//35156225, -237624711//175781125, 103435154//35156225, 12976248//2704325, 33983668//35156225, 54805658//7031245, 101276278//13521625, -1783170864//175781125, -738847649//175781125, 9910695138//175781125, 11657497893//175781125, 8461583828//175781125, 16577210519//175781125, 57986791//540865, 33768558631//175781125, 3707604764//35156225, -2506404476//35156225, 1332968458//35156225, -74313487//7031245, -1147273553//175781125, 2705240648//175781125, -245502469//13521625, 3204079784//175781125, -1454240001//175781125, 28824468//3316625, 316148802//175781125, 158154103//35156225, 1869045283//175781125, 6232862//2704325, -33014494//35156225, -1050788//35156225, 4196832//7031245, -139424023//175781125, 132865613//175781125, -8088144//13521625, 75149054//175781125, -21720281//175781125, 12342874//175781125, 25436522//175781125, -501174//35156225, 48051473//175781125]
7; 4; 9; 5; 8; 1; 1; 2; 1; 1; [-75159328241//60020962625, -167569322959//60020962625, -337084639191//60020962625, -47486881397//4616997125, -988683575474//60020962625, -121160802234//4616997125, -2202190396342//60020962625, -205079666464//4616997125, -2985324015043//60020962625, -593186502326//12004192525, -591722766381//12004192525, -1933089056//36935977, -603257259403//12004192525, -175450587004//60020962625, 1983117418569//60020962625, 7229921913871//60020962625, 14068662772686//60020962625, 22211667852899//60020962625, 2603189191774//4616997125, 38481798149992//60020962625, 35313001446357//60020962625, 1940983871706//4616997125, 9179567452//76459825, -176882092396//12004192525, -134626015242//2400838505, 952670222987//12004192525, -4921875349342//60020962625, 4049884368982//60020962625, -2302546258517//60020962625, 1981053176788//60020962625, 674174069492//60020962625, 1215317679531//60020962625, 2380310441436//60020962625, 908034921156//60020962625, 1738896922604//60020962625, -17561292974//12004192525, 3042197482//923399425, -9220672116//2400838505, 39331176063//12004192525, -11057924144//4616997125, 84882149932//60020962625, -25620804672//60020962625, 7778622843//60020962625, 43360873337//60020962625, -2314548349//60020962625, 62088612896//60020962625, 8031299266//60020962625, 35496840299//60020962625]
7; 4; 9; 5; 9; 1; 1; 4; 1; 1; [27775919//26385125, 12425194//26385125, -15404124//5277025, -118172133//26385125, -190649072//26385125, 76757387//26385125, 48366419//26385125, 247026757//26385125, -26522313//26385125, 6206982//1055405, -16601112//1055405, 145397323//5277025, 126454416//5277025, 478698016//26385125, -498142954//26385125, 315703866//5277025, 1518606673//26385125, 7045390627//26385125, -3124493722//26385125, -2306930219//26385125, -12727025592//26385125, -7554886802//26385125, -88351110//211081, 366463388//1055405, -1252761927//5277025, 683557636//5277025, -1015434942//26385125, -554324112//26385125, 282048524//5277025, -1476210771//26385125, 1681710156//26385125, -1131161806//26385125, 36520996//2029625, -61864557//2029625, -363258086//26385125, -13551773//1055405, 8160392//1055405, -17118038//5277025, 251364//5277025, 49477218//26385125, -68795512//26385125, 2701676//1055405, -3897247//2029625, 39549881//26385125, -18927596//26385125, 1073503//26385125, -5650456//26385125, -15450991//26385125]
7; 4; 9; 5; 6; 1; 1; 7; 1; 1; [223266541//265351125, -121008019//265351125, -514875103//265351125, 189076389//88450375, 103764568//265351125, 1816949648//265351125, 1710637999//265351125, -1761495493//265351125, 7436978//1570125, -464226796//53070225, -195496477//17690075, 16571114//816465, -678701434//53070225, -4924424116//265351125, 1810567053//88450375, 3453421138//265351125, -10548737707//265351125, 637059719//20411625, -69285465598//265351125, -9403598449//265351125, 21777220791//88450375, 303270476//88450375, 31699661114//53070225, 1898344514//53070225, -280493350//707603, 28052675996//53070225, -133462168103//265351125, 103227422092//265351125, -823912879//3358875, 10026427683//88450375, -311989783//20411625, -14748218984//265351125, 18221397308//265351125, -5375154467//88450375, 15642152804//265351125, -668854694//53070225, 91510192//4082325, -83940526//3538015, 351102248//17690075, -280253791//20411625, 1984429207//265351125, -625616096//265351125, -288155981//265351125, 758643551//265351125, -312659608//88450375, 772446938//265351125, -514825496//265351125, 337780424//265351125]
7; 4; 9; 5; 11; 1; 1; 8; 1; 1; [-2127719//3316625, 7449447//3316625, 8377292//3316625, 4000094//3316625, -351278//663325, 7547096//3316625, 13254524//3316625, -14858601//3316625, -41295467//3316625, -8933226//663325, -472494//663325, -675694//51025, -25166462//663325, 48021459//3316625, -213060917//3316625, -258337962//3316625, -221016609//3316625, 4172604//51025, 292806259//3316625, 32708296//3316625, 387316911//3316625, 1587672752//3316625, 418456959//663325, -50963439//663325, -173075712//663325, 267582123//663325, -1357196283//3316625, 1092686579//3316625, -748950431//3316625, 370854333//3316625, -1339424//51025, -70332413//3316625, 174908453//3316625, -174104482//3316625, 1400334//19625, -4402014//663325, 839758//51025, -12574763//663325, 11043177//663325, -40086393//3316625, 23263809//3316625, -9389126//3316625, -1106857//3316625, 273073//132665, -8350853//3316625, 8108343//3316625, -5865622//3316625, 5246336//3316625]
7; 4; 9; 5; 10; 1; 1; 7; 1; 1; [-45312649//88450375, -1679268//1119625, -47268818//88450375, -18823388//88450375, -65302494//88450375, -389472313//88450375, -170954692//88450375, 581305094//88450375, 1011307026//88450375, 19165326//3538015, 28373298//3538015, 30128233//3538015, 8526939//707603, 520751704//88450375, 4726798582//88450375, 3392249553//88450375, 584581128//88450375, -475840577//6803875, 4512966098//88450375, 756322732//88450375, -17849857669//88450375, -38991348481//88450375, -906219582//3538015, 61914134//3538015, 444136773//3538015, -646467103//3538015, 16044500047//88450375, -12559871514//88450375, 8541060654//88450375, -4171195606//88450375, 662812682//88450375, 1336673339//88450375, -2080528724//88450375, 1462724248//88450375, -3684810913//88450375, 2483486//707603, -5348130//707603, 29890752//3538015, -25781049//3538015, 460735157//88450375, -258608549//88450375, 99347524//88450375, 19446554//88450375, -87523533//88450375, 106766809//88450375, -94091069//88450375, 56194678//88450375, -77265958//88450375]
7; 4; 9; 5; 12; 1; 1; 3; 1; 1; [65320734903//178767164875, 157956778003//178767164875, 98444111546//178767164875, 35220331142//178767164875, -99636369234//178767164875, -718390704589//178767164875, -1022021410921//178767164875, 145148536893//178767164875, 718704886941//178767164875, -18795515666//7150686595, 118100790816//35753432975, 122694617208//35753432975, -78097857464//35753432975, -2430069162163//178767164875, -5926359303013//178767164875, 20904872838//13751320375, 10595646063453//178767164875, 9342119003759//178767164875, 354802884953//3372965375, 1988041505547//13751320375, -13355851304638//178767164875, -51885074236081//178767164875, -11235882865//110010563, 2036621792561//35753432975, -689487043082//35753432975, -220534567519//35753432975, 3410476868866//178767164875, -4514056229909//178767164875, 72592121499//3372965375, -2366163562241//178767164875, 2137361764747//178767164875, 131025481157//178767164875, 1175119740283//178767164875, -191048457464//178767164875, -2925737574193//178767164875, -10793686636//7150686595, 4794583114//35753432975, 24898511857//35753432975, -37128369381//35753432975, 182565217196//178767164875, -153163457529//178767164875, 7546821974//13751320375, -40507410341//178767164875, 19764285342//178767164875, 28534121987//178767164875, -1987959267//178767164875, 14722777086//178767164875, -66519687818//178767164875]
7; 4; 9; 5; 2; 1; 1; 12; 1; 1; [240436//223925, -11816//51675, 285588//1119625, 30934//51675, -1355408//3358875, -1108844//1119625, 330199//3358875, 10639//26871, -22194962//3358875, 95284//134355, -156238//44785, 50801//26871, -4644623//671775, -17703304//671775, 10252816//671775, -71825519//3358875, 7005953//671775, 8928886//258375, 192012502//3358875, -17695309//3358875, 28826548//671775, 372215672//3358875, -10540826//134355, 6416654//134355, -185391//8957, 33274//51675, 427667//44785, -9903658//671775, 15861336//1119625, -2581177//223925, 10516533//1119625, -25496//19875, 648516//1119625, 38771//12675, 3364752//1119625, -188534//134355, 48688//134355, 2784//8957, -144719//223925, 153339//223925, -133153//223925, 1385698//3358875, -157786//671775, 392744//3358875, 77632//1119625, -280952//3358875, 90232//671775, 18496//3358875]
7; 4; 9; 5; 8; 1; 1; 10; 1; 1; [890817//35156225, 13346013//175781125, 199424149//175781125, 3353409//1406249, 38873544//13521625, 799234769//175781125, 926167698//175781125, 998822872//175781125, 1250000546//175781125, 67860014//7031245, 509611152//35156225, 535507073//35156225, 622210471//35156225, 58492686//2704325, 2770592687//175781125, -3598407484//175781125, -796011388//35156225, -90633697//175781125, -3989594054//175781125, -2906181078//175781125, 49981556//13521625, 9114338114//175781125, 293259614//7031245, -83469216//2704325, 716446643//35156225, -286946154//35156225, 68887679//35156225, 801882346//175781125, -1200081027//175781125, 172488692//35156225, -65174427//13521625, 379433788//175781125, -420416964//175781125, 100873224//175781125, 477693142//175781125, 7830171//7031245, -20293392//35156225, 6598522//35156225, 4062699//35156225, -7808141//35156225, 50675331//175781125, -45430452//175781125, 5436593//35156225, -17876311//175781125, 3417238//175781125, -1684344//175781125, -4616336//175781125, 14356642//175781125]
7; 4; 9; 5; 9; 1; 1; 3; 1; 1; [-18880544317//35753432975, -76688429981//178767164875, -24020493819//13751320375, -262588195419//178767164875, -50134135568//178767164875, 194818207787//178767164875, 4554671908//1430137319, 14238920992//3372965375, 171211312798//178767164875, -7006139696//35753432975, 1708550757//674593075, 305451670166//35753432975, 473539273261//35753432975, 872217655422//35753432975, 1768454635001//178767164875, 8177099159302//178767164875, 4282940769569//178767164875, 1016746830458//178767164875, -819001533184//13751320375, -6562688039484//35753432975, -2554394035247//13751320375, -36228877391338//178767164875, -1788286029146//35753432975, 319043623962//2750264075, -4686112180574//35753432975, 4124235256026//35753432975, -2913128292294//35753432975, 8613234452168//178767164875, -2873675336569//178767164875, -267765678523//178767164875, 2569889945134//178767164875, -3709250386476//178767164875, 303344966646//35753432975, -3790032045118//178767164875, -1300592646//1057793875, -209132019024//35753432975, 200164451504//35753432975, -155396868266//35753432975, 99782849379//35753432975, -46493199414//35753432975, 40069701508//178767164875, 90753130856//178767164875, -134719853503//178767164875, 143878901944//178767164875, -2392237142//3372965375, 10382166044//35753432975, -70748459528//178767164875, -18679113184//178767164875]
7; 4; 9; 5; 4; 1; 1; 11; 1; 1; [15196//671775, -1369703//1119625, -2645296//3358875, -2236634//1119625, -10380634//3358875, -3592471//3358875, 12191137//3358875, 1905481//1119625, 1598938//258375, 8344114//671775, 2144128//223925, 371717//51675, 3047579//134355, 8970647//671775, 43227553//1119625, 9655532//1119625, 203032607//3358875, 15968983//258375, -18313363//1119625, -543603797//3358875, -347651753//3358875, -1052788829//3358875, -214346111//671775, 20292079//671775, 32402787//223925, -29048713//134355, 29237138//134355, -579844703//3358875, 389206343//3358875, -187858079//3358875, 4390159//258375, 45946033//3358875, -119374781//3358875, 87336896//3358875, -135444637//3358875, 2614766//671775, -459638//51675, 2257523//223925, -78500//8957, 326828//51675, -12124358//3358875, 1551766//1119625, 288607//1119625, -3469928//3358875, 4602683//3358875, -4785346//3358875, 995642//1119625, -2938337//3358875]
7; 4; 9; 5; 8; 1; 1; 8; 1; 1; [35980244//175781125, 70280323//175781125, 71247809//175781125, -54442343//175781125, -5450426//7031245, -4490613//7031245, -268718653//175781125, -304821//255125, -481622196//175781125, -169315774//35156225, -3324273//7031245, -170864258//35156225, 54289386//35156225, -601090499//175781125, -1118867973//175781125, -860975699//175781125, 1540371458//175781125, 911377812//35156225, 1601167429//35156225, 13944832693//175781125, 370121818//13521625, 11456230506//175781125, 167849891//35156225, -600834439//7031245, 4049719592//35156225, -3872575019//35156225, 15024385368//175781125, -9644486209//175781125, 4506725188//175781125, -654585416//175781125, -285996573//35156225, 609939309//35156225, -2139110111//175781125, 2495166942//175781125, -1025022672//175781125, 171109514//35156225, -7312678//1406249, 153568273//35156225, -8205987//2704325, 292184058//175781125, -7418473//13521625, -2959504//13521625, 8386288//13521625, -1897699//2704325, 24103211//35156225, -71623826//175781125, 53795182//175781125, -10491487//175781125]
