9; 11; 7; 2; 6; 1; 1; 2; 1; 1; [-51478//255125, 383456//765375, 10871//30615, 21449//11775, 269914//153075, -49402//58875, -838//3925, 421937//765375, -5576216//765375, -203488//51025, -10237//3925, 64093//153075, -2263496//153075, 4209809//765375, -30162866//765375, -15869//11775, -934931//30615, -1110276//51025, 11541631//765375, 12627532//153075, 7537486//255125, 62253042//255125, 9986257//51025, 11644487//153075, -11187029//51025, 39607379//153075, -177324503//765375, 43058489//255125, -15549952//153075, 6148951//153075, 21318//51025, -19435012//765375, 5974921//153075, -8266642//255125, 28538488//765375, -92597//11775, 581066//51025, -571941//51025, 453967//51025, -4458133//765375, 2193382//765375, -32216//51025, -9856//11775, 225067//153075, -1207942//765375, 71912//51025, -692726//765375, 183541//255125]
9; 11; 7; 2; 3; 1; 1; 3; 1; 1; [641437//3300375, 289768//1100125, 397676//3300375, -404824//1100125, -2942008//3300375, -3948257//3300375, -231232//132015, -2248852//1100125, -3838157//3300375, -64056//44005, -59577//220025, -589528//220025, -779236//660075, -402548//84625, 1785312//1100125, 7800348//1100125, 34643384//1100125, 145217128//3300375, 146187062//3300375, 10468104//220025, 39569597//1100125, 96465697//3300375, 3099612//44005, -14603972//220025, 11186352//220025, -543204//16925, 16022548//1100125, -1968364//1100125, -18754688//3300375, 11905552//1100125, -24858541//3300375, 32155886//3300375, -665636//220025, 4747336//1100125, 2036171//3300375, 23000//8801, -394648//220025, 211908//220025, -65248//220025, -170932//1100125, 32372//84625, -1432208//3300375, 456452//1100125, -806116//3300375, 669536//3300375, -15952//660075, 27256//1100125, 234251//3300375]
9; 11; 7; 2; 5; 1; 1; 5; 1; 1; [-628649//765375, 50687//58875, 72236//58875, -4376323//765375, -2006356//765375, 2100206//255125, -332288//153075, 222341//19625, 12639412//765375, -758974//153075, 336943//51025, 860206//153075, 3442684//153075, 2465428//255125, -12241737//255125, 26090317//765375, 27036636//255125, 56886851//765375, -8286436//58875, 11976442//153075, -117393883//255125, -444506612//765375, 10406522//11775, -4283132//51025, -20226918//51025, 30578018//51025, -457489648//765375, 366476522//765375, -80931478//255125, 42592648//255125, -27611407//765375, -35140094//765375, 12428738//153075, -80693567//765375, 34995704//765375, -542367//51025, 3751676//153075, -4249216//153075, 1236852//51025, -13327148//765375, 7668977//765375, -966398//255125, -356311//765375, 778211//255125, -3010834//765375, 110627//30615, -2365412//765375, 902744//765375]
9; 11; 7; 2; 2; 1; 1; 10; 1; 1; [46454543//786040125, 262574752//786040125, 2549888//9949875, -310702793//786040125, 250076972//157208025, -1489197691//786040125, -252460552//262013375, -1079246816//262013375, -561645259//157208025, -44366616//10480535, -345998//161239, -91752064//52402675, -603034904//52402675, -3558668//1668875, -25171210372//786040125, 408966952//20154875, 13151219011//262013375, -76736132//1989975, 63956084986//786040125, 14349278352//262013375, 23312173221//262013375, 1957251187//31441605, 3709510936//10480535, -825649804//10480535, -15210795092//157208025, 9382955086//52402675, -50476441468//262013375, 126499685564//786040125, -88153631036//786040125, 16916690803//262013375, -3514579522//157208025, -3101222102//786040125, 6554969816//262013375, -5959368092//262013375, 4216546393//157208025, -1331726//806195, 73266348//10480535, -457381516//52402675, 420014744//52402675, -1584628008//262013375, 2897121469//786040125, -1268609156//786040125, 114600769//786040125, 1866472//2418585, -868299212//786040125, 315886626//262013375, -221893172//262013375, 103536421//157208025]
9; 11; 7; 2; 10; 1; 1; 2; 1; 1; [143743//663325, -1668//21125, -1057752//3316625, -53657//26533, -5224862//3316625, -749527//132665, -2719272//3316625, -12542284//3316625, 3058853//3316625, 1474506//663325, 89337//51025, -594444//663325, 5607708//663325, -1310754//663325, 85902006//3316625, 4970874//255125, 67993881//663325, 164778122//3316625, 98279288//663325, -8500248//3316625, -35719586//3316625, -185998933//3316625, -137818794//663325, -2898474//663325, 84128566//663325, -114577917//663325, 4404018//26533, -425493162//3316625, 277726326//3316625, -23164449//663325, 29624956//3316625, 13558208//663325, -76282644//3316625, 77080602//3316625, -73317629//3316625, 199428//51025, -4832026//663325, 5187894//663325, -4374048//663325, 3050172//663325, -8341317//3316625, 2849166//3316625, 261499//663325, -222308//255125, 805412//663325, -3242169//3316625, 2355662//3316625, -1584209//3316625]
9; 11; 7; 2; 6; 1; 1; 10; 1; 1; [-51374368//20154875, -251796208//60464625, -56867948//20154875, -656822//12092925, 429067958//60464625, 222736721//20154875, 121952591//20154875, 38123024//12092925, -60373372//60464625, 85769236//12092925, 17790193//806195, 68298211//4030975, -317891818//12092925, 1002169563//20154875, 1396073686//20154875, 2816886799//60464625, -380759423//12092925, -19173277898//60464625, -9107587461//20154875, -23395484083//60464625, -370305053//12092925, 8100452544//20154875, 4934076271//12092925, 195561//161239, -2857160167//12092925, 1317927959//4030975, -19018548233//60464625, 15195633239//60464625, -9530179543//60464625, 915055051//12092925, -1716063379//60464625, -923855058//20154875, 1555844581//60464625, -563205221//12092925, 3365049386//60464625, -28867987//4030975, 11104438//806195, -59950041//4030975, 50817081//4030975, -532247083//60464625, 300818954//60464625, -98657608//60464625, -6851359//12092925, 87497561//60464625, -49422058//20154875, 92682361//60464625, -5672246//4030975, 70954051//60464625]
9; 11; 7; 2; 7; 1; 1; 5; 1; 1; [5614601//3316625, 6860791//3316625, 11271626//3316625, 5850597//3316625, -30921794//3316625, -74339532//3316625, -141893317//3316625, -6377146//132665, -119115992//3316625, -26823372//663325, -31319046//663325, -8530298//132665, -61235626//663325, -428883001//3316625, -344669321//3316625, -12239451//3316625, 30358001//255125, 1565840149//3316625, 2484673317//3316625, 3710559887//3316625, 815305641//663325, 105591614//255125, 252414213//663325, -46570891//663325, -266712//2041, 140817869//663325, -767636783//3316625, 603651767//3316625, -423696483//3316625, 244246959//3316625, 18578//19625, 75047866//3316625, 19967687//255125, 16008871//663325, 154299876//3316625, -1853513//663325, 5685066//663325, -1376723//132665, 6113541//663325, -23180113//3316625, 13397547//3316625, -5724988//3316625, 299254//3316625, 4707892//3316625, -2521244//3316625, 7649251//3316625, -3066//663325, 3426381//3316625]
9; 11; 7; 2; 8; 1; 1; 4; 1; 1; [-57830465174//20261853625, -22291866944//20261853625, -2111960328//1558604125, 9883755173//20261853625, 25029727712//4052370725, 230946464897//20261853625, 199644633264//20261853625, 13287586296//1558604125, 303515966869//20261853625, 548493624//76459825, 4071764454//810474145, 104317605696//4052370725, -46237484344//4052370725, 1224297888504//20261853625, -488548639456//20261853625, 116533001694//20261853625, -1933991553213//20261853625, -1221289767044//4052370725, -7952131799402//20261853625, -5752833943944//20261853625, -4148545654158//20261853625, 25740994351//20261853625, 2646389659632//4052370725, 35706084792//162094829, -212782860608//311720825, 3317456382096//4052370725, -1145017042056//1558604125, 11030830436552//20261853625, -6625715847708//20261853625, 2677254959151//20261853625, -51013966633//4052370725, -1995821368706//20261853625, 1991600258208//20261853625, -2357611903344//20261853625, 1697445656093//20261853625, -98158986852//4052370725, 29040786624//810474145, -143962253976//4052370725, 115146099984//4052370725, -378297240168//20261853625, 190493309272//20261853625, -44004173748//20261853625, -51431051209//20261853625, 17866499396//4052370725, -108831743156//20261853625, 81481787748//20261853625, -63952258464//20261853625, 33490668833//20261853625]
9; 11; 7; 2; 2; 1; 1; 8; 1; 1; [-113070329//82450875, -230322224//82450875, -332932688//82450875, -377004613//82450875, 134199764//82450875, 728448727//82450875, 885158152//82450875, 534417808//27483625, 2005368634//82450875, 133887792//5496725, 9228902//422825, 149604688//5496725, 46546936//1099345, 1964602748//27483625, 7924714724//82450875, 285836162//2114125, 2065567031//27483625, -18767118824//82450875, -36228082162//82450875, -12675999304//27483625, -15255921383//27483625, -37385355314//82450875, -1090787888//5496725, 400630556//5496725, 289230644//16490175, -68617838//1099345, 2277399724//27483625, -5652619708//82450875, 5018473184//82450875, -826084897//27483625, 350500103//82450875, -1701683026//82450875, -778920592//27483625, -396537364//27483625, -2564393602//82450875, -274934//422825, -36109348//16490175, 19080652//5496725, -3800008//1099345, 79588104//27483625, -149684813//82450875, 90482864//82450875, -15951211//82450875, -2584444//6342375, 5721884//82450875, -73088266//82450875, -1406204//27483625, -56774362//82450875]
9; 11; 7; 2; 6; 1; 1; 8; 1; 1; [-3620748//2114125, 8058733//6342375, 224852//84565, 41362472//6342375, 16466936//2114125, -2478887//487875, -1735813//162625, -131239117//6342375, -53088994//2114125, 960282//422825, 2074517//422825, 11667166//1268475, -3568664//253695, -156983566//6342375, -670386473//6342375, -14131879//422825, -187475609//2114125, 147572242//6342375, 2433426056//6342375, 2357331107//6342375, 1398388369//2114125, 2928183347//6342375, -39700498//422825, 365240996//1268475, -145219258//422825, 15653204//50739, -111998741//487875, 837601046//6342375, -74058302//1268475, -30041231//6342375, 222327361//6342375, -61956009//2114125, 391635356//6342375, -32347799//6342375, 275509721//6342375, -19088921//1268475, 6306168//422825, -5032072//422825, 50884//6505, -25085893//6342375, 131524//162625, 1282262//1268475, -12923006//6342375, 13525346//6342375, -3085349//2114125, 254619//162625, -793144//6342375, 305752//487875]
9; 11; 7; 2; 10; 1; 1; 10; 1; 1; [527040498//262013375, 101595696//52402675, 15560876//3316625, 1865997007//262013375, 429931912//262013375, -928389684//262013375, -1347812216//262013375, -862702732//52402675, -6804596872//262013375, -1178790372//52402675, -71739507//4030975, -2094825648//52402675, -201190324//10480535, -161321604//1668875, -4967011128//52402675, -4552084893//20154875, -59896718847//262013375, 312106472//3316625, 73360406004//262013375, 91373721696//262013375, 27219745921//52402675, 98554840472//262013375, -15020713392//52402675, -15529742196//52402675, 30044773592//52402675, -1311675132//2096107, 138092027436//262013375, -791020908//2096107, 51838824538//262013375, -21454533171//262013375, -4590679421//262013375, 22108498092//262013375, -18562299492//262013375, 1067952144//10480535, -10778724224//262013375, 89281194//4030975, -1478435144//52402675, 1369993908//52402675, -208512744//10480535, 3208627956//262013375, -294041256//52402675, 80316478//262013375, 608949049//262013375, -74554412//20154875, 1050680772//262013375, -715207072//262013375, 128238632//52402675, -181804964//262013375]
9; 11; 7; 2; 10; 1; 1; 8; 1; 1; [88259181//27483625, 1938088//27483625, -15465584//5496725, -351532541//27483625, -675304116//27483625, -902339257//27483625, -894464464//27483625, -14271672//1099345, 17976899//27483625, 54537516//5496725, 5270796//422825, -71056056//5496725, 54390352//1099345, -575915316//27483625, 4311972452//27483625, 125320617//422825, 18509402661//27483625, 24999634896//27483625, 24125677942//27483625, 14861778084//27483625, -413200797//5496725, -9599452879//27483625, -4766637924//5496725, -1802980212//5496725, 5267360724//5496725, -249521598//219869, 27950930292//27483625, -20402036164//27483625, 2529539354//5496725, -4205305227//27483625, 987906033//27483625, 4223304766//27483625, -3576041868//27483625, 795069348//5496725, -3601070897//27483625, 14506368//422825, -274174268//5496725, 270237276//5496725, -42970848//1099345, 704051232//27483625, -347535809//27483625, 3369046//1099345, 112755013//27483625, -12134844//2114125, 212398756//27483625, -148840388//27483625, 22127172//5496725, -70018757//27483625]
9; 11; 7; 2; 5; 1; 1; 2; 1; 1; [9159//255125, 19436//255125, 55637//153075, -7842//19625, 450686//765375, -180458//255125, 661022//765375, -657937//765375, 1640033//765375, -154526//51025, -62377//10205, 490247//153075, -130008//10205, -2763197//765375, -6235526//255125, 26594//153075, -1641772//765375, -21494836//765375, 20107863//255125, -23251922//765375, 68282207//765375, -24736061//255125, 8144789//51025, 263933//2355, -12665351//51025, 1703029//6123, -185163361//765375, 131535841//765375, -3035134//30615, 28142794//765375, 4014412//765375, -20561068//765375, 28308349//765375, -616506//19625, 17168261//765375, -1427872//153075, 126942//10205, -602919//51025, 93177//10205, -4438931//765375, 2065291//765375, -20394//51025, -262057//255125, 1246157//765375, -1243978//765375, 1039939//765375, -219038//255125, 103982//255125]
9; 11; 7; 2; 8; 1; 1; 3; 1; 1; [-2109295498224//13412736101375, 643800432424//2682547220275, 179770898184//536509444055, 10584522388872//13412736101375, 4330339126244//13412736101375, 12299452189332//13412736101375, 37693423686528//13412736101375, 8423121739512//13412736101375, -15154754220163//13412736101375, -423574715124//206349786175, -6356589571812//2682547220275, 1214867278824//2682547220275, -3887302616464//536509444055, -7158333784236//13412736101375, -36023308980148//2682547220275, -47396966106228//2682547220275, -414342273190392//13412736101375, -1034412992324//13412736101375, -157169516914092//13412736101375, -462248427159618//13412736101375, 412514658619533//13412736101375, 732091073767103//13412736101375, 251585411150748//2682547220275, 110469355974228//2682547220275, -299568394642996//2682547220275, 69949477409934//536509444055, -1558263555853668//13412736101375, 226273857682484//2682547220275, -136833427278948//2682547220275, 252128943435804//13412736101375, 15833532206468//13412736101375, -14341766644332//1031748930875, 218123020913286//13412736101375, -208330494883476//13412736101375, 208694885802769//13412736101375, -10853535060948//2682547220275, 15442347704492//2682547220275, -15092444307804//2682547220275, 2383145133168//536509444055, -38806824524928//13412736101375, 3787109278657//2682547220275, -821562160452//2682547220275, -6030805878516//13412736101375, 10128259226408//13412736101375, -10866141343656//13412736101375, 8583784413801//13412736101375, -5852474466276//13412736101375, 4003254972229//13412736101375]
9; 11; 7; 2; 7; 1; 1; 2; 1; 1; [-2307628//3316625, -4726572//3316625, -6899936//3316625, -1297248//663325, 7123328//3316625, 26256677//3316625, 30972524//3316625, 53634768//3316625, 46767137//3316625, 8985942//663325, 1048932//51025, 1764468//663325, 5282808//132665, 88009308//3316625, 279720492//3316625, 11151567//255125, 2139804//663325, -592856768//3316625, -1117584062//3316625, -1079138994//3316625, -1174000668//3316625, -872316937//3316625, 117585162//663325, -326346804//663325, 384843228//663325, -68358096//132665, 1261816704//3316625, -733427004//3316625, 309417398//3316625, 114732//26533, -221894164//3316625, 211423174//3316625, -298572762//3316625, 140355756//3316625, -162666971//3316625, 1302291//51025, -16583456//663325, 13157172//663325, -342396//26533, 21306384//3316625, -4245009//3316625, -5995042//3316625, 14124//4225, -945748//255125, 8937484//3316625, -7777067//3316625, 2744016//3316625, -1957031//3316625]
9; 11; 7; 2; 5; 1; 1; 10; 1; 1; [-90667807//60464625, 154091692//60464625, 66134876//60464625, -63707482//60464625, 338617678//60464625, 558086491//60464625, -206794561//60464625, 190958056//60464625, 1072281359//60464625, 8413406//12092925, -73115231//4030975, 65816641//4030975, 27445166//4030975, 514886269//20154875, -2620921214//20154875, -774815671//60464625, 1245410527//60464625, -14921558218//60464625, -154799779//765375, 13878412411//60464625, -10699401961//60464625, -1857100823//4651125, 4806540911//12092925, 1434970279//4030975, -8757521057//12092925, 3212882971//4030975, -521428861//765375, 28813419289//60464625, -16470593953//60464625, 5879010001//60464625, 804265861//60464625, -5985700378//60464625, 7290697163//60464625, -6556926503//60464625, 1148720371//20154875, -111600732//4030975, 432932098//12092925, -135076551//4030975, 7948463//310075, -967630109//60464625, 33486583//4651125, -50177668//60464625, -62351543//20154875, 276524851//60464625, -301834258//60464625, 82463881//20154875, -166133098//60464625, 59989948//60464625]
9; 11; 7; 2; 4; 1; 1; 6; 1; 1; [-6198186//3316625, -23584409//3316625, -35238539//1989975, -71564583//3316625, -92353198//3316625, -77625233//3316625, -49411176//3316625, -35350122//3316625, -19235908//1989975, -13801666//397995, -29489583//663325, -33941747//1989975, -52618733//1989975, 858089798//9949875, 2583521357//9949875, 941674607//1989975, 102150916//255125, 2898490849//9949875, -414125342//3316625, -4291207342//9949875, -4765815559//9949875, -845922209//1989975, 1123904//2535, 91359236//1989975, -647755187//1989975, 837174107//1989975, -3898274321//9949875, 1043976282//3316625, -13404017//79599, 1045897042//9949875, 30223657//9949875, -418033808//9949875, 366113804//9949875, -781337422//9949875, 17773889//663325, -4226812//397995, 35760074//1989975, -12473046//663325, 60999//3925, -105163711//9949875, 58938071//9949875, -2608816//1989975, -5892613//9949875, 25279667//9949875, -27217688//9949875, 6447578//3316625, -20722742//9949875, 407122//663325]
9; 11; 7; 2; 5; 1; 1; 8; 1; 1; [-7506181//2114125, -6004471//2114125, -25099876//6342375, -44511943//6342375, -43076452//6342375, -53720242//6342375, -8145401//1268475, 30214501//6342375, 90730141//6342375, 1189386//422825, -4772333//422825, 20033354//1268475, -3083336//1268475, 407259058//6342375, 207087493//6342375, 267073307//2114125, 172545446//2114125, -199576426//2114125, -174739298//6342375, -24552197//253695, -1366204272//2114125, -6187041766//6342375, -72169274//422825, 559265536//1268475, -216230562//422825, 44179978//97575, -159491407//487875, 412792778//2114125, -450948022//6342375, -15361786//6342375, 309699361//6342375, -150551693//2114125, 78263642//1268475, -508277773//6342375, -25602826//2114125, -28694563//1268475, 9288908//422825, -7309148//422825, 4732972//422825, -34273931//6342375, 6891289//6342375, 3830706//2114125, -472349//162625, 6447002//2114125, -5560863//2114125, 166928//97575, -9647948//6342375, -3375233//6342375]
9; 11; 7; 2; 7; 1; 1; 10; 1; 1; [446800226//262013375, 395661468//262013375, -12688368//3316625, -4241319024//262013375, -8114436482//262013375, -11937224866//262013375, -2187476112//52402675, -6903752812//262013375, -2169256452//262013375, 378704538//52402675, 11475537//4030975, 669710292//52402675, 338462764//52402675, 42233682//1668875, 39945020322//262013375, 8752282404//20154875, 230436069624//262013375, 3875957738//3316625, 329000480266//262013375, 37966171974//52402675, 8789765092//262013375, -142988862768//262013375, -11297725602//52402675, 12915147306//52402675, -11275823998//52402675, 8177195229//52402675, -23388701058//262013375, 10916179146//262013375, 6295917606//262013375, 3569256942//262013375, 22727292226//262013375, 6643881778//262013375, 2984097138//52402675, -3532397874//262013375, -4682666754//262013375, -42335346//4030975, 429840314//52402675, -274750422//52402675, 132047736//52402675, -107297988//262013375, -192057699//262013375, 475926606//262013375, -196326438//262013375, 45101092//20154875, 60117808//262013375, 56065524//52402675, -26987374//262013375, -142282554//262013375]
9; 11; 7; 2; 7; 1; 1; 8; 1; 1; [91951407//27483625, 119713224//27483625, 168614416//27483625, 80813622//27483625, -157054452//27483625, -305296311//27483625, -689041264//27483625, -193878008//5496725, -1000359567//27483625, -213567012//5496725, -938586//32525, -306445512//5496725, -56373592//1099345, -3619737852//27483625, -3709144284//27483625, -342545772//2114125, 3585345498//27483625, 13345137432//27483625, 16855941066//27483625, 24434339334//27483625, 4987419794//5496725, 21694679307//27483625, 1924167108//5496725, -2846487804//5496725, 2795251748//5496725, -450861126//1099345, 7201164924//27483625, -3859761852//27483625, 633740852//27483625, 1148744094//27483625, -1246901979//27483625, 2754802818//27483625, -575094618//27483625, 18432636//219869, 335164701//27483625, 10052664//422825, -113359356//5496725, 80546052//5496725, -1856064//219869, 81923304//27483625, 13118298//27483625, -75735388//27483625, 93209094//27483625, -5514108//2114125, 77109588//27483625, -17712863//27483625, 7673188//5496725, 17374281//27483625]
9; 11; 7; 2; 3; 1; 1; 11; 1; 1; [410908257//751122125, 974556684//751122125, 3901902548//2253366375, 1449206686//751122125, 3886618652//2253366375, 846361121//751122125, -285002276//173335875, -12311193556//2253366375, -7776297589//751122125, -1708734882//150224425, -1380090137//150224425, -434027188//30044885, -7884946972//450673275, -26697453412//751122125, -31508624744//751122125, -30241784051//751122125, -17726627226//751122125, 19276174768//2253366375, 40454899554//751122125, 113264831266//751122125, 532912023796//2253366375, 178419185549//751122125, 17294026238//150224425, -14930283892//150224425, 6242619464//90134655, -6030257594//150224425, 9228445464//751122125, 1279627868//751122125, -33546253814//2253366375, 11210397922//751122125, -31957597696//2253366375, 10007284382//751122125, 161137038//751122125, 10183044896//751122125, 8018991147//751122125, 556658377//150224425, -1049589004//450673275, 31387276//30044885, -19669316//150224425, -363176836//751122125, 495026393//751122125, -1653230894//2253366375, 409064822//751122125, -831361396//2253366375, 2271488//9507875, 180255659//2253366375, 355192388//2253366375, 220161347//751122125]
9; 11; 7; 2; 2; 1; 1; 9; 1; 1; [732230582//5183884875, -6793190692//5183884875, -2522832376//1727961625, -9838510589//5183884875, -11256165014//5183884875, 4914263932//5183884875, 36337254728//5183884875, 62217762652//5183884875, 12327368927//1727961625, 4145117118//345592325, 411882213//26584025, -10832212//345592325, 40103101988//1036776975, 21675592306//1727961625, 402867333262//5183884875, 1186834257//132920125, 33080540423//1727961625, 37826239634//5183884875, -609340611502//5183884875, -438903219216//1727961625, -1474023824302//5183884875, -582112385407//1727961625, -85093742742//345592325, -106893614606//345592325, 197892471578//345592325, -211240194219//345592325, 893309867998//1727961625, -1843801899194//5183884875, 342106388948//1727961625, -110877658711//1727961625, -126129794318//5183884875, 345240441074//5183884875, -1065311164//11006125, 109639035478//1727961625, -123486613871//1727961625, 593771624//26584025, -28805416642//1036776975, 8823341442//345592325, -6629561296//345592325, 20384945228//1727961625, -26425815499//5183884875, 544366248//1727961625, 13423628527//5183884875, -1489597676//398760375, 18597262904//5183884875, -16337114369//5183884875, 8704142374//5183884875, -2153055171//1727961625]
9; 11; 7; 2; 4; 1; 1; 4; 1; 1; [130502//86125, 187492//258375, 75104//51675, -11852//19875, -1673764//258375, -1075276//86125, -3514028//258375, -699152//51675, -3725461//258375, -198//25, -103436//17225, -357844//17225, 39384//17225, -4258112//86125, -4388872//258375, -452566//17225, 684544//6625, 81253504//258375, 36655376//86125, 2361032//6625, 12369002//51675, 5334581//258375, -6863602//17225, -2846096//17225, 23702488//51675, -9312386//17225, 41315324//86125, -91521016//258375, 10770364//51675, -6921884//86125, 2663777//258375, 491116//6625, -4952952//86125, 1395632//17225, -13809317//258375, 285167//17225, -409764//17225, 401384//17225, -318364//17225, 1034784//86125, -1544666//258375, 63832//51675, 467548//258375, -735208//258375, 316688//86125, -639556//258375, 110116//51675, -267377//258375]
9; 11; 7; 2; 3; 1; 1; 5; 1; 1; [12674048//9949875, 14131224//3316625, 2344098//663325, 112112303//9949875, 50527442//1989975, 76221566//1989975, 472957033//9949875, 374860927//9949875, 85101667//1989975, 30455436//663325, 240337//10205, 64261997//1989975, 20299022//397995, 114758769//3316625, -997822922//9949875, -22627684//153075, -3217800668//9949875, -90523048//132665, -1829523901//1989975, -9522143543//9949875, -2463473122//9949875, 381662374//1989975, -148461329//663325, 14183367//132665, -9250301//663325, -5016979//132665, 657536021//9949875, -702404251//9949875, 18826463//397995, -508343114//9949875, -23547769//1989975, -31156051//663325, -469185349//9949875, -29600986//9949875, -51832//79599, -109197//51025, -375394//397995, 5227843//1989975, -397613//132665, 27172471//9949875, -6836062//3316625, 2070886//1989975, -2472758//3316625, -93611//153075, -945493//1989975, -12273269//9949875, 599598//3316625, -282982//1989975]
9; 11; 7; 2; 6; 1; 1; 9; 1; 1; [-13279887//132920125, 39210176//132920125, 135059892//132920125, 406696252//132920125, 169013708//79752075, -127989323//132920125, 110878091//398760375, -4491452308//398760375, -85200581//26584025, -145729248//26584025, -7516683//5316805, -95425562//26584025, -646553249//26584025, -4875601814//398760375, -2004019948//398760375, -13806239441//398760375, -11623878586//398760375, 3394567//1226955, 4443373528//132920125, 10758095693//132920125, 160216125338//398760375, 11836782641//79752075, 7568777732//26584025, 320966992//3190083, -24329256086//79752075, 28924934608//79752075, -130515320687//398760375, 96113978456//398760375, -19399076566//132920125, 23336483122//398760375, 28738908//26584025, -13783004083//398760375, 21163779542//398760375, -3890149052//132920125, 268581779//6134775, -865293466//79752075, 254085916//15950415, -1257514084//79752075, 333911599//26584025, -3301600207//398760375, 1651533031//398760375, -386568998//398760375, -11563832//10224625, 165859393//79752075, -879727543//398760375, 780606122//398760375, -129493692//132920125, 68187001//79752075]
9; 11; 7; 2; 10; 1; 1; 9; 1; 1; [-3952688457//1727961625, -7154726388//1727961625, -1907346796//345592325, -10517561219//1727961625, -10987011964//1727961625, -16206656259//1727961625, 2139785092//1727961625, 1501190172//69118465, 6567997372//345592325, 12484794654//345592325, 726923079//26584025, 444698364//13823693, 25659724924//345592325, 132601594812//1727961625, 278803276968//1727961625, 1036995426//5316805, 150188688399//1727961625, 34614414304//1727961625, 15685986474//1727961625, -656264235942//1727961625, -257833207797//345592325, -359922059456//345592325, -423616426866//345592325, 109255919532//345592325, 19221553224//69118465, -194434887906//345592325, 1082813133336//1727961625, -910707055716//1727961625, 133739816812//345592325, -361925160993//1727961625, 132801786452//1727961625, 33127863462//1727961625, -960427698//11006125, 18085203768//345592325, -8694749276//69118465, 87576357//26584025, -7451313172//345592325, 1936988172//69118465, -9045858084//345592325, 34809724236//1727961625, -21484303461//1727961625, 2044671784//345592325, -1016404733//1727961625, -319509916//132920125, 6472726752//1727961625, -7075465171//1727961625, 834036972//345592325, -1011123592//345592325]
9; 11; 7; 2; 4; 1; 1; 3; 1; 1; [568915415792//3095246792625, 209505081156//1031748930875, 160197327832//1031748930875, -3803304063176//3095246792625, -3975390297568//3095246792625, -635144243986//238095907125, -19071346572988//3095246792625, -546349085712//206349786175, -2237852244021//1031748930875, -254161713066//206349786175, -115082107342//206349786175, -905729175068//206349786175, 391166441088//206349786175, -10015371363484//1031748930875, 4939930974684//1031748930875, 663295073741//79365302375, 84402829487492//1031748930875, 185890098356668//3095246792625, 269863202577328//3095246792625, 137580303298546//1031748930875, 8439075761497//206349786175, 7524813039621//1031748930875, -16153938426926//206349786175, -11084566847212//206349786175, 74028829671236//619049358525, -27779121417952//206349786175, 120256951692568//1031748930875, -86239819064708//1031748930875, 50035717621434//1031748930875, -1132393955228//79365302375, -1017754683481//3095246792625, 57609965438404//3095246792625, -12883502782782//1031748930875, 3922141471876//206349786175, -13060841847857//1031748930875, 926198291191//206349786175, -3721089449824//619049358525, 1178881759948//206349786175, -913138837148//206349786175, 2891608187688//1031748930875, -1359951712693//1031748930875, 212447379194//1031748930875, 1740689174788//3095246792625, -2309536841416//3095246792625, 2763912810424//3095246792625, -1721756719331//3095246792625, 100717166256//206349786175, -239252012477//1031748930875]
9; 11; 7; 2; 8; 1; 1; 11; 1; 1; [-4654824184//9764587625, -1133935056//1952917525, -4320276928//9764587625, -3690052539//9764587625, 733948172//1952917525, 42568783258//9764587625, 7455424264//1952917525, -39385937824//9764587625, -33774905637//9764587625, 7722546552//1952917525, 57826344//30044885, 9979765776//1952917525, 11824573616//1952917525, 98527645764//9764587625, 14504601372//1952917525, -1264619289//751122125, -63529065141//9764587625, -3080762552//78116701, -1491795562168//9764587625, -217484492526//1952917525, -408053619266//9764587625, -2568582781983//9764587625, -332832451488//1952917525, 39930644628//390583505, -82332925924//1952917525, -655865094//1952917525, 253074672852//9764587625, -67508758956//1952917525, 326912430214//9764587625, -258710865693//9764587625, 29319565871//1952917525, -146218787824//9764587625, -7134636294//1952917525, 8367698052//9764587625, -161292562449//9764587625, -440367714//150224425, 261472516//390583505, 1530614244//1952917525, -2855129976//1952917525, 15504773712//9764587625, -2594886903//1952917525, 9085683274//9764587625, -5085647613//9764587625, 20848964//150224425, -8679136//123602375, -108964409//390583505, 1795882052//9764587625, -4116830949//9764587625]
9; 11; 7; 2; 12; 1; 1; 6; 1; 1; [21596271//3316625, 49589027//3316625, 92252482//3316625, 103124201//3316625, 16147342//663325, 8417433//663325, 533511//255125, -168056//663325, 36102554//3316625, 19070998//663325, 9823818//663325, -20468863//663325, -27190376//663325, -1013531036//3316625, -136255029//255125, -2702294502//3316625, -1855628716//3316625, -417473//132665, 339453774//663325, 2541529307//3316625, 297974341//663325, -1690807204//3316625, -4577606//4225, -59232662//663325, 38427309//51025, -659684891//663325, 3060345267//3316625, -2470277616//3316625, 1383603924//3316625, -782046998//3316625, 18272141//663325, 70951453//663325, -323227494//3316625, 102614218//663325, -439195982//3316625, 16108892//663325, -27994598//663325, 29418468//663325, -24527364//663325, 83344317//3316625, -46988226//3316625, 11765554//3316625, 5324627//3316625, -3551833//663325, 4402159//663325, -16003009//3316625, 2899498//663325, -9208152//3316625]
9; 11; 7; 2; 3; 1; 1; 2; 1; 1; [653264//765375, 1937528//765375, 2807248//765375, 1460431//765375, -911162//255125, -10675744//765375, -17943428//765375, -23442196//765375, -21920936//765375, -238956//10205, -80913//3925, -1516816//51025, -5496892//153075, -19507778//255125, -71780198//765375, -22226166//255125, 18706943//255125, 76434962//255125, 444628654//765375, 178076596//255125, 466352581//765375, 234473536//765375, 116028//2041, -5844434//51025, 6243294//51025, -5458119//51025, 18009406//255125, -34927694//765375, 7929866//765375, 1921529//255125, -146529//255125, 33268162//765375, 4109728//255125, 9995026//255125, 408026//58875, 4363//785, -5074//975, 199926//51025, -126556//51025, 264596//255125, -141169//765375, -436474//765375, 619687//765375, -125244//255125, 839512//765375, 152279//765375, 553838//765375, 163418//765375]
9; 11; 7; 2; 5; 1; 1; 9; 1; 1; [-243728536//398760375, 194906436//132920125, 28483784//79752075, -780480416//398760375, -8001874//15950415, -531518074//398760375, 15018651//26584025, -49088732//79752075, -239831819//79752075, -129247758//26584025, -62480959//5316805, 248835398//26584025, -268300273//15950415, 6155322776//398760375, -15256634678//398760375, -1050377537//79752075, 15325353646//398760375, -537037//153075, 42152572564//398760375, -45304893//26584025, -4203400102//26584025, 657444449//6134775, 6041623422//26584025, 3128495242//15950415, -10741064452//26584025, 1420128647//3190083, -152323289947//398760375, 107385659266//398760375, -2451899752//15950415, 22495193108//398760375, 346845771//26584025, -18042238993//398760375, 196335926//3190083, -3237334//51025, 250009627//5316805, -1229182736//79752075, 319253914//15950415, -1497531314//79752075, 76415749//5316805, -3589787297//398760375, 1634293841//398760375, -39649204//79752075, -675159722//398760375, 212899367//79752075, -80012581//30673875, 174189367//79752075, -127172686//79752075, 5176963//6134775]
9; 11; 7; 2; 8; 1; 1; 5; 1; 1; [-260613//255125, -18462633//3316625, -24469927//3316625, -22675526//3316625, -5325158//3316625, 6669567//663325, 57551776//3316625, 62033021//3316625, 48840004//3316625, -4137422//663325, -1121724//663325, 6494292//663325, 7795102//663325, 182677394//3316625, 489537463//3316625, 464527742//3316625, 32663011//3316625, -659653042//3316625, -354980222//663325, -1645834326//3316625, -918147366//3316625, -508913094//3316625, 289018738//663325, 5156546//663325, -174856498//663325, 18453239//51025, -1141843498//3316625, 919480144//3316625, -553705469//3316625, 21265061//255125, -76859986//3316625, -34997411//663325, 83663842//3316625, -205907963//3316625, 112470328//3316625, -5381588//663325, 10074254//663325, -10824422//663325, 9154278//663325, -31741328//3316625, 1387148//255125, -5473614//3316625, -2068922//3316625, 5751404//3316625, -1808601//663325, 5349412//3316625, -5772778//3316625, 2545938//3316625]
9; 11; 7; 2; 7; 1; 1; 9; 1; 1; [16176228//345592325, 475462904//1727961625, 16857928//1727961625, 3253110646//1727961625, 4739505294//1727961625, 8050337703//1727961625, -15728807148//1727961625, -274877884//1727961625, 196498466//345592325, -1613328804//345592325, -232480539//26584025, 2046678768//345592325, -7898334636//345592325, 1334642454//345592325, -95262520874//1727961625, 9858679434//132920125, -126782846586//1727961625, -134051269674//1727961625, -169147594548//1727961625, 379433408148//1727961625, 146635334044//1727961625, 76559713454//345592325, 32704542396//345592325, 105538242078//345592325, -165288458202//345592325, 167311096389//345592325, -136105016202//345592325, 451733015398//1727961625, -230413099354//1727961625, 56567333892//1727961625, 44799139218//1727961625, -114309568944//1727961625, 862050312//11006125, -95045921118//1727961625, 17910675232//345592325, -516198177//26584025, 7742288522//345592325, -6827981418//345592325, 4954258116//345592325, -2903270436//345592325, 5625966968//1727961625, 638377466//1727961625, -4155048608//1727961625, 398647416//132920125, -5130595044//1727961625, 4153410249//1727961625, -2282127118//1727961625, 287437192//345592325]
9; 11; 7; 2; 3; 1; 1; 10; 1; 1; [-35240797//12092925, 6424672//60464625, 7539884//765375, 650834357//20154875, 1202211402//20154875, 963749593//12092925, 4433689316//60464625, 463495912//12092925, -20915259//4030975, -5522436//161239, -113577076//4030975, -102717496//4030975, -931372424//12092925, -334946//5135, -22945574482//60464625, -1352521069//1550375, -32464051497//20154875, -541735418//255125, -24671474092//12092925, -21455837902//20154875, 4317433364//12092925, 415004523//310075, 188122216//161239, -586451546//4030975, -5802769618//12092925, 2995784567//4030975, -3059672922//4030975, 36056345714//60464625, -27214751768//60464625, 2808851429//20154875, -3061029461//20154875, -129040936//930225, 968546994//20154875, -72928562//806195, 613784207//4030975, -1961131//161239, 366328538//12092925, -140927354//4030975, 9524396//310075, -90278824//4030975, 770336374//60464625, -354590888//60464625, -37749851//20154875, 2861388//1550375, -1214096//186045, 216700582//60464625, -38045942//12092925, 13339687//4030975]
9; 11; 7; 2; 3; 1; 1; 8; 1; 1; [-2761686//2114125, 1852684//6342375, -22736//97575, 19058912//6342375, 8731964//2114125, 83393984//6342375, 3866484//162625, 96922456//6342375, 14996287//1268475, 43182//32525, 452978//422825, 7966372//422825, -8949072//422825, 94921016//2114125, -37011544//6342375, -4756759//84565, -417047884//2114125, -387759844//2114125, -2538445184//6342375, -1038541632//2114125, -914855416//6342375, 217473577//1268475, 346380106//422825, 55915208//422825, -834512344//1268475, 352870538//422825, -1633216532//2114125, 3724454768//6342375, -464746654//1268475, 325101488//2114125, -47296192//2114125, -590810372//6342375, 189797224//2114125, -19216672//162625, 123368543//1268475, -9322751//422825, 15186772//422825, -15610592//422825, 12802012//422825, -43273512//2114125, 68514418//6342375, -303166//97575, -14004616//6342375, 9395548//2114125, -35070392//6342375, 8650744//2114125, -21312068//6342375, 509407//253695]
9; 11; 7; 2; 12; 1; 1; 4; 1; 1; [121621783641//20261853625, 90932057708//20261853625, 1938878148//311720825, 213648242428//20261853625, 63816396834//20261853625, -157225347327//20261853625, 10963381632//4052370725, 11575260984//1558604125, -492300390659//20261853625, -2498337018//76459825, -91516464582//4052370725, -260913761676//4052370725, -15862528504//810474145, -3019978078326//20261853625, -619838304218//20261853625, -961068061272//4052370725, -6974102408628//20261853625, 2155392563106//20261853625, 9731763241212//20261853625, 1265627632578//4052370725, 11451212245653//20261853625, 18507868705459//20261853625, -1524909151794//4052370725, -2624178765942//4052370725, 346048262158//311720825, -945716947041//810474145, 1498848996774//1558604125, -13483349402174//20261853625, 280868433666//810474145, -2528591858874//20261853625, -1042272628707//20261853625, 3304173657276//20261853625, -603390155766//4052370725, 3430553848434//20261853625, -1276058609653//20261853625, 178625163654//4052370725, -215903305338//4052370725, 194877011346//4052370725, -28986033672//810474145, 434040813552//20261853625, -184600095319//20261853625, -547987614//4052370725, 99030203086//20261853625, -144358029432//20261853625, 149809470216//20261853625, -21131889936//4052370725, 81408707934//20261853625, -18901497133//20261853625]
9; 11; 7; 2; 8; 1; 1; 2; 1; 1; [216973//3316625, -1113628//3316625, -1402264//3316625, -2509706//3316625, 267624//3316625, 8507//26533, 3276348//3316625, 4369184//3316625, 8258843//3316625, 404478//132665, 267126//51025, -1414524//663325, 8366512//663325, 2226252//3316625, 78477508//3316625, 2449023//255125, 66684726//3316625, -77437284//3316625, -21890378//663325, -165225408//3316625, -211139819//3316625, -232231243//3316625, -3728406//132665, -107513412//663325, 159925556//663325, -158664468//663325, 636856416//3316625, -416500796//3316625, 213411022//3316625, -46604682//3316625, -57867027//3316625, 19828522//663325, -120085944//3316625, 85921068//3316625, -77378969//3316625, 20247//2041, -7393928//663325, 6422484//663325, -4593612//663325, 13208376//3316625, -4864291//3316625, -812378//3316625, 4083358//3316625, -396504//255125, 923068//663325, -3707514//3316625, 2024168//3316625, -1180709//3316625]
9; 11; 7; 2; 8; 1; 1; 10; 1; 1; [-4124832//262013375, -62221428//262013375, -2689004//3316625, -485075517//262013375, -1639739654//262013375, -1660139636//262013375, -1351577568//262013375, -1356664464//262013375, 378111651//262013375, 209855574//52402675, 16585974//4030975, 1048212//10480535, 672934104//52402675, 3982266//1668875, 9794984958//262013375, 1153645227//20154875, 20524214637//262013375, 733143266//3316625, 40238574686//262013375, 15983903718//262013375, -9443965356//262013375, -33293141931//262013375, -9912779946//52402675, -2440267758//52402675, 1831001286//10480535, -11225099601//52402675, 51385853286//262013375, -38000515446//262013375, 24096969188//262013375, -9176338269//262013375, 3022421392//262013375, 7142068838//262013375, -6870204306//262013375, 7004937042//262013375, -7388345463//262013375, 24348942//4030975, -488204882//52402675, 19706346//2096107, -398090664//52402675, 1330645536//262013375, -676178766//262013375, 188433848//262013375, 171832251//262013375, -20473316//20154875, 381969668//262013375, -284322966//262013375, 202891302//262013375, -147450183//262013375]
9; 11; 7; 2; 12; 1; 1; 3; 1; 1; [8029794445747//13412736101375, -1686956488076//13412736101375, 6146210941348//13412736101375, 15771349533971//13412736101375, 8148023663968//13412736101375, 2787439966431//2682547220275, 50336502529684//13412736101375, 41718973078452//13412736101375, -16199227538059//13412736101375, -7995798//634922419, 1437638517321//2682547220275, -13306610583372//2682547220275, 711434688772//107301888811, -143783679406992//13412736101375, 39161674384316//13412736101375, -699866629128048//13412736101375, -866710744073271//13412736101375, -281344300114288//13412736101375, -72569317656366//2682547220275, -889607449456254//13412736101375, -162029026197117//13412736101375, -160870642896781//13412736101375, -97613666796486//536509444055, -170940229489824//2682547220275, 519634097496188//2682547220275, -124071945246024//536509444055, 2784193876666404//13412736101375, -2059495568663152//13412736101375, 1202368409213516//13412736101375, -551346066607443//13412736101375, -20194216423889//13412736101375, 4480358012934//206349786175, -462109081149642//13412736101375, 398044188571044//13412736101375, -323825655913943//13412736101375, 3698395687317//536509444055, -27194658736736//2682547220275, 26913506768112//2682547220275, -4296036718932//536509444055, 70544267481684//13412736101375, -35421160806227//13412736101375, 7466895619376//13412736101375, 8679115663577//13412736101375, -17968619110064//13412736101375, 3754231139832//2682547220275, -16892306507797//13412736101375, 11119054251264//13412736101375, -6361993713143//13412736101375]
9; 11; 7; 2; 4; 1; 1; 11; 1; 1; [831697687//450673275, 3171332512//2253366375, -95121748//751122125, -1650500237//751122125, -3936794306//751122125, -24196860443//2253366375, -8155394444//751122125, -4049370704//2253366375, -174740584//150224425, -641395044//150224425, -182168772//150224425, -1784239992//150224425, 300988024//150224425, -3652580502//150224425, 111113608778//2253366375, 82508385558//751122125, 120766149537//751122125, 177009568106//751122125, 768796710368//2253366375, 191755937574//751122125, 200777021429//2253366375, 26140453064//150224425, -379779888//11555725, -30167826462//150224425, 44536664638//150224425, -44262844251//150224425, 7048622442//30044885, -344862584506//2253366375, 62446671694//751122125, -8109817029//751122125, -7264708202//751122125, 122005112444//2253366375, -22667351418//751122125, 29591198994//751122125, -2530099058//150224425, 1836208539//150224425, -2060652838//150224425, 1785425442//150224425, -1277945244//150224425, 729367656//150224425, -3987903071//2253366375, -171691886//751122125, 1228731931//751122125, -1266917072//751122125, 58081496//28523625, -827205658//751122125, 2006887702//2253366375, -32007518//150224425]
9; 11; 7; 2; 8; 1; 1; 8; 1; 1; [-2428//21125, -8236//4225, -66488//21125, -59687//21125, 126366//21125, 473877//21125, 562104//21125, 678588//21125, 29073//845, 16038//845, 543//25, 92124//4225, 134548//4225, 1400778//21125, 359698//4225, 117966//1625, 153807//21125, -7810506//21125, -16854372//21125, -15224154//21125, -11705298//21125, 67299//4225, 316362//845, -794358//4225, 193594//4225, 207453//4225, -1880826//21125, 87578//845, -1720726//21125, 1262241//21125, -1052568//21125, -525036//21125, -614982//21125, -773514//21125, 61359//4225, 288//65, 3098//4225, -14934//4225, 19152//4225, -87036//21125, 13691//4225, -40126//21125, 18661//21125, -636//1625, -22956//21125, -252//21125, -22734//21125, 2091//4225]
9; 11; 7; 2; 4; 1; 1; 5; 1; 1; [9507818//1989975, 3545561//255125, 82128481//3316625, 247010417//9949875, 138560902//9949875, -105469612//9949875, -385429964//9949875, -177064954//3316625, -503043038//9949875, -36799252//1989975, -38162//26533, -16257941//397995, -135609647//1989975, -7203386//30615, -4318917509//9949875, -5226277483//9949875, -599518084//3316625, 6056176543//9949875, 14945137492//9949875, 19986480244//9949875, 18004852522//9949875, 3949842641//3316625, 494770898//1989975, -114182416//397995, 33234373//132665, -2190353//11775, 191302789//1989975, -203447854//3316625, -279839059//9949875, 16799858//765375, -38893407//3316625, 347920842//3316625, 624368542//9949875, 992288806//9949875, 456259639//9949875, 24386987//1989975, -1275626//132665, 816442//132665, -2020691//663325, 683063//1989975, 6073003//9949875, -7046748//3316625, 5289663//3316625, -9272071//9949875, 7547792//3316625, 11776277//9949875, 16993946//9949875, 10993084//9949875]
9; 11; 7; 2; 2; 1; 1; 6; 1; 1; [531//1625, -20573//63375, 85583//63375, 148877//63375, 210898//63375, 230629//63375, 152128//21125, 367669//63375, 137123//21125, 278494//12675, 29173//4225, 3449//2535, 252088//12675, 48197//21125, -40979//21125, -4554778//63375, -500939//21125, -651636//21125, -9619529//63375, -10393234//63375, -3542554//63375, -250933//21125, -5932541//12675, 93623//4225, 204639//845, -112803//325, 21638053//63375, -17156201//63375, 10984016//63375, -1868777//21125, 1082656//63375, 385906//21125, -3358397//63375, 2912188//63375, -871269//21125, 29502//4225, -182914//12675, 8087//507, -57831//4225, 615983//63375, -348641//63375, 121166//63375, 27914//63375, -114739//63375, 131398//63375, -136592//63375, 92738//63375, -19714//21125]
9; 11; 7; 2; 3; 1; 1; 9; 1; 1; [463842903//132920125, 1085248664//398760375, 1684518064//398760375, 193225627//398760375, 139881382//79752075, 1503876178//398760375, -115371204//10224625, -8918734204//398760375, -1003928648//79752075, -667478628//26584025, -76015723//5316805, -86897104//2044925, -656728092//26584025, -12226759838//132920125, -32010717914//398760375, -19496808548//132920125, 21725303971//132920125, 1567971538//15950415, 31415789102//398760375, 63569264532//132920125, 230060423899//398760375, 63583197616//79752075, 9944048852//26584025, -648679742//1063361, 49774894294//79752075, -13670923697//26584025, 45581460866//132920125, -74307270962//398760375, 17875036658//398760375, 5610659233//132920125, -5873731679//79752075, 36489414506//398760375, -46369672//846625, 10759261534//132920125, 368887862//79752075, 764690333//26584025, -10492866//408985, 498741962//26584025, -296731588//26584025, 589482396//132920125, 59897768//398760375, -1215980002//398760375, 1619697559//398760375, -291107108//79752075, 1180566656//398760375, -190092529//132920125, 542206082//398760375, 43793246//79752075]
9; 11; 7; 2; 6; 1; 1; 6; 1; 1; [-2415019//765375, -2718811//765375, -1508924//255125, 131414//255125, -2617136//765375, 2150554//255125, 1227232//255125, 1393543//255125, 143466//51025, 797066//30615, 933689//51025, 4750442//153075, -204628//51025, 24249088//255125, 66116351//765375, 130298867//765375, 2465911//255125, 2014021//765375, -397427912//765375, -293149046//765375, -17158968//255125, 146534//51025, 42674//195, -4017776//51025, -754846//51025, 268684//3925, -62257628//765375, 21091926//255125, -3038858//58875, 9407163//255125, -12155102//765375, -17234446//765375, -7233118//765375, -11156557//765375, 586762//51025, 1675//2041, 360088//153075, -562292//153075, 192028//51025, -2286148//765375, 1634528//765375, -710234//765375, 75968//255125, 57361//255125, -704006//765375, 155477//765375, -394552//765375, 16762//51025]
9; 11; 7; 2; 4; 1; 1; 2; 1; 1; [124276//255125, 1508192//765375, 2606284//765375, 3713888//765375, 1360486//765375, -762761//765375, -1666796//153075, -2315128//153075, -5525204//255125, -1077948//51025, -1127866//51025, -170328//10205, -539872//11775, -13205466//255125, -93792362//765375, -27738133//255125, -2282012//19625, 55066334//765375, 145834736//765375, 21884736//51025, 72298621//153075, 95893204//255125, 8727112//51025, 7811094//51025, -1922746//6123, 17465003//51025, -75856498//255125, 155373394//765375, -93723112//765375, 9282222//255125, 10574557//765375, -23101612//765375, 684288//10205, -1122666//51025, 12631182//255125, -611307//51025, 2366578//153075, -11386//785, 563292//51025, -1778848//255125, 2339624//765375, -342952//765375, -1104814//765375, 1629412//765375, -1469632//765375, 313871//153075, -110014//153075, 229202//255125]
9; 11; 7; 2; 10; 1; 1; 6; 1; 1; [-1185458//663325, -15341916//3316625, -19436806//3316625, -34175737//3316625, -3308858//255125, -497814//51025, -20450896//3316625, -12699274//663325, -10062654//663325, 17338956//663325, 4578009//663325, 84873//3925, 75727997//663325, 83524673//663325, 880606886//3316625, 924506286//3316625, 881348517//3316625, 1404564219//3316625, 1777963//3925, 652252966//3316625, 464483199//663325, 189496041//663325, -5461167//4225, 110024269//663325, 346904577//663325, -539864453//663325, 555113164//663325, -169254379//255125, 1543536203//3316625, -738783049//3316625, 270114672//3316625, 46871361//663325, -320610137//3316625, 7594299//51025, -58312131//663325, 8702339//663325, -1693998//51025, 25470623//663325, -22402032//663325, 16401494//663325, -47093237//3316625, 19636398//3316625, 2437176//3316625, -928826//255125, 3738221//663325, -1218494//255125, 2917222//663325, -284719//132665]
9; 11; 7; 2; 4; 1; 1; 10; 1; 1; [-152572361//60464625, -223048232//60464625, -400072//255125, 522499579//60464625, 318241102//12092925, 2875893418//60464625, 3461813348//60464625, 3252366068//60464625, 2356457632//60464625, 87778404//4030975, 17413977//806195, 110051328//4030975, 135785748//4030975, 740922//9875, 694537262//60464625, -4150594407//20154875, -13551959133//20154875, -13945186//11775, -92951611738//60464625, -26850181526//20154875, -43947494693//60464625, 1767278488//60464625, 758583084//4030975, -3908982//161239, -292405222//4030975, 477031443//4030975, -2328621414//20154875, 5889536486//60464625, -1500037316//20154875, 69374041//20154875, -759492221//12092925, -4637294014//60464625, -914203738//20154875, -1002149898//20154875, 951393614//60464625, -7267659//4030975, 3824142//806195, -22019118//4030975, 19679772//4030975, -5382468//1550375, 126273211//60464625, -20172236//20154875, -38612657//60464625, -5367836//12092925, -9598528//4651125, -26085794//60464625, -70616134//60464625, 22221014//60464625]
9; 11; 7; 2; 12; 1; 1; 11; 1; 1; [-4325072721//9764587625, -11801681348//9764587625, 4437796184//9764587625, 8018811413//9764587625, 8707110032//9764587625, 37290696436//9764587625, 25288621028//9764587625, -52412151656//9764587625, -54310826119//9764587625, 6353145666//1952917525, 159687198//150224425, 832737708//1952917525, 19781270016//1952917525, -16481530404//9764587625, -266575199692//9764587625, -78563694663//751122125, -650449248633//9764587625, -505748034752//9764587625, -1255368463036//9764587625, -729539624328//9764587625, -132291420394//9764587625, -2586378925801//9764587625, -739780393194//1952917525, 166090588524//1952917525, 199901326548//1952917525, -372285094824//1952917525, 2003009336568//9764587625, -1703491163356//9764587625, 1132624781818//9764587625, -679873888749//9764587625, 193258332974//9764587625, 21425080712//9764587625, -267055456224//9764587625, 272642482548//9764587625, -366966870443//9764587625, 258381873//150224425, -14512712944//1952917525, 18154183572//1952917525, -16695092916//1952917525, 62998384248//9764587625, -38969011736//9764587625, 16190359618//9764587625, -1687910149//9764587625, -674771092//751122125, 140939408//123602375, -12686572214//9764587625, 9505985728//9764587625, -8519293583//9764587625]
9; 11; 7; 2; 2; 1; 1; 4; 1; 1; [-54737155319//20261853625, -33503474488//12157112175, -14694895556//4675812375, -188632017317//60785560875, 203557827832//60785560875, 273971532247//20261853625, 164497278928//12157112175, 4018966132//359677875, 49459997833//2431422435, 1523342736//76459825, 63538100263//4052370725, 135692034904//4052370725, 47673788236//2431422435, 1638944433884//20261853625, 353306969056//12157112175, 1178764422976//20261853625, 395560314399//20261853625, -16428396787072//60785560875, -11030235265682//20261853625, -1935326593656//4052370725, -26509906214443//60785560875, -4801943771809//12157112175, 614970249668//4052370725, 1026787760828//4052370725, -31363797392//71935575, 74575017220//162094829, -589443571116//1558604125, 3203353348972//12157112175, -8431312317976//60785560875, 899401554947//20261853625, 582960910729//60785560875, -1624298298186//20261853625, 172372728092//4052370725, -1548323436808//20261853625, 283003946101//12157112175, -70093036268//4052370725, 254988195976//12157112175, -76775720284//4052370725, 11445723632//810474145, -171152404468//20261853625, 44103904886//12157112175, 332863064//60785560875, -122423304059//60785560875, 158486647924//60785560875, -65172224376//20261853625, 21321410096//12157112175, -107546934344//60785560875, 4140616189//12157112175]
9; 11; 7; 2; 8; 1; 1; 9; 1; 1; [-894627757//1727961625, -1795424588//1727961625, -1732061896//1727961625, -3343548576//1727961625, 2466821038//1727961625, 170265142//345592325, 9829644744//1727961625, 13106708772//1727961625, 13135529454//1727961625, 560267262//69118465, 194668797//26584025, 1422581244//345592325, 7178113356//345592325, 21022337442//1727961625, 62378037818//1727961625, 1728282027//132920125, 91104087936//1727961625, -184920236698//1727961625, -25021124326//345592325, -323892388674//1727961625, -316452941292//1727961625, -239065195314//1727961625, -20709248982//69118465, -4701287454//345592325, 66935778154//345592325, -89487483099//345592325, 428691467166//1727961625, -328773861166//1727961625, 211862399248//1727961625, -95305337082//1727961625, 6893333086//1727961625, 1237083346//69118465, -472760526//11006125, 46866950454//1727961625, -61036819992//1727961625, 2486964//408985, -3794868086//345592325, 4040720466//345592325, -3383213376//345592325, 11758534956//1727961625, -6365172986//1727961625, 2090442268//1727961625, 936707778//1727961625, -196155668//132920125, 541439408//345592325, -2784914592//1727961625, 1568592834//1727961625, -1295338392//1727961625]
9; 11; 7; 2; 4; 1; 1; 8; 1; 1; [1176394//1268475, 13587544//2114125, 79162768//6342375, 93967114//6342375, 10392404//6342375, -12566754//422825, -123880704//2114125, -527972008//6342375, -8865884//97575, -30354204//422825, -29695174//422825, -34320824//422825, -52038632//422825, -94905404//422825, -807560764//2114125, -71936482//162625, -607853998//2114125, 2712804916//6342375, 597202912//422825, 307456788//162625, 11520872908//6342375, 1116105892//1268475, -2850308//32525, 38174996//422825, -106703092//1268475, 21800618//422825, -3600452//84565, -11835372//2114125, -110595424//6342375, -49572314//2114125, 204665288//6342375, 4411968//84565, 199916572//2114125, 162628988//2114125, 53680976//1268475, -1693676//422825, 3766012//1268475, -834476//422825, 326992//422825, -127848//422825, -1444302//2114125, 87992//487875, -396254//487875, 5231528//6342375, 380104//422825, 3754012//2114125, 9589004//6342375, 913616//1268475]
9; 11; 7; 2; 5; 1; 1; 6; 1; 1; [-721//1625, -2987//4875, -16402//4875, -6502//1625, -19648//4875, -14927//1625, -85594//4875, -1663//125, -908//65, -9878//325, -1669//65, -2248//195, -3381//325, -121592//4875, 3179//375, 471872//4875, 352036//4875, 266503//4875, 1085576//4875, 1619834//4875, 808867//4875, 13292//195, 126362//325, -6896//39, 3152//195, 76462//975, -585376//4875, 193862//1625, -148238//1625, 108276//1625, -144986//4875, 29131//1625, 37264//1625, -12853//1625, 3884//195, 3239//975, 136//65, -952//195, 1791//325, -23576//4875, 16916//4875, -9344//4875, 3998//4875, 769//4875, -1967//4875, 1694//1625, -2744//4875, 116//195]
9; 11; 7; 2; 6; 1; 1; 4; 1; 1; [-268520244//119892625, -20339153014//4675812375, -6674155716//1558604125, -13780514606//4675812375, 21533605798//4675812375, 15986286672//1558604125, 6456268022//1558604125, 5816397839//4675812375, 1627180687//1558604125, 15804423358//935162475, 2938871669//62344165, 33609777583//935162475, -1840266634//311720825, 117934134476//4675812375, 97092405148//1558604125, 195650058051//1558604125, 41333506772//359677875, -63564654766//359677875, -1949388978976//4675812375, -2067394360696//4675812375, -567749854753//1558604125, 204774117693//1558604125, 219501245998//935162475, -1088590442//14387115, -24761945317//935162475, 78397080053//935162475, -154312806729//1558604125, 433387268242//4675812375, -283344172036//4675812375, 69868484326//1558604125, -114021923569//4675812375, -89864818663//4675812375, -3619552966//359677875, -140763711857//4675812375, 29625886409//1558604125, 7489724//17644575, 568070794//187032495, -1358402516//311720825, 1350413134//311720825, -5356305259//1558604125, 835870729//359677875, -4811434856//4675812375, 127121096//359677875, 726558836//4675812375, -1447776341//1558604125, 370005624//1558604125, -298614574//359677875, 2216562367//4675812375]
9; 11; 7; 2; 12; 1; 1; 5; 1; 1; [-14603773//3316625, -48150507//3316625, -75487994//3316625, -70630267//3316625, -52559616//3316625, -2863719//3316625, 10116741//663325, 21564572//3316625, -105719889//3316625, -28573954//663325, -3858087//132665, 580399//663325, 23280708//663325, 754707338//3316625, 1454687647//3316625, 1332344919//3316625, 396486202//3316625, -735189129//3316625, -2416937736//3316625, -613383253//663325, -657395712//3316625, 2269376919//3316625, 245179466//663325, 244468//10205, -166317451//663325, 221685668//663325, -1010572101//3316625, 872211046//3316625, -449486348//3316625, 256000346//3316625, -66678317//3316625, -201301703//3316625, 61548//26533, -179526416//3316625, 225102717//3316625, -5323241//663325, 373784//26533, -9886494//663325, 8276232//663325, -27818841//3316625, 16690376//3316625, -3722778//3316625, -1893739//3316625, 5293453//3316625, -8962523//3316625, 699509//663325, -5027896//3316625, 4573627//3316625]
9; 11; 7; 2; 2; 1; 1; 3; 1; 1; [1782836172904//8047641660825, -3328557023716//40238208304125, 7832121789164//40238208304125, 477781083917//536509444055, 2886140286916//2682547220275, 27949576379717//13412736101375, 145400407601716//40238208304125, 7162654799596//2682547220275, 21067151799284//40238208304125, 1522401978//15873060475, 348801715967//536509444055, -1109859492236//536509444055, 329371252332//107301888811, -10158444966508//2682547220275, 27917450009296//40238208304125, -348112592754608//13412736101375, -5503469824213//107301888811, -22598032149348//536509444055, -804285789967102//13412736101375, -919588865112232//13412736101375, -43547176284281//2682547220275, 621750870310376//40238208304125, -124827739674718//2682547220275, -24046414436188//536509444055, 143314794471152//1609528332165, -10436066487338//107301888811, 222524670168616//2682547220275, -2355044033778692//40238208304125, 1273621615233928//40238208304125, -7393776497769//536509444055, -13691330715407//2682547220275, 8625893351758//1031748930875, -222594525566436//13412736101375, 30865779555872//2682547220275, -339063501569612//40238208304125, 9174724097783//2682547220275, -7059638030876//1609528332165, 2192867979076//536509444055, -334021773532//107301888811, 5195889168156//2682547220275, -35294051144197//40238208304125, 2685581073628//40238208304125, 183883056987//536509444055, -1671130390104//2682547220275, 7204435080464//13412736101375, -21434587177828//40238208304125, 806975899612//2682547220275, -5935500587552//40238208304125]
9; 11; 7; 2; 7; 1; 1; 6; 1; 1; [6908333//3316625, 5821641//663325, 33177142//3316625, 27926107//3316625, -2262644//3316625, -13468957//663325, -163051403//3316625, -6041994//132665, -208867992//3316625, -7646766//132665, -5300961//132665, -25959602//663325, -4416146//51025, -472619633//3316625, -211625917//663325, -485524362//3316625, 153314683//3316625, 146522313//255125, 808721683//663325, 5502876373//3316625, 718863032//663325, 4458235982//3316625, 134025//169, -28881907//132665, -109325602//663325, 230336242//663325, -1320341839//3316625, 214918851//663325, -822336081//3316625, 463393659//3316625, -81185448//3316625, 30000722//663325, 392577469//3316625, -3217933//663325, 366924626//3316625, -196601//132665, 1753668//132665, -895751//51025, 10942083//663325, -3289583//255125, 5169638//663325, -12866276//3316625, 1837344//3316625, 6491272//3316625, -170984//132665, 12582794//3316625, -669752//663325, 8133881//3316625]
9; 11; 7; 2; 10; 1; 1; 4; 1; 1; [64607775194//20261853625, 35079702992//20261853625, 1703097528//1558604125, 4077026818//20261853625, -155127028612//20261853625, -270967167086//20261853625, -146978210312//20261853625, 638552448//311720825, -5684094678//810474145, -472487616//76459825, -14119827924//4052370725, -16328963808//810474145, 28467457472//4052370725, -923708629404//20261853625, 1230553853068//20261853625, -144983032914//20261853625, 877082724822//20261853625, 7062088101412//20261853625, 8854587496376//20261853625, 4379712130452//20261853625, 91961521344//810474145, 569617330278//4052370725, -1518084098808//4052370725, -891792378684//4052370725, 32481801388//62344165, -2410270248918//4052370725, 808914672276//1558604125, -7563721510076//20261853625, 4414516421688//20261853625, -1658494470054//20261853625, 104499932996//20261853625, 1685853022928//20261853625, -1455325953564//20261853625, 329695935732//4052370725, -209867152002//4052370725, 78329411658//4052370725, -107137727436//4052370725, 20557745844//810474145, -80215606152//4052370725, 256178313888//20261853625, -121848383806//20261853625, 20853289368//20261853625, 43061702026//20261853625, -64745737744//20261853625, 81021145328//20261853625, -56875434184//20261853625, 8651926164//4052370725, -3911092338//4052370725]
9; 11; 7; 2; 6; 1; 1; 3; 1; 1; [-1128480810551//3095246792625, -3711628280239//3095246792625, 157092095804//238095907125, 183885973048//1031748930875, 4634379881056//3095246792625, 7659494797238//3095246792625, -1085121769126//1031748930875, 2434796775487//3095246792625, -25124447113//15873060475, 85497425038//41269957235, 2268360241586//206349786175, -108076460926//123809871705, -1656076157911//206349786175, 15015378478721//3095246792625, 69216761010359//3095246792625, -22414582962667//3095246792625, 68252711383276//3095246792625, -175821573935896//3095246792625, -257059685101553//3095246792625, -22556697517552//3095246792625, -138944012525957//3095246792625, 156394120177436//619049358525, 1058611541939//41269957235, -71075776000627//619049358525, 91946457282//634922419, -82958324494378//619049358525, 313196728722128//3095246792625, -189446191426693//3095246792625, 84215801326819//3095246792625, -3114449615332//3095246792625, -3759174609601//238095907125, 48596991110981//3095246792625, -60700999534231//3095246792625, 41374787673434//3095246792625, 32460267584//24761974341, 154678162177//24761974341, -3946332627128//619049358525, 215195973103//41269957235, -726736058604//206349786175, 5706560256268//3095246792625, -1508061448388//3095246792625, -385001932862//1031748930875, 847097598261//1031748930875, -2929440620863//3095246792625, 2187188127971//3095246792625, -579539516727//1031748930875, 864883721564//3095246792625, 60817134812//619049358525]
9; 11; 7; 2; 10; 1; 1; 3; 1; 1; [9340766989299//13412736101375, -1580956883068//13412736101375, -3267497386016//13412736101375, -72778020863//107301888811, -43240410011306//13412736101375, -5675569104303//2682547220275, 5752774493656//2682547220275, 34891279657092//13412736101375, 10082035501121//13412736101375, 494966356542//206349786175, 6659986433853//2682547220275, -1605649033668//2682547220275, 23019452471388//2682547220275, -1334540538294//13412736101375, 337285988390578//13412736101375, 12031351876326//13412736101375, 60638963097903//2682547220275, 1505787366445346//13412736101375, 118695075137916//2682547220275, -168034574594082//2682547220275, -731092968062862//13412736101375, -1017335683628041//13412736101375, -384515974171614//2682547220275, -89815586546742//2682547220275, 348182373055762//2682547220275, -428919843131727//2682547220275, 1966023613645638//13412736101375, -1459145633342246//13412736101375, 900748953023138//13412736101375, -75349980618207//2682547220275, 86283247517413//13412736101375, 3518096119524//206349786175, -65596208116854//2682547220275, 251164827879294//13412736101375, -271478352091013//13412736101375, 11990057350344//2682547220275, -18627168826078//2682547220275, 18843558911898//2682547220275, -15258431916048//2682547220275, 51074785940508//13412736101375, -26086975537651//13412736101375, 6877026094298//13412736101375, 1213071676477//2682547220275, -10741179768512//13412736101375, 2758775728236//2682547220275, -2426658541312//2682547220275, 7467746930874//13412736101375, -5448458357153//13412736101375]
9; 11; 7; 2; 5; 1; 1; 4; 1; 1; [-5623757036//1558604125, -3992433226//4675812375, -162399148//71935575, -37512646109//4675812375, -2850160096//935162475, 9502352252//1558604125, -1959365342//359677875, -7731617297//1558604125, 26279038022//935162475, 17538429962//935162475, -6204773308//311720825, 22163046809//935162475, 12916392462//311720825, 548244782698//4675812375, -116286488974//4675812375, 37528758954//311720825, 84097144543//359677875, -122942508704//935162475, -1545021465686//4675812375, 362744907736//4675812375, -1267405124759//4675812375, -3624893758//3528915, -4634676286//71935575, 533688535216//935162475, -703814353781//935162475, 667446165796//935162475, -846085047357//1558604125, 1611518148508//4675812375, -1933773560//12468833, 50097176149//1558604125, 17904896746//311720825, -538966017803//4675812375, 493807485658//4675812375, -446113877197//4675812375, 8704908406//935162475, -29940809287//935162475, 10504563488//311720825, -8750269858//311720825, 6034855238//311720825, -16130856137//1558604125, 5032657646//1558604125, 1561659644//935162475, -6012498961//1558604125, 1433010336//311720825, -6932402691//1558604125, 14497667183//4675812375, -3139398064//1558604125, -159521458//935162475]
9; 11; 7; 2; 12; 1; 1; 2; 1; 1; [-1207422//3316625, -8188208//3316625, -2411892//663325, -10044097//3316625, 1142988//663325, 45866931//3316625, 16626128//663325, 105355516//3316625, 4032981//132665, 16115148//663325, 241983//10205, 16207968//663325, 30353428//663325, 227662512//3316625, 394562588//3316625, 3812508//51025, -48272343//3316625, -153787704//663325, -1936404846//3316625, -487957014//663325, -2091836191//3316625, -192587589//663325, -81909072//663325, -6499248//132665, 94712268//663325, -109491102//663325, 505127616//3316625, -345489256//3316625, 45423588//663325, -90141639//3316625, -1534512//132665, -31764438//3316625, -7442034//132665, -22842228//3316625, -19925379//663325, 260904//51025, -194348//26533, 4799592//663325, -3772608//663325, 12601596//3316625, -5816426//3316625, 305844//663325, 1708301//3316625, -59136//51025, 1743312//3316625, -988253//663325, 191092//3316625, -382251//663325]
9; 11; 7; 2; 7; 1; 1; 4; 1; 1; [27156482582//20261853625, 29397657296//20261853625, 2361520032//1558604125, 52215360006//20261853625, -9902022276//4052370725, -147310310161//20261853625, 18034071032//20261853625, -2373818808//1558604125, -196960185783//20261853625, -654718608//76459825, -902999028//162094829, -64515248448//4052370725, -26108538048//4052370725, -731837756172//20261853625, 110966845084//20261853625, -1034667237891//20261853625, -1638220723086//20261853625, 627902380944//4052370725, 5567969614126//20261853625, 1544616857388//20261853625, 3357545269059//20261853625, 2797522757883//20261853625, -62815333704//4052370725, -146992065468//810474145, 80696681804//311720825, -1031854968318//4052370725, 311481413508//1558604125, -2656177758188//20261853625, 1267848400722//20261853625, -349698603978//20261853625, -47951165019//4052370725, 941275510078//20261853625, -662386867236//20261853625, 766168777212//20261853625, -298279474611//20261853625, 43646722554//4052370725, -9640040684//810474145, 41307122388//4052370725, -29325840072//4052370725, 82190713824//20261853625, -29515642828//20261853625, -7970605458//20261853625, 25606406502//20261853625, -1224182916//810474145, 35174316628//20261853625, -21474234836//20261853625, 16770036372//20261853625, -3622474671//20261853625]
9; 11; 7; 2; 12; 1; 1; 10; 1; 1; [309035871//52402675, 589326528//262013375, -18645936//3316625, -7259354204//262013375, -16473089194//262013375, -22389034376//262013375, -4204707092//52402675, -89198508//2096107, -4390769829//262013375, 840498552//52402675, 42138489//4030975, -445708968//52402675, 3349306676//52402675, -7794834//333775, 92159814582//262013375, 13172292903//20154875, 393230917584//262013375, 7907683486//3316625, 617581572986//262013375, 14776528086//10480535, 1348500246//52402675, -265519581231//262013375, -95866938048//52402675, 3631579422//52402675, 50675814502//52402675, -72150791199//52402675, 2825438958//2096107, -275398608714//262013375, 189677811372//262013375, -71779822338//262013375, 46746993077//262013375, 54485792318//262013375, -6128495526//52402675, 10114447386//52402675, -54091198503//262013375, 113429001//4030975, -3005487422//52402675, 3306650118//52402675, -2831457156//52402675, 2003772684//52402675, -5574262374//262013375, 2153895852//262013375, 838211722//262013375, -102110956//20154875, 2814220928//262013375, -353793082//52402675, 313261794//52402675, -1176262563//262013375]
9; 11; 7; 2; 5; 1; 1; 3; 1; 1; [291209597138//3095246792625, 2717474680463//3095246792625, -3044804265656//3095246792625, -5464268438452//3095246792625, 10884136336//24761974341, 1154762326486//1031748930875, -10864495875574//3095246792625, -1638539759879//619049358525, 21737367593996//3095246792625, -27299624186//15873060475, -2027369939207//206349786175, 384035883974//619049358525, 5849448809921//619049358525, -11419506909533//3095246792625, -36948645221981//1031748930875, 140501701687456//3095246792625, 203378630403032//3095246792625, -13839583106008//619049358525, -24643884735961//1031748930875, 276933774861184//3095246792625, 29229155328283//619049358525, -387587900013881//3095246792625, 6318793314017//206349786175, 41027230730839//619049358525, -22739573115562//206349786175, 70779641735146//619049358525, -290666524944524//3095246792625, 64021334884747//1031748930875, -98086644609277//3095246792625, 39424908109096//3095246792625, 3136716389912//619049358525, -46956197890489//3095246792625, 62012036917027//3095246792625, -7309173004114//619049358525, 4497718135299//1031748930875, -2731916916811//619049358525, 3230639946856//619049358525, -965023794983//206349786175, 711914989508//206349786175, -6357263046424//3095246792625, 836426871987//1031748930875, 66611447076//1031748930875, -1448727468079//3095246792625, 428320005383//619049358525, -2168790793279//3095246792625, 144215630629//238095907125, -184131208972//619049358525, 55115747879//1031748930875]
9; 11; 7; 2; 12; 1; 1; 8; 1; 1; [28117159//27483625, -115467328//27483625, -158960864//27483625, -2529889//27483625, 365953936//27483625, 231167192//5496725, 2008004656//27483625, 461644192//5496725, 1805476526//27483625, 238483944//5496725, 1503828//32525, 219392976//5496725, 95067344//1099345, 3334549776//27483625, 6345048688//27483625, 36902178//2114125, -9239191431//27483625, -22504832596//27483625, -8494212992//5496725, -51100038036//27483625, -1427385086//1099345, -6269472646//27483625, 63143784//5496725, -1754444208//5496725, 2425190496//5496725, -459570744//1099345, 9198744288//27483625, -5508316016//27483625, 2794367612//27483625, -892379283//27483625, -1973032823//27483625, -65782736//5496725, -3972572628//27483625, -50340624//5496725, -1217462978//27483625, 7830012//422825, -108982512//5496725, 92425104//5496725, -12784368//1099345, 180468048//27483625, -53789221//27483625, -20729068//27483625, 55777277//27483625, -7316516//2114125, 6365104//5496725, -93980098//27483625, -96368//5496725, -17869418//27483625]
9; 11; 7; 2; 7; 1; 1; 3; 1; 1; [-13276679432652//13412736101375, 579740715272//2682547220275, -1781951467916//13412736101375, 3331275654112//2682547220275, 10883452174938//13412736101375, 1218733761267//2682547220275, 10929607093508//2682547220275, 11125053361144//13412736101375, -47780923676//536509444055, -125709707376//206349786175, -5416423096014//2682547220275, 21343054896144//2682547220275, -33899573810784//2682547220275, 212674158962262//13412736101375, -31492423740134//2682547220275, 104320432712871//13412736101375, -191119601494836//2682547220275, -426926125245618//13412736101375, -32434838225316//2682547220275, -42552346144944//536509444055, -35985888920959//13412736101375, -12467217159724//2682547220275, 718641213899292//2682547220275, 366804554924646//2682547220275, -924703438192446//2682547220275, 1067265946356111//2682547220275, -4703522282054874//13412736101375, 683362059472942//2682547220275, -2000136030702592//13412736101375, 29797971624222//536509444055, 53244025209216//13412736101375, -1740319560144//41269957235, 136544666475264//2682547220275, -689764074598242//13412736101375, 105136206108286//2682547220275, -33920902734057//2682547220275, 47283912959214//2682547220275, -45773917333434//2682547220275, 35927763967764//2682547220275, -115841000197584//13412736101375, 11228879218676//2682547220275, -10477039974472//13412736101375, -3772847769122//2682547220275, 30764916949536//13412736101375, -6553899614952//2682547220275, 5240552011213//2682547220275, -18630948763082//13412736101375, 1992207972514//2682547220275]
9; 11; 7; 2; 4; 1; 1; 9; 1; 1; [274816346//398760375, 1224162632//398760375, 1352351824//398760375, 644518948//132920125, -195016024//132920125, 16682702//30673875, -2371709272//398760375, -105308864//6134775, -7913340568//398760375, -622268748//26584025, -524215868//26584025, -432429256//26584025, -1439723392//26584025, -437129264//10224625, -2808683024//30673875, -13763863928//132920125, -14441832428//132920125, 27368551224//132920125, 61105780564//398760375, 45633262864//132920125, 40055117054//79752075, 185516722208//398760375, 21374790572//26584025, -1778599568//26584025, -30053399408//79752075, 1138478476//2044925, -74162007256//132920125, 175908640864//398760375, -119028912352//398760375, 19058315436//132920125, -3383177308//132920125, -12368773268//398760375, 74769376//846625, -1487645104//26584025, 35036337784//398760375, -274311202//26584025, 610698808//26584025, -687752704//26584025, 595829192//26584025, -2143328016//132920125, 3652772714//398760375, -1411817752//398760375, -90006244//132920125, 397353912//132920125, -1366332728//398760375, 1429890616//398760375, -164662136//79752075, 773599144//398760375]
9; 11; 7; 2; 2; 1; 1; 11; 1; 1; [-11728596589//29293762875, -11991757692//9764587625, -19567556512//29293762875, -11607747081//9764587625, -28668272974//29293762875, 18603552424//9764587625, 49421277224//9764587625, 46314775604//29293762875, 5355447706//1952917525, 15072087822//1952917525, 959414603//150224425, 10663794556//1952917525, 34631181204//1952917525, 137704358978//9764587625, 173534011362//9764587625, -24073069327//751122125, 120327550481//9764587625, -304742590346//29293762875, -1076123921474//9764587625, -1682183728284//9764587625, -4130117633294//29293762875, -502295623262//1952917525, -532356296558//1952917525, 56289778754//1952917525, 698522222438//5858752575, -352579761991//1952917525, 1783856712094//9764587625, -1425657517694//9764587625, 2816577059956//29293762875, -481925041677//9764587625, 350910277697//29293762875, 65924847758//9764587625, -305637301952//9764587625, 188743482926//9764587625, -65659562204//1952917525, 471815956//150224425, -43363786442//5858752575, 16487491234//1952917525, -14391229184//1952917525, 52128492804//9764587625, -30009950899//9764587625, 33890821696//29293762875, 1601407703//9764587625, -2048378536//2253366375, 131438272//123602375, -11987010877//9764587625, 20609427038//29293762875, -1432311092//1952917525]
9; 11; 7; 2; 3; 1; 1; 6; 1; 1; [-18357263//9949875, -109278148//9949875, -648818//51025, -138912593//9949875, 34390142//9949875, 338572439//9949875, 555134563//9949875, 48983069//765375, 598277663//9949875, 12555246//663325, 26384783//663325, 88079287//1989975, 111007522//1989975, 582470171//3316625, 1281926026//3316625, 450489574//1989975, -350622022//9949875, -2972524104//3316625, -16556498149//9949875, -17091441853//9949875, -15481926257//9949875, -4277218048//9949875, 1897123//4225, -106193287//663325, -5209721//153075, 97139739//663325, -130440017//765375, 1800752039//9949875, -223932307//1989975, 731862104//9949875, -729665581//9949875, -244351399//3316625, -609100319//9949875, -940998986//9949875, 40684186//9949875, 1026694//663325, 9884626//1989975, -15289927//1989975, 5224301//663325, -61764631//9949875, 45660419//9949875, -4004266//1989975, 1832208//3316625, -2887601//9949875, -24055147//9949875, -1211693//3316625, -7563142//3316625, 3036016//9949875]
9; 11; 7; 2; 6; 1; 1; 11; 1; 1; [-264708091//450673275, -2064970462//2253366375, 1292392409//450673275, 371871488//751122125, -2673643738//2253366375, 469446239//450673275, -6750941597//2253366375, 99006479//173335875, 18885153406//2253366375, 4746858964//450673275, 141885759//30044885, -8582826623//450673275, -2791600784//450673275, 2614028944//90134655, 21897408284//751122125, -26893204966//450673275, 66015767216//2253366375, -8595887084//173335875, -48239095256//450673275, 218662854277//2253366375, 50206029743//2253366375, -133527868901//2253366375, -92358001586//450673275, -588070468//6933435, 35479434859//150224425, -125815615079//450673275, 112622987972//450673275, -135945859488//751122125, 47511049981//450673275, -95884632482//2253366375, -9616344251//2253366375, 10560840311//450673275, -75700337294//2253366375, 83824359929//2253366375, -69296284393//2253366375, 3853109891//450673275, -221053694//18026931, 5413397038//450673275, -1433090302//150224425, 2814081154//450673275, -2292163178//751122125, 17968842//30044885, 685441296//751122125, -3714427976//2253366375, 1845427//1140945, -3044256244//2253366375, 2281520354//2253366375, -1338746108//2253366375]
9; 11; 7; 2; 2; 1; 1; 5; 1; 1; [-26314//63375, -165983//63375, -238487//63375, -382124//63375, -247478//63375, 58289//21125, 553844//63375, 799907//63375, 942106//63375, -13696//12675, 59307//4225, 32059//2535, 366272//12675, 869963//21125, 4573873//63375, 20143//375, 1645908//21125, -5289392//63375, -11940047//63375, -22391684//63375, -26855507//63375, -21400676//63375, 1018439//12675, -602743//4225, 386171//2535, -530891//4225, 5676287//63375, -939157//21125, 1115926//63375, 216314//21125, -1385996//63375, 800534//63375, -2206417//63375, -345556//63375, -1485118//63375, 29177//4225, -26542//4225, 11957//2535, -11989//4225, 80257//63375, 1189//63375, -38624//63375, 63337//63375, -20747//21125, 35434//63375, -16269//21125, -8366//63375, -21283//63375]
9; 11; 7; 2; 10; 1; 1; 11; 1; 1; [-2148669//1668875, -5678248//1668875, -1224708//333775, -6801934//1668875, -4405368//1668875, 10886602//1668875, 26077392//1668875, 26528124//1668875, 35461496//1668875, 9067104//333775, 593493//25675, 2023272//66755, 15811148//333775, 128872404//1668875, 152486368//1668875, 913962//25675, 45100974//1668875, -128815932//1668875, -654434272//1668875, -969653532//1668875, -967010934//1668875, -1090452496//1668875, -118064436//333775, 48665844//333775, 93728//13351, -29952012//333775, 212721612//1668875, -190552196//1668875, 31205412//333775, -95627538//1668875, 40406844//1668875, -36957136//1668875, -60666576//1668875, -16413552//1668875, -77666168//1668875, -55188//25675, -950824//333775, 351132//66755, -1849968//333775, 7941012//1668875, -5303971//1668875, 605916//333775, -930598//1668875, -38232//128375, 6836//21125, -2126106//1668875, 331848//1668875, -1783148//1668875]
9; 11; 7; 2; 6; 1; 1; 5; 1; 1; [261//325, 7221//1625, 14706//1625, 48416//4875, 33742//4875, -8064//1625, -32914//1625, -35613//1625, -123212//4875, -2428//325, -979//325, -124//3, -40481//975, -98498//975, -270391//1625, -1039448//4875, -594106//4875, 420863//4875, 2292892//4875, 3847672//4875, 3525524//4875, 2904152//4875, -11828//325, -280402//975, 81346//195, -404881//975, 316466//975, -1088764//4875, 477976//4875, -47756//1625, -124831//4875, 123537//1625, -37178//1625, 133599//1625, -926//125, 16879//975, -482//25, 3238//195, -3863//325, 6496//975, -12709//4875, -86//125, 3294//1625, -12601//4875, 1067//375, -5684//4875, 8522//4875, 22//1625]
9; 11; 7; 2; 10; 1; 1; 5; 1; 1; [3115256//3316625, -1526412//663325, -17949198//3316625, -3909866//663325, -53085476//3316625, -33017901//3316625, 33920628//3316625, 132823954//3316625, 193186884//3316625, 29369244//663325, 36661041//663325, 8672559//663325, 44977059//663325, -84790351//3316625, 22529836//132665, 752392098//3316625, 106467522//663325, 906858151//3316625, -1293145439//3316625, -3161563918//3316625, -6684191099//3316625, -6955923099//3316625, -1004735721//663325, -142808839//663325, 784679969//663325, -1000217476//663325, 4659011482//3316625, -704396911//663325, 2239274459//3316625, -193955506//663325, 137046083//3316625, 385801743//3316625, -814238239//3316625, 368439723//3316625, -855206337//3316625, 26068216//663325, -42957036//663325, 44418151//663325, -2807868//51025, 124004642//3316625, -13051352//663325, 19631524//3316625, 2466377//663325, -26697962//3316625, 30049103//3316625, -29887749//3316625, 13850568//3316625, -17248877//3316625]
9; 11; 7; 2; 3; 1; 1; 4; 1; 1; [26023028//1558604125, 9948468//12468833, 78189752//119892625, 879941117//4675812375, 132041506//359677875, 43222114//119892625, -15854072968//4675812375, -1990623812//359677875, -19381779496//4675812375, -37067298//5881525, -1635995273//311720825, -280342404//62344165, -13492091108//935162475, -18188822598//1558604125, -8121662702//311720825, 16761620704//1558604125, 54736988201//1558604125, 119352608462//4675812375, 54688776578//1558604125, 197362052846//1558604125, 657474770111//4675812375, 739583118596//4675812375, 67728315386//311720825, -6876136518//311720825, -3602911250//37406499, 3479883793//23978525, -228493361594//1558604125, 36303016018//311720825, -120961654378//1558604125, 64572589603//1558604125, -40532499359//4675812375, -12377004446//1558604125, 38404336738//1558604125, -22240088274//1558604125, 115866026518//4675812375, -797104596//311720825, 1857060378//311720825, -422608334//62344165, 1841628576//311720825, -6662619644//1558604125, 762492522//311720825, -1453705018//1558604125, -462990091//4675812375, 3494427496//4675812375, -1402708776//1558604125, 4557621664//4675812375, -2523738602//4675812375, 2553175798//4675812375]
9; 11; 7; 2; 8; 1; 1; 6; 1; 1; [675923//3316625, 13572361//3316625, 21670671//3316625, 29280749//3316625, 29403982//3316625, 45273564//3316625, 52804448//3316625, 54877323//3316625, 15230766//3316625, 362198//26533, 6610512//663325, 153084//26533, -5854574//663325, -42636218//3316625, -562102511//3316625, -644176451//3316625, -632450434//3316625, -476017462//3316625, -697212944//3316625, -767377698//3316625, -285403193//3316625, 947340364//3316625, 1966//65, -13699178//663325, 1629634//132665, -3180719//663325, -4899854//3316625, -12892088//3316625, -44892873//3316625, -14240852//3316625, -32464386//3316625, -24949967//3316625, -37744234//3316625, -12806629//3316625, 44328802//3316625, 95068//132665, -211542//663325, 6502//132665, 80634//663325, -714304//3316625, 209957//3316625, -1113068//3316625, -163177//3316625, -604236//3316625, -543927//3316625, -616324//3316625, -333054//3316625, 905312//3316625]
9; 11; 7; 2; 5; 1; 1; 11; 1; 1; [2782509904//2253366375, 696200914//751122125, -6738800021//2253366375, -352079189//150224425, 1351579884//751122125, 693386419//2253366375, -8466257063//2253366375, -112894043//450673275, -5634980038//2253366375, -5014837024//450673275, -332171274//150224425, 1135550851//90134655, 1917288004//150224425, -6680936638//173335875, -53143956962//2253366375, 206000577266//2253366375, 1462736915//18026931, 1688714342//57778625, 161070458186//2253366375, 86359922453//2253366375, -484201563//30044885, 553628673893//2253366375, 113639466566//450673275, -53386141762//450673275, 533742239//30044885, 20502820742//450673275, -166599990922//2253366375, 164090908594//2253366375, -126786726187//2253366375, 20023193659//450673275, -45151644326//2253366375, 6873372001//751122125, 13412707244//2253366375, -4505536039//450673275, 48486995059//2253366375, 1093469014//450673275, 485484812//450673275, -261227228//90134655, 512675906//150224425, -6883823462//2253366375, 4933676849//2253366375, -2765038772//2253366375, 89211431//150224425, 127195084//2253366375, -210117//731375, 86127458//173335875, -204653948//450673275, 1239870614//2253366375]
9; 11; 7; 2; 12; 1; 1; 9; 1; 1; [2762063//11006125, -16948128//11006125, -15366608//11006125, -13319031//11006125, -10609888//11006125, 5544418//2201225, 103286464//11006125, 129081712//11006125, 104626908//11006125, 5395392//440245, 1942608//169325, 14514432//2201225, 13591872//440245, 220739232//11006125, 610252608//11006125, -1697334//846625, -221640369//11006125, -441745472//11006125, -355277668//2201225, -3300539484//11006125, -3089717062//11006125, -2975342508//11006125, -172773312//440245, -86215776//2201225, 623987872//2201225, -161886864//440245, 3826336416//11006125, -2898422496//11006125, 1835169164//11006125, -853724277//11006125, 82200344//11006125, 53586956//2201225, -691429932//11006125, 408005904//11006125, -579232164//11006125, 311952//33865, -34626464//2201225, 36234528//2201225, -1199424//88049, 103052736//11006125, -54702666//11006125, 16728404//11006125, 8687403//11006125, -1722592//846625, 4763816//2201225, -25124662//11006125, 13531744//11006125, -11992404//11006125]
9; 11; 7; 2; 2; 1; 1; 2; 1; 1; [1035113//1989975, -555404//3316625, -695276//9949875, 4952417//9949875, -5769658//1989975, 16161112//9949875, -1492616//397995, 50122208//9949875, -35083156//9949875, 216618//663325, 56852//10205, -1332612//132665, 5679344//397995, -8938326//663325, 46826374//3316625, 2450944//255125, -106386259//3316625, 221522842//1989975, -509352622//9949875, 9136758//132665, -396306563//9949875, -1141812784//9949875, 34587818//663325, -46580214//132665, 181434794//397995, -56684917//132665, 216926102//663325, -678611798//3316625, 939495398//9949875, -41220557//3316625, -68323072//1989975, 582936194//9949875, -49314//845, 159092802//3316625, -382339442//9949875, 993984//51025, -2695226//132665, 2231602//132665, -1525008//132665, 4080632//663325, -6106418//3316625, -9992602//9949875, 24386489//9949875, -84164//30615, 24437204//9949875, -139406//79599, 10161026//9949875, -5056982//9949875]
9; 11; 7; 2; 7; 1; 1; 11; 1; 1; [4184413274//9764587625, 6719351032//1952917525, 22305995968//9764587625, 51895964282//9764587625, 8033153732//1952917525, -8729676591//1952917525, -51722147648//9764587625, -4310749832//1952917525, -100202693018//9764587625, -41015014452//1952917525, -554945418//30044885, -24991552296//1952917525, -99535050456//1952917525, -347674733604//9764587625, -91297076788//1952917525, 13091178384//751122125, -1495209507642//9764587625, -55622551844//1952917525, 109321872618//390583505, 2996034098748//9764587625, 726787561688//1952917525, 6092479157338//9764587625, 1418053709988//1952917525, -490843908//78116701, -810928070196//1952917525, 1123144309854//1952917525, -5472843394572//9764587625, 852521278508//1952917525, -2755331999884//9764587625, 1271388730434//9764587625, -52550143318//1952917525, -61490388198//1952917525, 878221515684//9764587625, -122648602428//1952917525, 922048900514//9764587625, -1872172836//150224425, 9432114956//390583505, -51263085924//1952917525, 43475232816//1952917525, -153146464632//9764587625, 3392470031//390583505, -29093260444//9764587625, -10264310806//9764587625, 448978112//150224425, -84034884//24720475, 34677173324//9764587625, -829790548//390583505, 19580839514//9764587625]
