9; 4; 10; 6; 8; 1; 1; 12; 1; 1; [-15303814801//13886708875, -9229308237//2777341775, -94505441818//13886708875, -114241646611//13886708875, -69886087784//13886708875, 7780209546//2777341775, 231360179494//13886708875, 14822223512//555468355, 399922286004//13886708875, 62198936508//2777341775, 42765402231//2777341775, 50318117036//2777341775, 6704867324//213641675, 1007681121841//13886708875, 416324040141//2777341775, 2648376239538//13886708875, 1496897131121//13886708875, -1941058195106//13886708875, -1259928122187//2777341775, -11295227583034//13886708875, -2290448534054//2777341775, -8409157804819//13886708875, -450887166927//2777341775, 239200359571//2777341775, -62839314004//2777341775, -43650307628//2777341775, 564299099673//13886708875, -1494646871//42728335, 622204024889//13886708875, -290668411427//13886708875, 117190216857//13886708875, -72198995249//2777341775, -9924605739//262013375, -91075623909//2777341775, -5837657443//175781125, -72861382//35156225, -347824816//2777341775, 303737103//213641675, -5111246817//2777341775, 25428467073//13886708875, -3437673013//2777341775, 14265540864//13886708875, -4323646492//13886708875, -859622143//13886708875, -644929247//2777341775, -247111594//262013375, -1254101796//2777341775, -774513799//1068208375]
9; 4; 10; 6; 2; 1; 1; 11; 1; 1; [-85657532//175781125, -913766174//527343375, -521625134//527343375, -109042649//175781125, -127682638//527343375, -34663771//527343375, -20703847//21093735, 156695543//21093735, 3429786964//527343375, 71224198//21093735, 360031561//35156225, 940250933//105468675, 302559428//21093735, 9004724281//527343375, 8136179348//175781125, 330636548//9949875, 2919249122//527343375, -38022467287//527343375, -9379348093//175781125, 301063059//35156225, -26290512602//105468675, -100487016469//527343375, -25516067//134355, -4917511037//105468675, 475927367//2704325, -4538739493//21093735, 2673183177//13521625, -76619008213//527343375, 48132269357//527343375, -20290297124//527343375, -927084971//527343375, 9484963468//527343375, -3031279463//105468675, 1813736728//105468675, -5481181139//175781125, 128083246//21093735, -986826058//105468675, 332337039//35156225, -53650957//7031245, 898894571//175781125, -1362709858//527343375, 123201394//175781125, 104943362//175781125, -670909306//527343375, 678804848//527343375, -119741327//105468675, 62801482//105468675, -326485127//527343375]
9; 4; 10; 6; 3; 1; 1; 6; 1; 1; [-23465242//6088875, -26330168//6088875, -5649443//2029625, 13632142//6088875, 42594328//6088875, 4704038//1217775, -2164341//156125, -50981496//2029625, -58009964//6088875, 18147968//1217775, 1606406//81185, 8982494//1217775, -18513453//405925, 451011337//6088875, 229839156//2029625, 1416938839//6088875, 950095948//6088875, -677459878//6088875, -270649981//1217775, 1694145509//6088875, 5260075648//6088875, 1884896183//2029625, 785324123//1217775, 1932293//18735, -209189002//405925, 794856526//1217775, -3677594144//6088875, 2837446769//6088875, -42939122//156125, 273846668//2029625, -33062308//2029625, -83719427//1217775, 203788959//2029625, -98144637//2029625, 52585519//468375, -20980168//1217775, 457152//16237, -11751413//405925, 9629478//405925, -97596124//6088875, 52268309//6088875, -13461458//6088875, -2959937//2029625, 7120037//2029625, -1727567//405925, 22994852//6088875, -10965116//6088875, 13730647//6088875]
9; 4; 10; 6; 6; 1; 1; 11; 1; 1; [353494054//527343375, 56120141//35156225, -257763053//527343375, 2121175769//527343375, 1020893222//527343375, -426049522//175781125, 39413453//105468675, -4273129826//527343375, -279861961//40564875, 41900956//105468675, -614892116//35156225, -580339//324519, -1829547247//105468675, -20704363564//527343375, -60472417//1989975, 2805552186//175781125, -47312550104//527343375, 695528157//13521625, 33332100856//527343375, 944435857//35156225, 226518358966//527343375, 105128730713//527343375, 5914978//671775, 29361628232//105468675, -8264988811//21093735, 755414251//1989975, -158782524892//527343375, 6758861786//35156225, -49369455821//527343375, 7460044238//527343375, 431165396//13521625, -8551586894//175781125, 1168413886//21093735, -4509045834//175781125, 21121269889//527343375, -1725390941//105468675, 144603506//8112975, -320753558//21093735, 375573669//35156225, -244180934//40564875, 216391504//105468675, 107621778//175781125, -1113872587//527343375, 1326349469//527343375, -1153005532//527343375, 178311482//105468675, -112776834//175781125, 315760439//527343375]
9; 4; 10; 6; 2; 1; 1; 5; 1; 1; [78036449//12427393875, 3123391369//12427393875, -4347629789//12427393875, -1342118926//2485478775, -12254458636//12427393875, 14712310643//12427393875, -24576665578//12427393875, 11042021641//4142464625, 2690829113//12427393875, -7052925604//2485478775, 6204223282//828492925, -22970052281//2485478775, 21975261232//2485478775, 11724885191//12427393875, -71999807549//12427393875, -90557313836//12427393875, 29134558162//2485478775, 125364635506//12427393875, -315704944363//12427393875, 404028238366//4142464625, -1326036308248//12427393875, 1337073392732//12427393875, -108240534889//2485478775, -20678797963//191190675, 435090432329//2485478775, -446397102058//2485478775, 610723419091//4142464625, -1240882456657//12427393875, 16570212808//318651125, -11690570262//828492925, -39985131714//4142464625, 265358478961//12427393875, -259433667581//12427393875, 70948449222//4142464625, -134894939084//12427393875, 17541146344//2485478775, -6855411332//828492925, 6098271997//828492925, -4464212929//828492925, 13233555991//4142464625, -5362982314//4142464625, -929112868//12427393875, 2122293157//2485478775, -4640269759//4142464625, 4355946087//4142464625, -3096547702//4142464625, 5420790776//12427393875, -1939460164//12427393875]
9; 4; 10; 6; 10; 1; 1; 11; 1; 1; [75963753//175781125, -31178671//175781125, -12051924//35156225, -65764853//175781125, -118462258//175781125, 130930549//175781125, 545547378//175781125, 720915869//175781125, 5504784//2704325, 28907378//7031245, 104428572//35156225, -53520823//35156225, 211006348//35156225, -2238197243//175781125, -760511299//175781125, -554544004//35156225, -3787584147//175781125, -1307992447//175781125, -10984913379//175781125, -26712642968//175781125, -29470877389//175781125, -134086081//663325, -9489583//44785, 101933899//2704325, 2498523097//35156225, -4220702687//35156225, 21929208111//175781125, -18261738227//175781125, 2464847799//35156225, -6828382801//175781125, 1930530559//175781125, 612663828//175781125, -300247403//13521625, 1749254878//175781125, -863526437//35156225, 2173478//1406249, -168251862//35156225, 201605673//35156225, -181328643//35156225, 669439101//175781125, -403386357//175781125, 6621322//7031245, -1882486//175781125, -7728982//13521625, 127442468//175781125, -154611174//175781125, 77868598//175781125, -3861583//7031245]
9; 4; 10; 6; 11; 1; 1; 6; 1; 1; [-48941924//26385125, 14018198//26385125, 59811956//26385125, 117090877//26385125, 124689698//26385125, 295956282//26385125, 496284586//26385125, 37929226//2029625, 87595593//26385125, -6668504//5277025, 69764421//5277025, -13978421//5277025, -184923267//5277025, 1081273139//26385125, -1037673848//26385125, -3943010351//26385125, -567754014//2029625, -462548781//2029625, -7463052187//26385125, -12042457606//26385125, -14034789068//26385125, 4598104557//26385125, 2778788731//5277025, 290906831//5277025, -2012890861//5277025, 2611287593//5277025, -12248084918//26385125, 9376895391//26385125, -6088823743//26385125, 2378144404//26385125, -596940489//26385125, -1464043261//26385125, 1201531967//26385125, -184802843//2029625, 1639496181//26385125, -65482721//5277025, 111812054//5277025, -116753019//5277025, 96621582//5277025, -330261328//26385125, 176771401//26385125, -57087008//26385125, -35076846//26385125, 65900756//26385125, -88055361//26385125, 61556177//26385125, -64084814//26385125, 2640532//2029625]
9; 4; 10; 6; 6; 1; 1; 5; 1; 1; [-145916908//63730225, -555853178//318651125, -2601060526//955953375, 924526846//955953375, 2040198856//955953375, 1357832751//318651125, 2979158886//318651125, -290614563//63730225, 3748568849//955953375, 1174093318//63730225, 441854367//63730225, 3903584482//191190675, -2431446902//191190675, 8324730929//191190675, 7676002598//318651125, 62584515881//955953375, -17354725982//318651125, -23841642267//318651125, -267942772663//955953375, -334180837108//955953375, 21042932843//191190675, -140603123044//955953375, 9429653343//63730225, 71647210501//191190675, -38432365486//63730225, 118237559548//191190675, -96465397838//191190675, 328004992957//955953375, -56261444229//318651125, 45454315982//955953375, 10067579169//318651125, -28739828903//318651125, 22676324387//318651125, -345619406//4902325, 45271773088//955953375, -4645979599//191190675, 5447415544//191190675, -4839480287//191190675, 1180683029//63730225, -2088887098//191190675, 4243069057//955953375, 290365558//955953375, -2824911823//955953375, 3651908842//955953375, -3756460829//955953375, 2443484471//955953375, -25247284//14706975, 230790736//318651125]
9; 4; 10; 6; 10; 1; 1; 5; 1; 1; [5062144591//4142464625, 106416917//63730225, 1158084617//828492925, -1945932992//4142464625, -12521585428//4142464625, -28480684151//4142464625, -10424899344//4142464625, -5389373286//4142464625, -13529764333//4142464625, -7945624426//828492925, -9334244262//828492925, -10702244299//828492925, 12241484928//828492925, -55571781536//4142464625, -14518343889//828492925, -31331355083//828492925, 1468921734//318651125, 519270374728//4142464625, 1073975111526//4142464625, 622376726044//4142464625, 1815937924//24511625, -469095573627//4142464625, -12627694732//63730225, -109069166162//828492925, 245092938331//828492925, -276451714142//828492925, 1202560016477//4142464625, -173582459696//828492925, 98101284533//828492925, -186186947614//4142464625, -6379974326//4142464625, 198710474883//4142464625, -162226661798//4142464625, 190487370908//4142464625, -155197303021//4142464625, 9174405761//828492925, -12355759628//828492925, 11759577984//828492925, -9117610878//828492925, 28988827837//4142464625, -550846549//165698585, 79602386//165698585, 5035448246//4142464625, -7740499586//4142464625, 9337657463//4142464625, -6376017828//4142464625, 4939326348//4142464625, -2865957411//4142464625]
9; 4; 10; 6; 3; 1; 1; 4; 1; 1; [2100848//6088875, 54518336//6088875, 43888447//2029625, 85376354//2029625, 283085672//6088875, 34880366//2029625, -14657468//405925, -546242221//6088875, -233363744//2029625, -90132928//1217775, 5186586//405925, 13392486//405925, -18993142//405925, -239619736//2029625, -2642687176//6088875, -1176621552//2029625, -3881363482//6088875, 350151038//6088875, 3118154534//2029625, 1235264332//405925, 24169201951//6088875, 7645733704//2029625, 2296096352//1217775, -15309448//31225, -168674054//405925, 349279568//405925, -5831597144//6088875, 1620468424//2029625, -1230278681//2029625, 1821224534//6088875, -700172791//6088875, 84935197//2029625, 99233968//405925, 294024373//6088875, 590654912//2029625, -1916164//405925, 39982312//1217775, -17341436//405925, 16278882//405925, -187965664//6088875, 115265597//6088875, -18993756//2029625, 3164114//6088875, 7546518//2029625, -685641//156125, 679096//81185, -2600344//2029625, 12876312//2029625]
9; 4; 10; 6; 8; 1; 1; 6; 1; 1; [-224884//1055405, -52207957//26385125, -37717392//26385125, -27405342//26385125, 9674988//5277025, 40717056//26385125, 128773686//26385125, 216658487//26385125, 313516568//26385125, 31774074//5277025, 78982164//5277025, 49336636//5277025, 82066367//5277025, -85112517//5277025, 1171252737//26385125, -64268468//26385125, -1483004503//26385125, -1289494378//5277025, -4226068261//26385125, -5921615906//26385125, -5202042662//26385125, -10342250593//26385125, -1197065451//5277025, -599383671//5277025, 1533225776//5277025, -135876816//405925, 1558500713//5277025, -432755353//2029625, 3325539101//26385125, -1378863559//26385125, -81637869//5277025, 731180347//26385125, -1478540233//26385125, 904455454//26385125, -1345093019//26385125, 56061231//5277025, -78216564//5277025, 75917729//5277025, -59549952//5277025, 38433277//5277025, -92525239//26385125, 17670056//26385125, 28500491//26385125, -11403829//5277025, 50446277//26385125, -50007148//26385125, 26407344//26385125, -25473509//26385125]
9; 4; 10; 6; 5; 1; 1; 11; 1; 1; [52090147//105468675, 200495098//175781125, -35266679//527343375, -435636509//105468675, -290665976//35156225, -5109187114//527343375, -3902351828//527343375, -783452552//527343375, -18275614//40564875, -963865118//105468675, -386584778//35156225, 44517337//8112975, 3272999888//105468675, 678145133//21093735, 14067957686//527343375, 21950701624//527343375, 2767586188//21093735, 30073942//108173, 74548639453//175781125, 185604513178//527343375, -454670168//527343375, -129270184948//527343375, -73771049//671775, 3733995671//105468675, 1482250391//105468675, -4067145412//105468675, 1715312307//35156225, -7231338099//175781125, 5807693284//175781125, -1329978332//105468675, 163936847//8112975, 3420258044//175781125, 1968055333//175781125, 1125339857//175781125, -9101440424//527343375, -18105467//105468675, -11690512//8112975, 73207523//35156225, -71001051//35156225, 4474423//2704325, -549732877//527343375, 298390232//527343375, -391724//105468675, 9510677//105468675, 334314712//527343375, 1820263//175781125, 42855732//175781125, -199969879//527343375]
9; 4; 10; 6; 12; 1; 1; 9; 1; 1; [3905952//1119625, 230474//86125, 4551542//1119625, 9107156//1119625, -4159282//1119625, 2090089//223925, -2282287//1119625, -6344813//223925, -5658388//1119625, -10580066//223925, -7227891//223925, 96919//223925, -19575756//223925, -116955407//1119625, -61103192//1119625, -197700592//1119625, -81052516//1119625, 330118367//1119625, -32745247//223925, 620030687//1119625, 163827829//223925, 387940863//1119625, 402059629//223925, -99394961//223925, -96549741//223925, 190356649//223925, -1049202071//1119625, 68280323//86125, -48914847//86125, 26730034//86125, -107320634//1119625, -1680516//44785, 146981271//1119625, -4297948//44785, 148756079//1119625, -1323544//223925, 7336986//223925, -9406019//223925, 8745501//223925, -33462721//1119625, 20710449//1119625, -9549446//1119625, 864557//1119625, 4435556//1119625, -1286964//223925, 6834756//1119625, -875282//223925, 3700869//1119625]
9; 4; 10; 6; 4; 1; 1; 7; 1; 1; [-963923//3358875, 69923//671775, 470008//3358875, 6512993//3358875, 5188514//3358875, 1285849//1119625, -4134031//1119625, -18585854//3358875, -121234//10335, -6831518//671775, -215554//44785, -48467//17225, -1097244//223925, -11396057//3358875, -3367099//223925, -82213333//3358875, -58500961//1119625, -1787083//258375, 164194193//3358875, 657773123//3358875, 219565343//1119625, 3161843//8957, 72075277//671775, 4509299//134355, -73545613//671775, 88407103//671775, -400424896//3358875, 58884037//671775, -182404439//3358875, 67201091//3358875, -106304//258375, -11921112//1119625, 29935883//1119625, -28169143//3358875, 3969773//134355, -2593432//671775, 3962//689, -3852547//671775, 1028499//223925, -60434//19875, 204836//134355, -1296604//3358875, -483448//1119625, 2492858//3358875, -2584976//3358875, 2876579//3358875, -1059998//3358875, 5113//8957]
9; 4; 10; 6; 2; 1; 1; 2; 1; 1; [102751470607//180062887875, 38627908101//60020962625, 197701174189//180062887875, 42448925173//180062887875, 374531777842//180062887875, 160877945446//180062887875, 356925261574//180062887875, -479052169729//180062887875, 28105085789//36012577575, -30699646786//12004192525, 519505959//923399425, -99837921862//12004192525, 1089009197//36012577575, -96450007353//4616997125, -3331985032733//180062887875, -6996453534604//180062887875, 373979705789//60020962625, -5695276250972//180062887875, 259653145283//60020962625, -1584427343078//60020962625, 18113628357004//180062887875, 724281098472//12004192525, 557453506079//12004192525, -411501042963//12004192525, 241280057708//12004192525, -101241153721//12004192525, -207881324791//180062887875, 782869542521//180062887875, -529563391484//60020962625, 423144183327//60020962625, -1207713677966//180062887875, 642119646277//180062887875, -168353994859//60020962625, 869112964732//180062887875, 118599045518//36012577575, 1082247672//923399425, -7033574342//12004192525, 1478588857//12004192525, 1922529146//12004192525, -56765616581//180062887875, 18189928322//60020962625, -18134257314//60020962625, 34671196936//180062887875, -7816813347//60020962625, 2267628119//60020962625, -1794570127//180062887875, 2920377534//60020962625, 3450923938//36012577575]
9; 4; 10; 6; 9; 1; 1; 9; 1; 1; [-74071//44785, -3355876//1119625, -575142//86125, 236413//1119625, 436876//1119625, -439653//1119625, 1759837//223925, -820379//1119625, 1133606//86125, 668868//44785, 12294//44785, 10564096//223925, 1651033//223925, 2733569//223925, 80887676//1119625, 178329271//1119625, -42178103//1119625, -74858551//1119625, -315471567//1119625, -6798713//17225, -98643366//1119625, -718582868//1119625, 11601//845, 4142191//8957, -144626604//223925, 140895448//223925, -110634731//223925, 361738483//1119625, -166217457//1119625, 31549281//1119625, 51488517//1119625, -109716196//1119625, 16054017//223925, -87942538//1119625, 1908372//86125, -1211828//44785, 1321044//44785, -5618201//223925, 3958872//223925, -2210599//223925, 3902088//1119625, 1269598//1119625, -3808704//1119625, 4512162//1119625, -339682//86125, 541521//223925, -1948928//1119625, 176901//1119625]
9; 4; 10; 6; 7; 1; 1; 11; 1; 1; [-24659642//175781125, -199400831//175781125, -14558144//35156225, -161914878//175781125, -557521906//175781125, -150779029//35156225, 64590179//35156225, 966397204//175781125, 558604708//175781125, -13410022//35156225, 51688569//35156225, 444854357//35156225, 112341602//7031245, 1458179602//175781125, 7824907881//175781125, 2797342//2704325, -1912970687//175781125, 10128582261//175781125, 2788430856//35156225, -1639198177//35156225, -25234547454//175781125, -57759604238//175781125, -4786612//17225, -397113116//35156225, 6245951997//35156225, -1672939159//7031245, 40086136621//175781125, -30708086602//175781125, 3957409284//35156225, -9439801341//175781125, 148254781//13521625, 806148519//35156225, -237218492//7031245, 4581098368//175781125, -7316638444//175781125, 194627522//35156225, -6685398//663325, 378114078//35156225, -12674400//1406249, 1101890111//175781125, -596193172//175781125, 120578//108173, 77325704//175781125, -214360977//175781125, 10998149//7031245, -48350279//35156225, 150775698//175781125, -11669948//13521625]
9; 4; 10; 6; 11; 1; 1; 4; 1; 1; [50654559//26385125, -89232612//26385125, -340965147//26385125, -555449872//26385125, -441321926//26385125, -22153148//26385125, 638680703//26385125, 1518274202//26385125, 2003767731//26385125, 59912128//1055405, 83382984//5277025, -33722352//5277025, 207361718//5277025, -70913954//26385125, 4984376902//26385125, 765528419//2029625, 11160561177//26385125, -3399731069//26385125, -28522235562//26385125, -3832038031//2029625, -59554683442//26385125, -3931741057//2029625, -1029458504//1055405, 360054274//5277025, 192456226//405925, -3664486337//5277025, 18167484108//26385125, -14271529014//26385125, 9976595501//26385125, -4267196569//26385125, 925557888//26385125, -14056326//26385125, -4652398524//26385125, -122663256//26385125, -4493218933//26385125, 14030311//1055405, -151494634//5277025, 169283282//5277025, -146287098//5277025, 522523878//26385125, -294208184//26385125, 118389636//26385125, 30694656//26385125, -95976217//26385125, 92292584//26385125, -150028464//26385125, 2323878//2029625, -93627643//26385125]
9; 4; 10; 6; 3; 1; 1; 3; 1; 1; [-291361474//155675325, -85705633712//41253961125, -149423434627//41253961125, -26235910286//41253961125, 76560621366//13751320375, 328730484182//41253961125, 218897819678//41253961125, -281458578//2750264075, -6168359017//634676325, -138587406506//8250792225, -2029473518//2750264075, 43756166434//1650158445, 255479335574//8250792225, 863011520312//8250792225, 1139079980174//13751320375, 340072085834//3173381625, -662318983868//13751320375, -202395557787//1057793875, -942671850794//13751320375, 7355957969242//41253961125, 3501265661708//8250792225, 417707425307//550052815, 6213256957294//8250792225, -401023871654//8250792225, -203115392208//550052815, 4477353161179//8250792225, -336192765463//634676325, 17722511767706//41253961125, -71230515591//259458875, 5670848547998//41253961125, -1642661776804//41253961125, -1694210013206//41253961125, 3247387853296//41253961125, -155621786168//2750264075, 62420143109//634676325, -86014061914//8250792225, 61483341658//2750264075, -13692171486//550052815, 59265077282//2750264075, -125813254709//8250792225, 363620034071//41253961125, -128311799414//41253961125, -28219011292//41253961125, 106689707471//41253961125, -144121615516//41253961125, 136629724141//41253961125, -16661049202//8250792225, 17425241489//8250792225]
9; 4; 10; 6; 6; 1; 1; 2; 1; 1; [-45233099982//60020962625, 94836522392//180062887875, 85683304916//180062887875, 10628594231//36012577575, 179411548798//180062887875, 185275863386//180062887875, -17299990288//180062887875, 12030278096//60020962625, 46201711481//13850991375, -121978625668//36012577575, -104817730696//12004192525, 17870675152//2770198275, -134754692068//36012577575, 2639140772561//180062887875, -1865404842234//60020962625, -322011786412//60020962625, -185184277144//36012577575, -571768620476//13850991375, -1855988233407//60020962625, 4335426383768//180062887875, 910794163232//180062887875, 408582554834//60020962625, 9271416496847//36012577575, 3865246496507//36012577575, -3583057583518//12004192525, 12642006227477//36012577575, -18740187953339//60020962625, 41047664251879//180062887875, -8174926565891//60020962625, 1975586221894//36012577575, 10858205402//13850991375, -2224902411716//60020962625, 8812970232659//180062887875, -2720800804803//60020962625, 6412202717756//180062887875, -388109160497//36012577575, 42783711226//2770198275, -181705796807//12004192525, 143984265131//12004192525, -36057719853//4616997125, 691343357539//180062887875, -146967827038//180062887875, -8105592272//7202515515, 358044544291//180062887875, -392195287658//180062887875, 328650343039//180062887875, -224258930914//180062887875, 123975054206//180062887875]
9; 4; 10; 6; 5; 1; 1; 5; 1; 1; [-1352056999//318651125, -8714423096//955953375, -12791834113//955953375, -3670418438//318651125, 678919568//955953375, 18851696506//955953375, 1847679637//63730225, 25770859906//955953375, 24701234626//955953375, 2627000824//63730225, 960867057//12746045, 7214769487//63730225, 2779270517//38238135, 116795866342//955953375, 168688388416//955953375, 92164974701//318651125, 229015801384//955953375, -62004877586//318651125, -297469386352//318651125, -96027779751//63730225, -498581537252//318651125, -859968748096//955953375, -3500682//4902325, 2272786582//7647627, -76516886489//191190675, 15067324058//38238135, -287006156104//955953375, 195540230038//955953375, -77931335881//955953375, 8854996344//318651125, 1669167382//73534875, -30516349491//318651125, -478577716//38238135, -111889173148//955953375, -2937193576//318651125, -3244746292//191190675, 704969456//38238135, -2957812816//191190675, 139597597//12746045, -5676085184//955953375, 2097965903//955953375, 295031918//318651125, -1836636088//955953375, 759808852//318651125, -2958992503//955953375, 79036784//191190675, -2254099928//955953375, -327276668//955953375]
9; 4; 10; 6; 2; 1; 1; 10; 1; 1; [-3283//21125, -9602//63375, 17006//63375, -1762//12675, -42//4225, -11533//63375, -1652//4875, -9619//4875, 132382//63375, -63142//12675, 1539//845, -6611//975, 7763//2535, -175826//63375, 986972//63375, -57332//21125, 107629//4225, 99542//12675, 1780628//63375, 214592//21125, 2409107//63375, -747544//21125, 520268//12675, -238456//2535, 448319//4225, -46931//507, 108003//1625, -795988//21125, 910562//63375, 42781//12675, -141146//12675, 1007459//63375, -831442//63375, 762911//63375, -507206//63375, 60032//12675, -294//65, 44458//12675, -1889//845, 22329//21125, -9769//63375, -8146//21125, 8236//12675, -2706//4225, 35209//63375, -7429//21125, 14126//63375, -5366//63375]
9; 4; 10; 6; 10; 1; 1; 2; 1; 1; [-5177817587//60020962625, -1133460993//12004192525, -42094678336//60020962625, -14399403788//60020962625, -61018518772//60020962625, -318537249//923399425, 17939753719//12004192525, 5692054612//60020962625, 80648126974//60020962625, 42235298856//12004192525, -11299702191//12004192525, 54201427779//12004192525, 48983829566//12004192525, 371961334272//60020962625, 8944675801//12004192525, 1169494566801//60020962625, -175681645252//60020962625, 1006188095067//60020962625, 112700394026//12004192525, -772718394803//12004192525, -2900648662432//60020962625, -2782869514329//60020962625, -143411579328//923399425, 944627562084//12004192525, -222739863731//12004192525, -234755920134//12004192525, 2311586951406//60020962625, -497571024598//12004192525, 166821846106//4616997125, -1492026630736//60020962625, 872376148121//60020962625, -10303492324//2400838505, -52607507956//12004192525, 154889499384//60020962625, -471446761247//60020962625, -22070421246//12004192525, -3526562404//12004192525, 17753691546//12004192525, -22438717746//12004192525, 8043771042//4616997125, -15813120789//12004192525, 50012340478//60020962625, -22090194216//60020962625, 2785760041//60020962625, 2111531582//12004192525, -3674570453//12004192525, 12544507564//60020962625, -14429233732//60020962625]
9; 4; 10; 6; 4; 1; 1; 12; 1; 1; [-273186374//527343375, 11006336472//13886708875, 123854729924//41660126625, 239018195081//41660126625, 100466146496//13886708875, 196305287473//41660126625, -144513057781//41660126625, -167068901764//13886708875, -398206859//25637001, -37636632478//2777341775, -25565908273//2777341775, -2221323193//213641675, -202696268399//8332025325, -690408930554//41660126625, -2929451142496//41660126625, -1573182251458//13886708875, -6656752367881//41660126625, -421107667636//3204625125, 7510519158//262013375, 13300443213431//41660126625, 22327491043912//41660126625, 857250528247//1666405065, 818924332952//2777341775, -243747563834//8332025325, -366921088239//2777341775, 1649347251106//8332025325, -2776976301344//13886708875, 6545905334342//41660126625, -4643374686442//41660126625, 1954414387027//41660126625, -61582033393//3204625125, -163802186513//13886708875, 559426877316//13886708875, -161585805694//41660126625, 26284838927//555468355, -29357758201//8332025325, 1738917296//213641675, -975851752//105468675, 22356388953//2777341775, -6220027368//1068208375, 137393140972//41660126625, -19083075004//13886708875, -13230845803//41660126625, 36657368386//41660126625, -51864597319//41660126625, 20193362376//13886708875, -6126468808//13886708875, 110974177//111093671]
9; 4; 10; 6; 2; 1; 1; 8; 1; 1; [458528//3358875, 226294//258375, -134237//3358875, 1839007//3358875, -806188//671775, -722314//3358875, -652154//671775, -1821901//1119625, -1615838//3358875, -164276//134355, -344666//223925, -869368//134355, 397464//223925, -10037546//1119625, -16750374//1119625, -16252486//1119625, 6014143//3358875, 1755212//44785, 48724788//1119625, 10399842//223925, 75327086//1119625, 3509473//3358875, 383036//26871, -18374036//223925, 4699572//44785, -21953966//223925, 249817591//3358875, -158752976//3358875, 68628851//3358875, -6968081//3358875, -5028784//671775, 53907662//3358875, -2690252//223925, 48453979//3358875, -25223761//3358875, 201828//44785, -3137492//671775, 103268//26871, -586024//223925, 4648271//3358875, -108347//258375, -864724//3358875, 1937909//3358875, -32096//51675, 682494//1119625, -3854//10335, 995884//3358875, -303916//3358875]
9; 4; 10; 6; 8; 1; 1; 4; 1; 1; [-33794192//26385125, -315119553//26385125, -704623866//26385125, -1103519007//26385125, -1141587588//26385125, -29632884//2029625, 199574792//5277025, 2339094116//26385125, 2935527889//26385125, 37011162//405925, 180806313//5277025, 25542264//1055405, 446582613//5277025, 4195071847//26385125, 14687944053//26385125, 22012393126//26385125, 20937131932//26385125, 1486428368//26385125, -37785824033//26385125, -16599215662//5277025, -7786267687//2029625, -84313323069//26385125, -7704670089//5277025, 1385278423//5277025, 103414196//211081, -4351848812//5277025, 22974308466//26385125, -18193952351//26385125, 13885124013//26385125, -5946676344//26385125, 2135325884//26385125, -568158914//26385125, -1308361381//5277025, -1396805793//26385125, -509476859//2029625, 56081579//5277025, -173745748//5277025, 41722339//1055405, -187388028//5277025, 698393466//26385125, -404500586//26385125, 192915148//26385125, 18991766//26385125, -101272661//26385125, 109202646//26385125, -41440751//5277025, 20140632//26385125, -10816904//2029625]
9; 4; 10; 6; 11; 1; 1; 3; 1; 1; [18741099531//13751320375, 474564503027//178767164875, 643488614421//178767164875, 5357985569//1430137319, 541657184686//178767164875, 284415846373//178767164875, 301675058534//178767164875, 223381028148//35753432975, 2005162744372//178767164875, 273953542464//35753432975, -123772335852//35753432975, -529387184579//35753432975, -1012566065583//35753432975, -16273995916348//178767164875, -21773623793737//178767164875, -22550452628836//178767164875, -3722402358672//35753432975, -17534285056771//178767164875, -15336013975708//178767164875, -28819444629884//178767164875, -12126920516549//35753432975, -78054719614502//178767164875, -9605998380756//35753432975, 1161535038338//35753432975, 3944991727701//35753432975, -6220129990213//35753432975, 30492107612231//178767164875, -26308654827976//178767164875, 15911583283467//178767164875, -1918041914122//35753432975, 1485199108202//178767164875, 1226926246056//178767164875, -406977057594//13751320375, 66245483662//7150686595, -7320725452156//178767164875, 101295275881//35753432975, -250966931518//35753432975, 288274432164//35753432975, -255041984367//35753432975, 69832162237//13751320375, -557084350691//178767164875, 3607918114//3372965375, 1052876907//35753432975, -12811708591//13751320375, 184495733736//178767164875, -16173414484//13751320375, 18108018642//35753432975, -156043295406//178767164875]
9; 4; 10; 6; 6; 1; 1; 10; 1; 1; [-20953//12675, -93388//21125, 26194//63375, 27083//21125, -242776//63375, 21397//21125, 127546//21125, -3313//2535, 16729//4875, 428392//12675, 102053//4225, -15586//975, -2623//4225, 320154//4225, 9449564//63375, -2704274//63375, -696733//21125, -75133//4875, -16038346//63375, -4326326//21125, 489878//12675, -5599359//21125, -9160058//12675, 444078//4225, 1165174//4225, -1873158//4225, 5790158//12675, -23049038//63375, 15705568//63375, -2793889//21125, 13262//375, 921067//63375, -1398898//21125, 276781//4225, -4261391//63375, 28316//4225, -17408//975, 264478//12675, -78317//4225, 2654//195, -166206//21125, 200908//63375, 3671//21125, -45519//21125, 166847//63375, -60768//21125, 26872//12675, -98101//63375]
9; 4; 10; 6; 7; 1; 1; 5; 1; 1; [15847857829//4142464625, 2160428299//318651125, 39932993739//4142464625, 28991018779//4142464625, -2478487846//4142464625, -79211271//5277025, -62131994762//4142464625, -62931370652//4142464625, -58731656882//4142464625, -23809080572//828492925, -40366654386//828492925, -58153600299//828492925, -6720635293//165698585, -425519895189//4142464625, -509501321077//4142464625, -796354923054//4142464625, -607837216054//4142464625, 801979965651//4142464625, 605649613601//828492925, 3635376429272//4142464625, 4066671604922//4142464625, 1985443271972//4142464625, 58807597//4902325, -338229684111//828492925, 456841313641//828492925, -88498497987//165698585, 1700120277833//4142464625, -1123938295261//4142464625, 489957564648//4142464625, -116860206532//4142464625, -145490201452//4142464625, 17633954099//165698585, -150238155569//4142464625, 444051372161//4142464625, -86965279254//4142464625, 19312546977//828492925, -20800642834//828492925, 17482380339//828492925, -2449951614//165698585, 33356690083//4142464625, -11651295641//4142464625, -4730959242//4142464625, 11600550798//4142464625, -13749315182//4142464625, 3107753657//828492925, -496017258//318651125, 9184622706//4142464625, -51025573//318651125]
9; 4; 10; 6; 6; 1; 1; 8; 1; 1; [-1741781//1119625, -119027//21125, -11479673//3358875, -2653492//3358875, -3527146//1119625, 4877746//1119625, 15425726//1119625, 13167056//3358875, 223137//86125, 19645396//671775, 8247217//223925, 809437//51675, 7838999//671775, 184245368//3358875, 484465883//3358875, 33774846//1119625, 64498832//3358875, 6876751//258375, -484152696//1119625, -706827486//1119625, -223657572//1119625, -691612528//3358875, -252484784//671775, 38229326//671775, 96220541//671775, -153787651//671775, 797698219//3358875, -207882572//1119625, 440327149//3358875, -75200858//1119625, 5193958//258375, -20973029//3358875, -194996804//3358875, 80566342//3358875, -127562254//3358875, 2309809//671775, -158654//17225, 2425248//223925, -2150523//223925, 1829093//258375, -13546381//3358875, 1901478//1119625, 127502//1119625, -3638581//3358875, 3714631//3358875, -6516859//3358875, 3064982//3358875, -2897249//3358875]
9; 4; 10; 6; 10; 1; 1; 10; 1; 1; [16667//21125, -269//4225, -33589//21125, -64933//21125, -66734//21125, -53166//21125, 2972//1625, 14769//4225, 9409//21125, -32438//4225, 9114//4225, 48972//4225, 86494//4225, -146687//21125, 5507//845, 593319//21125, 1576443//21125, 2397049//21125, 1637781//21125, -2117276//21125, -1100341//4225, -5823139//21125, 124957//4225, -506681//4225, 631062//4225, -572501//4225, 2158869//21125, -263827//4225, 604892//21125, 40649//21125, -184338//21125, 497843//21125, -512453//21125, 16326//4225, -480027//21125, 27188//4225, -27594//4225, 22463//4225, -14949//4225, 38799//21125, -2034//4225, -7848//21125, 18894//21125, -17398//21125, 18143//21125, -13703//21125, 82//845, -7412//21125]
9; 4; 10; 6; 5; 1; 1; 2; 1; 1; [-108233206//76459825, -587865332//229379475, -1891598446//1146897375, 1561576253//1146897375, 5188785488//1146897375, 2550781886//382299125, 4627446602//1146897375, 153646486//1146897375, 85480474//17644575, 3607835404//229379475, 1509677537//76459825, 103926014//5881525, -152028808//76459825, 232516805//9175179, 5053665184//76459825, 83944555321//1146897375, -17897896463//1146897375, -11606979526//88222875, -288878922023//1146897375, -240720131122//1146897375, 24632257473//382299125, 58337354614//229379475, 27860381179//229379475, 1451478241//229379475, -5875109998//76459825, 23918647216//229379475, -22548478814//229379475, 6125877347//76459825, -52457365907//1146897375, 8580143047//382299125, -841608233//88222875, -22829663804//1146897375, 1654260213//382299125, -4324998011//382299125, 212721062//9175179, -555357574//229379475, 26044216//5881525, -1073547571//229379475, 301189163//76459825, -47807506//17644575, 118540797//76459825, -482047402//1146897375, -243281954//1146897375, 508260131//1146897375, -332365688//382299125, 154392048//382299125, -427575748//1146897375, 35993241//76459825]
9; 4; 10; 6; 8; 1; 1; 3; 1; 1; [9437459418//7150686595, 381221926344//178767164875, 426870525843//178767164875, -29855714211//178767164875, -761827700974//178767164875, -1695495701376//178767164875, -1366655722293//178767164875, -78477707808//35753432975, 777885564188//178767164875, 421428087718//35753432975, -72040137123//35753432975, -119750159037//7150686595, -581615945112//35753432975, -2663782831223//35753432975, -9195534296994//178767164875, -4312494357363//178767164875, 17807012428901//178767164875, 38633896190199//178767164875, 3216680883097//13751320375, 7097438420323//178767164875, -8678658214583//35753432975, -80278045581243//178767164875, -16928940431207//35753432975, 775808879327//35753432975, 1747101510467//7150686595, -12613913762377//35753432975, 12223206846447//35753432975, -49343522936077//178767164875, 31721795476136//178767164875, -14984366534997//178767164875, 30085372218//1057793875, 6447960996093//178767164875, -7917438369951//178767164875, 1360809580903//35753432975, -10994483295259//178767164875, 252587141842//35753432975, -522359900762//35753432975, 115268396249//7150686595, -496074649923//35753432975, 349066303353//35753432975, -1001811696997//178767164875, 352691454436//178767164875, 98822758828//178767164875, -289746737188//178767164875, 434186162153//178767164875, -358233680921//178767164875, 9447436978//7150686595, -235359076639//178767164875]
9; 4; 10; 6; 10; 1; 1; 8; 1; 1; [2274876//1119625, 3413101//1119625, 138617//44785, 38033//17225, -2090794//1119625, -5733929//1119625, -1427321//223925, -5509773//1119625, -4924171//1119625, -4252868//223925, -4688058//223925, -4455868//223925, -2150176//223925, -45848616//1119625, -67410651//1119625, -12819501//223925, -11728567//223925, 128065634//1119625, 367950014//1119625, 78616519//223925, 329973123//1119625, 108869376//1119625, -140708//223925, -2235138//223925, 2569002//223925, -2759751//223925, 8314627//1119625, -9718808//1119625, 56729//223925, -25669//8957, 4711367//1119625, 18499217//1119625, 3181526//223925, 16518859//1119625, 3865598//1119625, 112863//223925, -129342//223925, 102118//223925, -75744//223925, 165077//1119625, -125963//1119625, -15784//223925, 4561//223925, 22332//1119625, 392567//1119625, 11123//44785, 316474//1119625, 6061//86125]
9; 4; 10; 6; 7; 1; 1; 2; 1; 1; [177020936//480167701, -43272827851//60020962625, -1994546807//923399425, -144960242394//60020962625, -213963108226//60020962625, -176689111332//60020962625, -117404562779//60020962625, 56336743588//12004192525, 141031936546//12004192525, 131937649782//12004192525, 2862889695//480167701, 24192160399//12004192525, 5083206112//184679885, 3092911056//184679885, 3429508468221//60020962625, 516159790929//12004192525, 850276724439//60020962625, 3221336670086//60020962625, 5658516371662//60020962625, 539468438859//60020962625, -285562927699//923399425, -7901115471973//12004192525, -4861011842868//12004192525, -130833476712//2400838505, 3737729270099//12004192525, -955618184319//2400838505, 895414656918//2400838505, -16866261742222//60020962625, 2143466038151//12004192525, -4757194071303//60020962625, 632332013918//60020962625, 2368063799111//60020962625, -3182081244138//60020962625, 474751281652//12004192525, -35036899473//480167701, 123691368708//12004192525, -41058840286//2400838505, 1258293974//71030725, -34987814286//2400838505, 23871711372//2400838505, -313621995382//60020962625, 3781585732//2400838505, 56681892252//60020962625, -128342831622//60020962625, 153907090411//60020962625, -129848892178//60020962625, 3121973098//2400838505, -17625744676//12004192525]
9; 4; 10; 6; 5; 1; 1; 10; 1; 1; [8951//2535, 287089//63375, 48739//12675, -54442//12675, -788102//63375, -237643//21125, -32213//63375, 789224//63375, 27366//1625, -7052//2535, -133059//4225, -2276//195, 69492//845, -171092//12675, -2742979//63375, -480124//4225, 302206//2535, 2065514//4875, 36312604//63375, 20694443//63375, -8831178//21125, -78759659//63375, -2778962//2535, 764408//12675, 465146//845, -2015813//2535, 9960448//12675, -39747302//63375, 68277//169, -2511896//12675, 309767//4875, 1748569//21125, -5680816//63375, 5873648//63375, -9521927//63375, 39677//2535, -2482//75, 93016//2535, -26666//845, 21914//975, -270689//21125, 57526//12675, 13958//12675, -235354//63375, 351977//63375, -276811//63375, 66266//21125, -202952//63375]
9; 4; 10; 6; 4; 1; 1; 6; 1; 1; [-5053//4875, -6542//4875, -56//195, 289//1625, 346//195, -162//125, -6944//4875, -2116//1625, -2504//4875, 98//325, -37//65, 5692//975, -23014//975, 60038//4875, 91232//4875, 6886//325, -75827//4875, -72542//975, 157718//4875, 91594//4875, -17782//4875, -236036//4875, 57038//325, 16366//195, -212458//975, 246011//975, -1090366//4875, 800626//4875, -92722//975, 182579//4875, -422//975, -120706//4875, 57634//1625, -160246//4875, 112142//4875, -7754//975, 2182//195, -3534//325, 2778//325, -26996//4875, 4427//1625, -166//325, -1387//1625, 1372//975, -2472//1625, 2124//1625, -4346//4875, 714//1625]
9; 4; 10; 6; 12; 1; 1; 7; 1; 1; [-1554294//1119625, -249596//223925, -1589924//1119625, -1998118//1119625, -750606//1119625, 3154191//1119625, 2238504//1119625, 4504264//1119625, 48202//6625, 2194146//223925, 1166838//223925, 3919884//223925, 377096//44785, 41838834//1119625, 5940182//223925, 24996669//1119625, 2416446//86125, -43708554//1119625, -172239096//1119625, -157874424//1119625, -220768039//1119625, -276524558//1119625, -31428294//223925, 59122578//223925, -63319186//223925, 10743879//44785, -185127858//1119625, 1609658//17225, -2561176//86125, -10869576//1119625, 35040588//1119625, -51931008//1119625, 32463048//1119625, -39239862//1119625, 4954376//1119625, -2873496//223925, 2649942//223925, -1995414//223925, 246288//44785, -2676768//1119625, 42232//223925, 1339292//1119625, -1906096//1119625, 1874388//1119625, -1672128//1119625, 866943//1119625, -53114//86125, -123124//1119625]
9; 4; 10; 6; 5; 1; 1; 8; 1; 1; [-16601603//3358875, -48476692//3358875, -15907313//671775, -82167973//3358875, -35607706//3358875, 66637637//3358875, 29782781//671775, 49078867//1119625, 11281448//258375, 8439982//134355, 5304889//44785, 3181313//17225, 97937564//671775, 563590168//3358875, 301243454//1119625, 61726123//134355, 1735764613//3358875, 492949//19875, -4035390992//3358875, -1642048441//671775, -9374435051//3358875, -45402821//21125, -69463304//134355, 59329052//134355, -65804231//223925, 115434229//671775, -153598336//3358875, -11067748//1119625, 55351721//671775, -54862667//1119625, 16973296//258375, -113947417//1119625, -55529938//671775, -462953533//3358875, -328850707//3358875, -433756//26871, 103226//10335, -2773942//671775, 71662//223925, 610198//258375, -3308933//1119625, 2362552//671775, -6831791//3358875, 5497303//3358875, -2043667//1119625, -1289708//671775, -2411346//1119625, -2523174//1119625]
9; 4; 10; 6; 7; 1; 1; 10; 1; 1; [73872//21125, 112696//21125, 8371//4225, -84151//21125, -214094//21125, -168666//21125, -89852//21125, 91872//21125, -73523//21125, -83832//4225, -97299//4225, -3031//845, 209526//4225, -1620337//21125, -160442//1625, -390542//4225, 112147//1625, 7941914//21125, 9578641//21125, 6488662//21125, -3596287//21125, -2807622//21125, -2081487//4225, -87679//4225, 264221//845, -1772689//4225, 8429359//21125, -6695443//21125, 823076//4225, -1922707//21125, 673022//21125, 1155228//21125, -886749//21125, 1053309//21125, -1125836//21125, 41227//4225, -75346//4225, 16047//845, -67251//4225, 232529//21125, -9996//1625, 7998//4225, 17978//21125, -3121//1625, 64058//21125, -44334//21125, 33554//21125, -24156//21125]
9; 4; 10; 6; 9; 1; 1; 7; 1; 1; [-165328//223925, -136761//223925, -266449//1119625, -1600506//1119625, -1239664//1119625, -3400318//1119625, -456579//1119625, 6243558//1119625, 4921577//1119625, 1898706//223925, 937554//223925, 75627//223925, 3632634//223925, 140177//4225, 6103969//223925, 13399664//1119625, -3196319//1119625, -27227611//1119625, 82560333//1119625, -23215741//1119625, -157011208//1119625, -16531254//86125, -73847619//223925, 19903349//223925, 15431017//223925, -32733856//223925, 36938192//223925, -31308549//223925, 113043832//1119625, -4934479//86125, 22117362//1119625, 8574984//1119625, -21301213//1119625, 18120811//1119625, -32930566//1119625, 146389//223925, -1243264//223925, 1638883//223925, -2241//325, 1197316//223925, -149143//44785, 1753272//1119625, -234597//1119625, -713468//1119625, 1161244//1119625, -1129353//1119625, 768996//1119625, -790276//1119625]
9; 4; 10; 6; 7; 1; 1; 8; 1; 1; [3705219//1119625, 1775581//223925, 17089976//1119625, 19503//1625, 204618//86125, -1056304//86125, -30653393//1119625, -25513552//1119625, -28233362//1119625, -7678674//223925, -15421851//223925, -25641709//223925, -2152524//44785, -118150309//1119625, -25544667//223925, -356992981//1119625, -287656782//1119625, 106210536//1119625, 781020697//1119625, 1640742813//1119625, 1680763992//1119625, 1117357302//1119625, 20013141//223925, -94882381//223925, 117448131//223925, -22010753//44785, 408956308//1119625, -52289179//223925, 97268437//1119625, -21710876//1119625, -49069427//1119625, 115030661//1119625, -4681061//1119625, 139318631//1119625, 694072//86125, 5102914//223925, -5244834//223925, 4256249//223925, -579183//44785, 7466618//1119625, -441622//223925, -1793508//1119625, 3033344//1119625, -3586937//1119625, 3855881//1119625, -878486//1119625, 2742186//1119625, 469941//1119625]
9; 4; 10; 6; 3; 1; 1; 11; 1; 1; [-108933056//175781125, 152406763//105468675, 3244740574//527343375, 2080730079//175781125, 6539825588//527343375, 1006381919//175781125, -621322174//105468675, -2386369163//105468675, -298826921//13521625, -120308246//21093735, -202214003//35156225, -189832193//8112975, -6718728158//105468675, -12849842129//175781125, -5387676589//35156225, -121433402054//527343375, -42644075364//175781125, -6872909081//40564875, 11697490871//175781125, 8729092564//21093735, 83809474733//105468675, 344593936319//527343375, 14061199//134355, 640285237//35156225, -3078416233//35156225, 3733173194//35156225, -18304545937//175781125, 7313988277//105468675, -30342587147//527343375, 1746111008//175781125, -378247213//40564875, -1209738812//175781125, 3521749663//105468675, 2264637994//105468675, 21751876277//527343375, -387183//132665, 12689076//2704325, -509716891//105468675, 136527831//35156225, -36792849//13521625, 26669327//21093735, -308580332//527343375, -84359442//175781125, 241305296//527343375, -108971962//175781125, 99182561//105468675, 27348584//105468675, 140528424//175781125]
9; 4; 10; 6; 12; 1; 1; 12; 1; 1; [-19486301231//13886708875, 9078089//35156225, 16160640348//13886708875, 45422951837//13886708875, 1804983702//262013375, 14018012049//2777341775, -43326799753//13886708875, -89342199512//13886708875, -36187291169//13886708875, -10173211956//2777341775, -8588304648//2777341775, -3616134239//555468355, -20524496844//555468355, 57735229126//13886708875, -92455516221//2777341775, 45102995537//13886708875, -984117832987//13886708875, -2922360969506//13886708875, -73518811122//555468355, 1758227972693//13886708875, 4114773261492//13886708875, 6632983195234//13886708875, 1509131191884//2777341775, 32173044742//2777341775, -36900509587//111093671, 250577184833//555468355, -6028940059782//13886708875, 936171532252//2777341775, -3006917507524//13886708875, 1392123766879//13886708875, -374894730673//13886708875, -116372992733//2777341775, 910885466364//13886708875, -675190867874//13886708875, 1010986759292//13886708875, -28393390069//2777341775, 52921170058//2777341775, -11366451144//555468355, 1914479796//111093671, -167006921592//13886708875, 18347761957//2777341775, -30547866384//13886708875, -11985312631//13886708875, 30695012472//13886708875, -8213956511//2777341775, 36927392274//13886708875, -22606831374//13886708875, 21270239707//13886708875]
9; 4; 10; 6; 9; 1; 1; 12; 1; 1; [8942338867//13886708875, -2149365832//13886708875, -23711309936//13886708875, -43449419086//13886708875, -51854895606//13886708875, -27529078019//13886708875, 16153798708//13886708875, 40149503314//13886708875, 12940625738//13886708875, -10630130954//2777341775, -238500876//111093671, 20621097833//2777341775, 67971402468//2777341775, 53792730923//13886708875, 143144535382//13886708875, 356694715271//13886708875, 751956191566//13886708875, 1395393134351//13886708875, 922051377089//13886708875, -922924182338//13886708875, -2351369842379//13886708875, -3506057505373//13886708875, -495015847259//2777341775, 162126215//8545667, 214755583733//2777341775, -323796961597//2777341775, 1645028976504//13886708875, -101479943013//1068208375, 898309633373//13886708875, -417708962032//13886708875, 176706718393//13886708875, 147029004972//13886708875, -4781885523//262013375, 125439587773//13886708875, -357139312889//13886708875, 5596338334//2777341775, -533844834//111093671, 15238275677//2777341775, -13273904403//2777341775, 48168619614//13886708875, -27813250034//13886708875, 11048495908//13886708875, 1987637363//13886708875, -6906713592//13886708875, 11225117352//13886708875, -198844158//262013375, 417959266//1068208375, -7638437509//13886708875]
9; 4; 10; 6; 2; 1; 1; 9; 1; 1; [2605978//3358875, 8968//21125, -62483//223925, -6643366//3358875, -11104718//3358875, -7682179//3358875, -2863124//3358875, 3603207//1119625, 6544589//3358875, 74088//223925, -1235809//223925, 4294673//671775, 2970581//134355, -2191866//1119625, -4496074//1119625, 552517//671775, 149779736//3358875, 342021373//3358875, 285236564//3358875, 118591624//3358875, -187240932//1119625, -922602509//3358875, -62121152//223925, 906942//17225, 19733751//223925, -6778849//44785, 537127706//3358875, -149232802//1119625, 2457659//26871, -158862502//3358875, 66590674//3358875, 12788964//1119625, -4578916//258375, 49654757//3358875, -36037119//1119625, 402777//223925, -4052018//671775, 4909252//671775, -59065//8957, 16513156//3358875, -3329782//1119625, 65048//51675, 69988//3358875, -693657//1119625, 274184//258375, -3119063//3358875, 2051702//3358875, -186449//258375]
9; 4; 10; 6; 4; 1; 1; 4; 1; 1; [-2094191//1217775, -9915229//6088875, 2108279//2029625, 12426989//2029625, 52002856//6088875, 53110121//6088875, -16292417//6088875, -43571709//2029625, -65618008//2029625, -6328772//243555, -5519807//405925, 180378//81185, -101392//81185, 11693452//405925, -19733397//2029625, -52958899//468375, -484045619//2029625, -868508246//6088875, 110108168//2029625, 916895349//2029625, 1943286044//2029625, 2110465588//2029625, 6629206//18735, -29215582//405925, -26117758//243555, 15427324//81185, -81025899//405925, 1019423612//6088875, -736275671//6088875, 105715433//2029625, -160289213//6088875, -40050568//6088875, 90292672//2029625, 93456221//6088875, 146128844//2029625, -171386//81185, 9097976//1217775, -148530//16237, 135170//16237, -2513759//405925, 22938122//6088875, -803162//468375, -314927//2029625, 1522604//2029625, -2415866//2029625, 9689366//6088875, -812704//6088875, 3058274//2029625]
9; 4; 10; 6; 11; 1; 1; 11; 1; 1; [-129186287//175781125, -324122562//175781125, -646581034//175781125, -1012371829//175781125, -1005600406//175781125, -11456082//7031245, 213303684//35156225, 1798147898//175781125, 1817364413//175781125, 26928314//2704325, 56466843//7031245, 343766191//35156225, 533362624//35156225, 9664882332//175781125, 17186969892//175781125, 1690672808//13521625, 21612973274//175781125, 6765420726//175781125, -4965442206//35156225, -12658723512//35156225, -70176705683//175781125, -35252066838//175781125, -6602434//223925, 233228622//7031245, -970535409//35156225, 720036999//35156225, -1517649959//175781125, 1466195226//175781125, 90722984//13521625, 326743652//175781125, 1105674668//175781125, -369981156//35156225, -93019008//7031245, -3508987644//175781125, -1457623504//175781125, -48176652//35156225, 7447494//7031245, -22792396//35156225, 10942956//35156225, 2665511//175781125, -8025024//175781125, 53482922//175781125, -16372643//175781125, 33947008//175781125, -7979934//35156225, -8897919//35156225, -62381914//175781125, -32399819//175781125]
9; 4; 10; 6; 3; 1; 1; 5; 1; 1; [-1663198062//318651125, -4320658689//318651125, -1060594396//63730225, -1613955787//191190675, 1187193862//191190675, 4444108013//191190675, 10235925741//318651125, 219787937//14706975, 2513278957//955953375, 620777704//14706975, 6760536343//63730225, 956645146//7647627, 9613062067//191190675, 33116737557//318651125, 1353234461//6088875, 10759921639//38238135, 30252524476//191190675, -672663179//2549209, -211565005621//191190675, -43309204797//24511625, -9543491024//7647627, -261395087767//955953375, 18606525217//191190675, 7928915223//63730225, -2745155004//12746045, 15226718869//63730225, -186096805127//955953375, 142230246571//955953375, -12148180409//191190675, 1235216426//38238135, -468260054//191190675, -4964418594//63730225, -15016641873//318651125, -5480876304//63730225, 2968038703//318651125, -546838789//63730225, 2068989146//191190675, -372836531//38238135, 475589106//63730225, -4266069817//955953375, 696243337//318651125, 23236192//191190675, -54651156//63730225, 114182//93675, -453000706//191190675, -119995988//318651125, -345702874//191190675, 130510694//955953375]
9; 4; 10; 6; 6; 1; 1; 9; 1; 1; [-22638217//3358875, -11024827//1119625, -12240824//3358875, 4787398//1119625, 58672616//3358875, 49261361//3358875, 6365666//3358875, 42113101//3358875, 626588//258375, 18521458//671775, 3449931//44785, 858088//51675, -43233728//671775, 113824564//1119625, 615414461//3358875, 551243929//3358875, -429892189//3358875, -204710417//258375, -2561118926//3358875, -586649302//1119625, -19445312//63375, 3208927976//3358875, 322436188//671775, -8606254//44785, -4208056//671775, 26965304//223925, -544570789//3358875, 562940428//3358875, -390750428//3358875, 245573903//3358875, -18941566//258375, -95932403//3358875, -11526306//1119625, -40295781//1119625, 221812768//3358875, 667039//223925, 40384//10335, -4717114//671775, 1670146//223925, -1610333//258375, 5089216//1119625, -7617518//3358875, 2274398//3358875, -1235653//3358875, -5160503//3358875, 2010382//3358875, -4020728//3358875, 5046658//3358875]
9; 4; 10; 6; 10; 1; 1; 9; 1; 1; [80891//21125, 120236//21125, 21236//21125, -44014//4225, -367518//21125, -82634//4225, -39857//21125, 50452//4225, 277259//21125, -9812//845, -188148//4225, 30959//4225, 448161//4225, -287231//21125, -1777446//21125, -1003006//21125, 63617//325, 11133453//21125, 3433033//4225, 4763127//21125, -2337017//4225, -32938829//21125, -187189//169, 1042147//4225, 1262479//4225, -2336279//4225, 12643407//21125, -10766073//21125, 7403067//21125, -784581//4225, 1871729//21125, 254281//4225, -1261699//21125, 18923//325, -3070617//21125, 4213//845, -91802//4225, 114681//4225, -105186//4225, 397857//21125, -246333//21125, 107002//21125, -147//845, -43126//21125, 18353//4225, -72129//21125, 10154//4225, -68022//21125]
9; 4; 10; 6; 4; 1; 1; 3; 1; 1; [-12516231226//41253961125, -38122262723//41253961125, -80362409338//41253961125, -104658832318//41253961125, -24555557086//8250792225, -133726607171//41253961125, -53297677833//13751320375, -150702872123//41253961125, -248678022824//41253961125, -22144734232//2750264075, -404591563//110010563, -9210193162//2750264075, 1833845362//8250792225, 578780639206//41253961125, 433777969411//13751320375, 2506612783858//41253961125, 59624678847//1057793875, 598225443626//8250792225, 872558343232//13751320375, 3134062353499//41253961125, 1010588712811//13751320375, 1699629967973//13751320375, 355726994648//2750264075, -65309033854//1650158445, -57459157512//2750264075, 425899380187//8250792225, -808476945304//13751320375, 2217878151644//41253961125, -1452552317576//41253961125, 1020713492159//41253961125, -14834516969//2750264075, 27714721906//13751320375, 399303871792//41253961125, -198065629331//41253961125, 546521989087//41253961125, 35304371//8250792225, 3122815238//1650158445, -21736510234//8250792225, 6996448926//2750264075, -27263453314//13751320375, 54129764564//41253961125, -23497473826//41253961125, 2237174198//13751320375, 2181456448//8250792225, -12064958602//41253961125, 5881286804//13751320375, -3273432862//13751320375, 12866297992//41253961125]
9; 4; 10; 6; 8; 1; 1; 11; 1; 1; [-8436213//13521625, -581932653//175781125, -883762876//175781125, -293625464//35156225, -1139401412//175781125, 91906692//175781125, 1227457362//175781125, 3552739416//175781125, 3723968932//175781125, 18570154//1406249, 142104759//7031245, 463122722//35156225, 1133702838//35156225, 12190825129//175781125, 26448716473//175781125, 30251636196//175781125, 6959275459//35156225, -4950622578//175781125, -44144361217//175781125, -78843107932//175781125, -120345109556//175781125, -63471605237//175781125, -4789459//44785, -874297771//7031245, 8315024322//35156225, -8877790562//35156225, 38299570862//175781125, -25151921181//175781125, 15943440953//175781125, -50804521//2704325, -1927071969//175781125, 3194709189//175781125, -9774932391//175781125, 9283689//13521625, -6996721111//175781125, 64473091//7031245, -80706564//7031245, 373116693//35156225, -280527453//35156225, 877415662//175781125, -360786056//175781125, 53342568//175781125, 42865897//35156225, -275745329//175781125, 231217579//175781125, -282062011//175781125, 38319232//175781125, -125184161//175781125]
9; 4; 10; 6; 11; 1; 1; 5; 1; 1; [2011946219//4142464625, -20625484//63730225, -4145598571//4142464625, -8057184074//4142464625, -13130375112//4142464625, -10121792427//4142464625, -6798592//33139717, 30044044254//4142464625, 39323552018//4142464625, 7097528532//828492925, 908022576//828492925, 2262671204//828492925, 9225511591//828492925, -9062465999//4142464625, 6352037472//165698585, 219139847256//4142464625, 300896805424//4142464625, 173911150627//4142464625, -128005205743//4142464625, -87000558576//828492925, -955022989274//4142464625, -1137436280023//4142464625, -208120506303//828492925, 61477902091//828492925, 36059511564//828492925, -6542657258//63730225, 487034074993//4142464625, -83939364101//828492925, 318063047228//4142464625, -165203173008//4142464625, 76630478636//4142464625, 2869908696//4142464625, -14319854111//828492925, 23568891873//4142464625, -113997364049//4142464625, 98252678//828492925, -3164629736//828492925, 4332089331//828492925, -4150761306//828492925, 16215839633//4142464625, -2051553602//828492925, 396913776//318651125, -593983713//4142464625, -1559815884//4142464625, 2751860746//4142464625, -668166474//828492925, 1634750068//4142464625, -2642779329//4142464625]
9; 4; 10; 6; 12; 1; 1; 6; 1; 1; [100087744//26385125, 218028541//26385125, 106357539//26385125, 145386634//26385125, 529140088//26385125, 536501499//26385125, -433866573//26385125, -274240833//5277025, -45601178//1055405, -139352136//5277025, -240312066//5277025, -452527182//5277025, -17669477//211081, -4327613114//26385125, -8642314121//26385125, -2759609569//26385125, 185711207//2029625, -2104041403//26385125, -7087025224//26385125, 11434989233//26385125, 10150621817//5277025, 13613342518//5277025, 7384508754//5277025, -3136888106//5277025, 16881158//5277025, 348704006//1055405, -12515814972//26385125, 11549491192//26385125, -9508089517//26385125, 6169384903//26385125, -3040046019//26385125, 236504058//26385125, 111929238//2029625, 135719943//5277025, 957018378//5277025, 51613436//5277025, 52490176//5277025, -103404838//5277025, 22338393//1055405, -480596052//26385125, 327674897//26385125, -189446502//26385125, 66582358//26385125, 17460321//26385125, -70239212//26385125, 87448589//26385125, -1076888//1055405, 22081892//5277025]
9; 4; 10; 6; 3; 1; 1; 2; 1; 1; [-336799699213//180062887875, -73679830277//36012577575, -213966544394//180062887875, 666877942024//180062887875, 1087690897262//180062887875, 375586386781//60020962625, 113651496562//180062887875, -447286296261//60020962625, -54504098897//13850991375, 119271608068//36012577575, 18491746562//2400838505, 150354569//554039655, -312466703189//7202515515, 1057408942171//60020962625, 460384918403//36012577575, 2277510733193//60020962625, -17100723930169//180062887875, -2779256919584//13850991375, -46312415690263//180062887875, -21390262599662//180062887875, 17352222171436//60020962625, 82632130637591//180062887875, 14514768308713//36012577575, 246459652151//2400838505, -901815661841//2400838505, 220321063929//480167701, -75488509023496//180062887875, 11332809961487//36012577575, -34099001884063//180062887875, 14033414285513//180062887875, -166509029002//13850991375, -9967721827589//180062887875, 10235179947329//180062887875, -8587612914836//180062887875, 4132133844581//60020962625, -156135148991//12004192525, 739275406//36935977, -145162995257//7202515515, 39028520162//2400838505, -150219516662//13850991375, 40262765441//7202515515, -249812257288//180062887875, -81308706389//60020962625, 435130981949//180062887875, -551803338139//180062887875, 420489453619//180062887875, -265687499546//180062887875, 245349937688//180062887875]
9; 4; 10; 6; 9; 1; 1; 6; 1; 1; [170683078//26385125, 231718219//26385125, 126876106//26385125, -98027217//26385125, -129081598//26385125, -71265112//26385125, -65601468//5277025, -666765628//26385125, -139425116//5277025, -8659604//405925, -282112188//5277025, -377189243//5277025, 176873253//5277025, -3037563733//26385125, -5918099169//26385125, -4768344901//26385125, 6052680912//26385125, 14294487243//26385125, 12407873977//26385125, 2733098214//5277025, 1646692236//2029625, 3854566653//5277025, -1719542597//5277025, -2000691253//5277025, 3731469377//5277025, -4028906407//5277025, 16931947196//26385125, -12186585027//26385125, 6377135207//26385125, -1935829694//26385125, -9276942//2029625, 2908965461//26385125, -87403607//1055405, 3490935939//26385125, -39556783//1055405, 145380577//5277025, -182936842//5277025, 168211293//5277025, -127158198//5277025, 389614666//26385125, -178588272//26385125, 8486092//26385125, 88539476//26385125, -110544196//26385125, 132179441//26385125, -17084042//5277025, 82167874//26385125, -3116879//5277025]
9; 4; 10; 6; 5; 1; 1; 9; 1; 1; [2453343//1119625, 2687726//1119625, 338488//134355, 8952248//3358875, 2718514//3358875, 5150293//3358875, 9919544//3358875, -9279422//1119625, -1013973//86125, -35446//26871, -833058//223925, -440901//17225, -2372544//223925, -157774874//3358875, -116090848//3358875, -19097296//223925, -26256058//3358875, 12451484//86125, 78277704//1119625, 24642716//3358875, 1625295286//3358875, 561941374//1119625, 5854558//134355, -150201314//671775, 190054321//671775, -177447317//671775, 665262298//3358875, -422203294//3358875, 11597094//223925, -17978744//3358875, -1623873//86125, 46175212//1119625, -42158464//1119625, 58682216//1119625, 2880392//1119625, 1639324//134355, -216534//17225, 6917264//671775, -1567796//223925, 72572//19875, -3632819//3358875, -510382//671775, 5223986//3358875, -5512022//3358875, 5360936//3358875, -1228269//1119625, 3523438//3358875, 635861//3358875]
9; 4; 10; 6; 8; 1; 1; 5; 1; 1; [7785367//165698585, -54620604//33139717, -2485294376//828492925, -32610267468//4142464625, -2161338646//318651125, -209418692//165698585, 18546960953//4142464625, 501580386//26385125, 107075229903//4142464625, 2706481124//165698585, 14164773018//828492925, 181207084//165698585, 6347148531//828492925, 11586131151//828492925, 56607479314//828492925, 95833283029//828492925, 877880293873//4142464625, 219198795368//4142464625, -136285965199//828492925, -1583682583163//4142464625, -3022821384162//4142464625, -2379562453833//4142464625, -27970248841//165698585, -112947567117//828492925, 9556639758//33139717, -264565931559//828492925, 228601462936//828492925, -159496180981//828492925, 96336331501//828492925, -126671380001//4142464625, -26608998421//4142464625, 23291207631//828492925, -19577259343//318651125, 30591742949//4142464625, -233816897829//4142464625, 1814023581//165698585, -11859769538//828492925, 2236333199//165698585, -8584897056//828492925, 5413787894//828492925, -188234763//63730225, 79957928//165698585, 5794900879//4142464625, -7720416321//4142464625, 1488369239//828492925, -605507283//318651125, 1785255434//4142464625, -4300329234//4142464625]
9; 4; 10; 6; 3; 1; 1; 10; 1; 1; [-274037//63375, -358717//63375, -3853//2535, 941959//63375, 525336//21125, 1110943//63375, 16969//12675, -1282921//63375, -48666//1625, 83614//12675, 37138//845, -4468//325, -639472//4225, -897563//63375, 1085679//21125, 736087//12675, -7166143//21125, -3317716//4875, -46187393//63375, -3350777//12675, 71827391//63375, 147043154//63375, 20095819//12675, -546553//2535, -2618484//4225, 12382684//12675, -63599929//63375, 17321727//21125, -2312356//4225, 17201783//63375, -529903//4875, -5815219//63375, 19363//169, -5690912//63375, 14391722//63375, -192469//12675, 1552//39, -586213//12675, 172457//4225, -11201//375, 372117//21125, -88042//12675, -51022//63375, 265771//63375, -146553//21125, 24277//4225, -230372//63375, 309857//63375]
9; 4; 10; 6; 7; 1; 1; 9; 1; 1; [-2322012//1119625, -2519538//1119625, -2690456//1119625, -1233202//1119625, 3561356//1119625, 2050368//223925, 11335731//1119625, 80031//223925, -1195594//223925, 323416//44785, 5732484//223925, 17799//689, -5710038//223925, 43877937//1119625, 22748618//1119625, 43119741//1119625, 9927157//1119625, -121400181//1119625, -2801727//8957, -576650881//1119625, -8403816//44785, 75342021//223925, 21036727//44785, 18058449//223925, -17084567//44785, 108069042//223925, -499335054//1119625, 380782009//1119625, -17910409//86125, 8084017//86125, -14076448//1119625, -12952236//223925, 46559677//1119625, -16357062//223925, 14988959//223925, -575298//44785, 358932//17225, -955821//44785, 3913743//223925, -13206294//1119625, 6983064//1119625, -1916182//1119625, -102333//86125, 2884522//1119625, -732072//223925, 2426572//1119625, -8568//4225, 937//689]
9; 4; 10; 6; 11; 1; 1; 2; 1; 1; [3110143512//12004192525, 8991426649//60020962625, -36434040443//60020962625, -26782985388//60020962625, -424651178//923399425, -39183308811//60020962625, -8464787572//60020962625, -41615736579//60020962625, 152825549179//60020962625, 44110915464//12004192525, 52736674284//12004192525, 1703575577//480167701, 5576586228//923399425, 51007523116//12004192525, 78477661437//4616997125, 2321755861873//60020962625, 1677603289423//60020962625, 68107052151//2400838505, 2999886214976//60020962625, 1876823957682//60020962625, -13266357496//60020962625, -1908177595599//60020962625, -923022380586//12004192525, 298623860744//12004192525, 25766502933//2400838505, -344485955851//12004192525, 410235873672//12004192525, -1768743442062//60020962625, 1434232439199//60020962625, -710653966111//60020962625, 78958639323//12004192525, 152780144603//60020962625, -122843669564//60020962625, 277481990307//60020962625, -350939684327//60020962625, -922273559//12004192525, -12520128774//12004192525, 276849778//184679885, -17512511754//12004192525, 1073335542//923399425, -44420487417//60020962625, 1870712108//4616997125, -3198870366//60020962625, -1020127379//12004192525, 14330469753//60020962625, -10888051524//60020962625, 10454775002//60020962625, -8873701257//60020962625]
9; 4; 10; 6; 3; 1; 1; 8; 1; 1; [-30101626//3358875, -67742066//3358875, -35650217//1119625, -20253587//671775, -13508354//3358875, 38379833//1119625, 195729929//3358875, 12529606//223925, 567589//10335, 2451196//26871, 36894903//223925, 520274//2067, 117649654//671775, 282528952//1119625, 399545792//1119625, 2119943551//3358875, 439613881//671775, -62721637//258375, -5901015664//3358875, -10499598419//3358875, -776345237//223925, -507729921//223925, -37819672//134355, 117125758//223925, -1360724//2535, 104722343//223925, -1030962287//3358875, 638624638//3358875, -92003467//3358875, 837047//134355, 13950694//258375, -523921832//3358875, -247125622//3358875, -46340584//223925, -49158043//671775, -1112287//44785, 1183882//51675, -2263906//134355, 2364742//223925, -1109209//258375, 1692373//3358875, 9685688//3358875, -1881523//671775, 10365787//3358875, -13806172//3358875, -1085629//1119625, -851482//223925, -1183217//671775]
9; 4; 10; 6; 2; 1; 1; 7; 1; 1; [4269721//3358875, 796893//1119625, 276261//223925, 367759//134355, -3076//4875, 8592257//3358875, -5839669//3358875, -365814//44785, -1243408//258375, -832124//51675, -1241704//223925, -1943393//223925, -11944469//671775, -103865611//3358875, -50551979//3358875, -9084752//223925, -5322009//223925, 66220358//1119625, -107778077//3358875, 702608869//3358875, 8492866//51675, 681887849//3358875, 348574123//671775, -183115027//671775, 50396851//671775, 35535176//671775, -133867486//1119625, 442616743//3358875, -78369692//671775, 4186601//51675, -148931428//3358875, 53695424//3358875, 14132309//1119625, -1575499//223925, 92151427//3358875, 4483552//671775, 267052//671775, -2988161//671775, 1321408//223925, -6315886//1119625, 14534498//3358875, -1870756//671775, 283924//223925, -153051//1119625, -1734346//3358875, 3239147//3358875, -445808//671775, 2791307//3358875]
9; 4; 10; 6; 12; 1; 1; 4; 1; 1; [-25519441//26385125, -35606503//26385125, -33879709//26385125, -59240006//26385125, 36016826//26385125, 134404207//26385125, 77057641//26385125, 16062108//26385125, 72446074//26385125, 23550588//5277025, 10459152//1055405, 71833486//5277025, -13733033//5277025, 459589651//26385125, 389720113//26385125, 295793669//26385125, 790573136//26385125, -1480342506//26385125, -5427262817//26385125, -6445861181//26385125, -3393413063//26385125, -258832129//26385125, 281182353//5277025, 12152609//1055405, -240272964//5277025, 302717917//5277025, -1372581037//26385125, 1066666859//26385125, -630114018//26385125, 24459706//2029625, -84071363//26385125, -386221516//26385125, -87826343//26385125, -354945619//26385125, 148366203//26385125, -8285383//5277025, 2631054//1055405, -13272191//5277025, 10840398//5277025, -36038627//26385125, 19278729//26385125, -4826468//26385125, -3288227//26385125, 7176267//26385125, -14026356//26385125, 2593532//26385125, -8662374//26385125, 3056893//26385125]
9; 4; 10; 6; 11; 1; 1; 10; 1; 1; [11153//21125, -12204//21125, -33486//21125, -3777//21125, -6522//21125, 19776//21125, -80273//21125, 111097//21125, 111032//21125, 47214//4225, 1851//4225, 20662//4225, 2588//169, -325948//21125, 775074//21125, 858216//21125, 60409//1625, -414403//21125, -1502936//21125, 1018923//21125, -3337157//21125, -2606052//21125, -1656156//4225, 818216//4225, -169128//4225, -47327//845, 2137856//21125, -2250448//21125, 1954118//21125, -1289569//21125, 704251//21125, -299868//21125, -52616//21125, 120239//21125, -436726//21125, -18344//4225, -4486//4225, 16908//4225, -4146//845, 94606//21125, -70393//21125, 44038//21125, -18039//21125, 411//21125, 8522//21125, -13151//21125, 10874//21125, -13096//21125]
9; 4; 10; 6; 8; 1; 1; 2; 1; 1; [2185793438//12004192525, -39922063936//60020962625, -30388121494//60020962625, -53008070151//60020962625, 4856710272//60020962625, -71929968311//60020962625, 83747198664//60020962625, 65823999418//60020962625, 331521769918//60020962625, 61762511598//12004192525, 19863727872//2400838505, -58057475526//12004192525, 12142501391//923399425, -3039645248//480167701, 2112383804216//60020962625, 756609585409//60020962625, 1623031594331//60020962625, -168344753299//4616997125, 145343438772//4616997125, -4580602544704//60020962625, -6281784406088//60020962625, -10196880847183//60020962625, -989185141002//12004192525, -54672832720//480167701, 2472533340774//12004192525, -2624336682502//12004192525, 2203542521664//12004192525, -7545961149232//60020962625, 4209187397192//60020962625, -1270720058337//60020962625, -661767448691//60020962625, 126575326001//4616997125, -2040967489552//60020962625, 1348780856086//60020962625, -1659436822509//60020962625, 97061462887//12004192525, -23903532248//2400838505, 8404120612//923399425, -81784967553//12004192525, 49912434168//12004192525, -8185316474//4616997125, 5402562682//60020962625, 57640535683//60020962625, -82533383121//60020962625, 80661804193//60020962625, -66541111392//60020962625, 2728100872//4616997125, -28895636844//60020962625]
9; 4; 10; 6; 9; 1; 1; 4; 1; 1; [2995891//26385125, 8204652//26385125, 13185743//26385125, -9827531//26385125, -41378306//26385125, -8459769//5277025, 948514//26385125, 123999046//26385125, 118294674//26385125, -15319656//5277025, -74127126//5277025, -47108627//5277025, 61051409//5277025, 321721589//26385125, 303204358//26385125, -47458581//2029625, -1259902119//26385125, -936925234//26385125, 149535821//5277025, 2356164086//26385125, -417980261//26385125, -5413916554//26385125, -71863167//405925, 54367529//5277025, 460001613//5277025, -670758121//5277025, 3336542202//26385125, -2631275531//26385125, 1705988946//26385125, -922430477//26385125, 149203583//26385125, 54225399//5277025, -333073387//26385125, 452192567//26385125, -642589972//26385125, 13019941//5277025, -27901454//5277025, 30943707//5277025, -26691744//5277025, 7346124//2029625, -53966836//26385125, 1482452//2029625, 2993178//26385125, -17929657//26385125, 880109//1055405, -17625307//26385125, 14427542//26385125, -13704857//26385125]
9; 4; 10; 6; 6; 1; 1; 7; 1; 1; [1488074//3358875, -480089//671775, -725316//1119625, 555212//134355, 10926596//3358875, 4570584//1119625, -1719116//671775, -17572532//3358875, -446317//86125, -1569716//223925, 1397251//223925, -221432//51675, -4439444//134355, -43027553//1119625, 15811997//671775, 24268678//3358875, -16536834//223925, -3889284//86125, -143611669//1119625, 1131766//12675, 525752642//3358875, 1426389508//3358875, 94117089//223925, -35771609//223925, -5110012//223925, 1099626//8957, -539747302//3358875, 20023879//134355, -377172511//3358875, 14933666//223925, -8693746//258375, -3050032//1119625, 486829//26871, -47648659//3358875, 136156924//3358875, 425636//223925, 213284//51675, -4581139//671775, 314267//44785, -1506854//258375, 2660284//671775, -6995356//3358875, 363907//671775, 1130557//3358875, -1097932//1119625, 238387//223925, -816248//1119625, 1101508//1119625]
9; 4; 10; 6; 11; 1; 1; 8; 1; 1; [938338//1119625, 598672//1119625, -192353//1119625, 786303//1119625, 252262//1119625, -2535603//1119625, -2104018//1119625, 82549//86125, 3777039//1119625, -1070648//223925, 51303//223925, -169334//17225, -128933//44785, -31042088//1119625, -11400682//1119625, 22787478//1119625, -27229528//1119625, -11864077//1119625, 54147138//1119625, 9595488//1119625, 24100758//1119625, -77418844//1119625, -15623318//223925, -26940692//223925, 46257388//223925, -9716521//44785, 200200896//1119625, -138746436//1119625, 75391899//1119625, -23944274//1119625, -12266286//1119625, 31885634//1119625, -33510136//1119625, 31012699//1119625, -25236742//1119625, 1836353//223925, -170606//17225, 2002792//223925, -297771//44785, 4458606//1119625, -1899901//1119625, 32614//1119625, 1056111//1119625, -1512591//1119625, 1500254//1119625, -1132786//1119625, 756474//1119625, -422827//1119625]
9; 4; 10; 6; 10; 1; 1; 7; 1; 1; [98424//223925, 1891492//1119625, 65528//86125, -1879349//1119625, -4681544//1119625, -2451548//1119625, -2525177//1119625, 2842168//1119625, 2838269//1119625, -23014//4225, -516729//44785, 62872//17225, 5731701//223925, -318869//223925, -28929432//1119625, -30403884//1119625, 42522169//1119625, 141202774//1119625, 130036563//1119625, 157107657//1119625, -131691353//1119625, -246962349//1119625, -44164517//223925, 3673123//44785, 53936//223925, -10496794//223925, 14872138//223925, -73162701//1119625, 54902643//1119625, -34291963//1119625, 23878007//1119625, 2719124//1119625, 1361521//1119625, 3846371//1119625, -21434707//1119625, -299723//223925, -1008//689, 624759//223925, -670416//223925, 572558//223925, -2030556//1119625, 1088588//1119625, -342458//1119625, -1883//1119625, 500884//1119625, -334379//1119625, 23852//86125, -524092//1119625]
9; 4; 10; 6; 12; 1; 1; 3; 1; 1; [-53233362971//178767164875, -95556959568//178767164875, -27749410941//35753432975, -266933999558//178767164875, -238833314988//178767164875, 18733604311//35753432975, 5533322049//7150686595, 267663626791//178767164875, 594568044503//178767164875, 177625529746//35753432975, 24688539432//7150686595, 46264374567//7150686595, 96474563891//7150686595, 2954848215506//178767164875, 1399206408428//178767164875, 777673721221//35753432975, 7252609083698//178767164875, 2060642818888//178767164875, -1048961691138//35753432975, -132021325511//2750264075, -22239068322401//178767164875, -28072810278113//178767164875, -215534132828//2750264075, 214392997834//7150686595, 33080128297//7150686595, -162391257956//7150686595, 5457609896528//178767164875, -4888314414246//178767164875, 788500422483//35753432975, -2011594370946//178767164875, 1147637942029//178767164875, -13532391129//7150686595, -172273755188//35753432975, -294405086813//178767164875, -1984905528759//178767164875, -12428552381//35753432975, -5520689316//7150686595, 173117536//134918615, -9351567027//7150686595, 196517924188//178767164875, -10038724927//13751320375, 14613515578//35753432975, -13905027436//178767164875, -10885451206//178767164875, 4943772779//35753432975, -8084259012//35753432975, 9874731652//178767164875, -44754429679//178767164875]
9; 4; 10; 6; 2; 1; 1; 12; 1; 1; [5046910202//13886708875, 13898385296//41660126625, 9659222861//13886708875, 112054432//640925025, -692729282//1666405065, 2565208306//41660126625, -22587859336//13886708875, -25353587522//41660126625, -5203236773//41660126625, -7342518442//8332025325, -213585448//2777341775, -14266199736//2777341775, -33439323383//8332025325, -35852949997//3204625125, -101926493082//13886708875, -647147077958//41660126625, 26195427818//1666405065, 29503959239//1666405065, 351755983169//41660126625, 2127316759478//41660126625, -549603516533//41660126625, 584031334001//13886708875, 53505479393//8332025325, -572108786629//8332025325, 759062338102//8332025325, -723206522653//8332025325, 2766632177822//41660126625, -22521081767//527343375, 796564847086//41660126625, -5936092384//2777341775, -2254447604//333281013, 173800626709//13886708875, -420560473591//41660126625, 397562584921//41660126625, -205451261261//41660126625, 32255228932//8332025325, -11377427522//2777341775, 28497787003//8332025325, -6575065754//2777341775, 53141010352//41660126625, -17218698323//41660126625, -2719983418//13886708875, 1395963047//2777341775, -185419688//333281013, 7145443749//13886708875, -4542475722//13886708875, 8649160966//41660126625, -720362602//13886708875]
9; 4; 10; 6; 8; 1; 1; 10; 1; 1; [-9329//21125, 23//21125, -12006//21125, -4042//4225, -29398//21125, 1843//21125, 23151//21125, 17304//21125, 20201//4225, 7906//4225, -7926//4225, 2826//4225, 64309//4225, 501714//21125, 619927//21125, 1113361//21125, 253956//4225, 83163//21125, -1261368//21125, -3156601//21125, -3408684//21125, -1365256//4225, -422384//4225, 362844//4225, -257384//4225, 11433//325, -238583//21125, -33134//21125, 286928//21125, -9378//845, 270824//21125, -257369//21125, -20708//21125, -207412//21125, -61358//4225, -13656//4225, 8566//4225, -3936//4225, 531//4225, 659//1625, -12124//21125, 13748//21125, -1858//4225, 7009//21125, -4659//21125, -1763//21125, -2122//21125, -1493//4225]
9; 4; 10; 6; 9; 1; 1; 3; 1; 1; [-57780936713//178767164875, -88503752501//178767164875, -11815924262//13751320375, -386459441204//178767164875, -44915109466//13751320375, -181310031203//35753432975, -1139975303336//178767164875, -1310826209896//178767164875, -1405265910744//178767164875, -42283343316//35753432975, 20327576322//7150686595, 322965731934//35753432975, 759235523718//35753432975, 7347716991568//178767164875, 11307128963311//178767164875, 16025778866991//178767164875, 26650663684124//178767164875, 33001129690823//178767164875, 7851723594322//35753432975, 50053307525996//178767164875, 49477355411831//178767164875, 46047211644184//178767164875, 2374277233704//35753432975, -1883093254//42311755, 844794246984//35753432975, -188650576547//35753432975, -533115222891//178767164875, 2358830452168//178767164875, -1328805917742//178767164875, 2980475289802//178767164875, 17891282608//13751320375, 499522564303//35753432975, 2005707487248//178767164875, 2187873881578//178767164875, 43664631014//3372965375, 50890081631//35753432975, -4018807766//7150686595, -1348782754//35753432975, 14615551122//35753432975, -85723768161//178767164875, 96509556803//178767164875, -53174753732//178767164875, 64926680782//178767164875, 8633368739//178767164875, 1446265201//7150686595, 50522169583//178767164875, 30043112938//178767164875, 51822375482//178767164875]
9; 4; 10; 6; 4; 1; 1; 11; 1; 1; [-33145744//35156225, -96833028//175781125, 9906122//21093735, 657268061//527343375, 383812098//175781125, 1880822669//527343375, 1171681972//527343375, -348341876//175781125, 99720343//40564875, 17783156//7031245, 28287028//7031245, 237009//51025, 1010397//1406249, 2727756362//105468675, -2538405406//527343375, -575969741//35156225, -20228116216//527343375, -1096605156//13521625, -55377781714//527343375, -11292232232//527343375, 35905936093//527343375, -31796973284//527343375, 3736088//44785, 551549642//21093735, -2957485299//35156225, 429249199//4218747, -9568095214//105468675, 676358194//9949875, -4410880778//105468675, 8201277382//527343375, -152766559//40564875, -7738405447//527343375, 6755806264//527343375, -5402750386//527343375, 4073456978//527343375, -62587493//21093735, 480606//108173, -466167568//105468675, 4991141//1406249, -18849728//8112975, 624112357//527343375, -10429144//35156225, -174541513//527343375, 267771518//527343375, -377489477//527343375, 270800999//527343375, -55345442//175781125, 82376383//527343375]
9; 4; 10; 6; 8; 1; 1; 8; 1; 1; [798346//1119625, -648841//1119625, 60462//1119625, -2522822//1119625, -149042//86125, -1552238//1119625, -619621//1119625, 2807347//1119625, 33609//21125, -1151204//223925, 882561//223925, -2053921//223925, -95581//223925, -446412//21125, 9576651//1119625, 23376103//1119625, 42075387//1119625, 52200001//1119625, -26060382//1119625, -104545249//1119625, -160658647//1119625, -73040637//1119625, 10283656//223925, -3514974//223925, -90097//17225, 3553659//223925, -22577333//1119625, 19886888//1119625, -1030162//86125, 10624941//1119625, -1314227//1119625, -1143266//1119625, -2644802//1119625, -10191401//1119625, -488601//1119625, 23979//223925, 125754//223925, -189344//223925, 187131//223925, -771883//1119625, 505598//1119625, -232396//1119625, 96646//1119625, 107193//1119625, -144036//1119625, 43193//1119625, -19222//86125, 16659//1119625]
9; 4; 10; 6; 6; 1; 1; 12; 1; 1; [15876619948//13886708875, 8257151288//41660126625, 105512363719//41660126625, 27041539402//8332025325, -10742494366//8332025325, -157599963572//41660126625, -114863886088//41660126625, -66021730587//13886708875, -29606489128//3204625125, -5994591586//2777341775, 18447836224//2777341775, -2280937261//128185005, -44332072292//2777341775, -512191810148//13886708875, 196475396002//41660126625, -3180070392269//41660126625, -50460247771//1666405065, 86307493499//640925025, 6073427586802//41660126625, 4033204277158//41660126625, 2564759828347//13886708875, 8763449858734//41660126625, -369906724856//2777341775, -536815572236//2777341775, 191398663997//555468355, -1018217203007//2777341775, 12685020452798//41660126625, -8803219780364//41660126625, 4653048589273//41660126625, -316740243569//8332025325, -6425673232//640925025, 697307625977//13886708875, -1943055880876//41660126625, 2237739004693//41660126625, -328130877556//13886708875, 37690455356//2777341775, -10667626994//640925025, 5052986954//333281013, -31558692718//2777341775, 22025386456//3204625125, -123625717084//41660126625, 1686936028//41660126625, 12940335992//8332025325, -5924653121//2777341775, 96700091131//41660126625, -22964579142//13886708875, 53621456038//41660126625, -15648233288//41660126625]
9; 4; 10; 6; 10; 1; 1; 12; 1; 1; [7123394612//13886708875, 1471364162//1068208375, -8924417327//13886708875, -11485536871//13886708875, 1054626//1040125, -6964094992//13886708875, -2777608942//1068208375, 24950205664//13886708875, 1023069348//13886708875, -2517876986//213641675, -15592896561//2777341775, 3713071652//555468355, -29721012379//2777341775, -333008093597//13886708875, -433394607496//13886708875, 588173555157//13886708875, 141785053346//13886708875, -72390748526//13886708875, 12751406933//175781125, 766192585346//13886708875, -1443027142044//13886708875, 1306415382497//13886708875, 933407936677//2777341775, -101500594721//2777341775, -16098199582//111093671, 615698578711//2777341775, -3116797435306//13886708875, 2484286729687//13886708875, -1639869703554//13886708875, 66180437536//1068208375, -218130570808//13886708875, -152713976524//13886708875, 434169831243//13886708875, -38720409409//1068208375, 433775429261//13886708875, -10585357732//2777341775, 25164843986//2777341775, -5744463133//555468355, 25152780594//2777341775, -91188072896//13886708875, 52416024012//13886708875, -19813909904//13886708875, -2395526602//13886708875, 15220881537//13886708875, -18843652094//13886708875, 19068180723//13886708875, -15290370002//13886708875, 9891116081//13886708875]
9; 4; 10; 6; 5; 1; 1; 7; 1; 1; [3808879//3358875, 1050584//3358875, 1264164//1119625, 5759197//3358875, 162646//671775, -321644//1119625, -3741847//3358875, -416329//134355, -853271//258375, -2911928//671775, -1282859//223925, -669424//51675, -5321321//671775, -101931179//3358875, -5722094//3358875, -197338997//3358875, -41169314//1119625, 2060392//51675, 30984689//1119625, 371997767//3358875, 168386077//671775, 488479778//3358875, -75358313//671775, -76804937//671775, 49804306//223925, -163207181//671775, 688866143//3358875, -487488757//3358875, 87703303//1119625, -99429496//3358875, -338017//51675, 97521416//3358875, -32031843//1119625, 9357924//223925, -17952512//1119625, 5765813//671775, -188562//17225, 2274229//223925, -1731668//223925, 1232521//258375, -2414969//1119625, 502984//3358875, 3168434//3358875, -192397//134355, 4997606//3358875, -1211328//1119625, 222386//223925, -911606//3358875]
9; 4; 10; 6; 4; 1; 1; 5; 1; 1; [-2713229096//955953375, -6585087833//955953375, -1087988632//191190675, -1461954937//318651125, -160159996//73534875, 10407169034//955953375, 15661174669//955953375, 7865081428//955953375, 3230688243//318651125, 2524469858//63730225, 499637003//12746045, 2649638074//63730225, 8430988538//191190675, 86698196336//955953375, 119996124473//955953375, 6719515681//191190675, 65295720241//955953375, -111655608067//955953375, -571001413964//955953375, -658742789429//955953375, -399695723333//955953375, -439803459254//955953375, -37115427862//63730225, 12070038988//38238135, -5963450526//63730225, -9191662282//191190675, 123205938658//955953375, -131945911646//955953375, 4901281322//38238135, -6525705739//73534875, 15422364123//318651125, -45960310402//955953375, -10609064304//318651125, -3702629504//955953375, -38729817182//955953375, -1516604399//191190675, 2503828//38238135, 882771568//191190675, -403162146//63730225, 5955454358//955953375, -1503232437//318651125, 600256262//191190675, -460699379//318651125, 170198239//955953375, -20421862//955953375, -454814979//318651125, 497016916//955953375, -1071670577//955953375]
9; 4; 10; 6; 7; 1; 1; 7; 1; 1; [1336856//1119625, 3374701//1119625, 491993//223925, 693412//1119625, -1191448//1119625, -3646471//1119625, -453578//223925, -2817629//1119625, -16113389//1119625, -1800978//223925, -1409163//223925, -5444821//223925, -294862//223925, -51860321//1119625, -520749//6625, -1420899//223925, 34241588//1119625, 69366593//1119625, 170271001//1119625, 40190606//223925, 226201539//1119625, 426898569//1119625, -74847//1325, -26153723//223925, 43182849//223925, -45007292//223925, 183112187//1119625, -130194013//1119625, 534060//8957, -18064796//1119625, -8647421//1119625, 35432823//1119625, -4487413//223925, 37829542//1119625, -533633//1119625, 1733423//223925, -2064152//223925, 1844811//223925, -1363593//223925, 4026187//1119625, -1754008//1119625, -8998//223925, 1057819//1119625, -1342696//1119625, 1489743//1119625, -175174//223925, 863292//1119625, 45352//1119625]
9; 4; 10; 6; 2; 1; 1; 6; 1; 1; [-13995482//6088875, -884713976//79155375, -884313857//79155375, -84777624//26385125, -262684066//79155375, -961783261//79155375, -319332853//79155375, 244040486//6088875, 4847311948//79155375, 218809688//5277025, 150704293//5277025, 536998074//5277025, 556005574//5277025, 1361266082//26385125, 24850462606//79155375, 29253882767//79155375, 2223086402//79155375, -9824853923//26385125, -22706559844//79155375, -4274063309//26385125, -102235716998//79155375, -64584473906//26385125, -8970291632//5277025, 2635030778//5277025, 4797703912//15831075, -283241317//405925, 21159774486//26385125, -18078810654//26385125, 13747514497//26385125, -23029917544//79155375, 7519994243//79155375, 47528036//26385125, -2447288652//26385125, 1350433192//26385125, -16880589404//79155375, 5242687//5277025, -412251134//15831075, 188006646//5277025, -179386954//5277025, 702053576//26385125, -1324043192//79155375, 222358352//26385125, -106072294//79155375, -248448257//79155375, 352599248//79155375, -396368306//79155375, 230393546//79155375, -381879154//79155375]
9; 4; 10; 6; 3; 1; 1; 9; 1; 1; [3629819//1119625, 21413122//3358875, 8863622//1119625, 1673491//1119625, -13208972//3358875, -47875481//3358875, -22448994//1119625, -22697162//3358875, -2196286//258375, -5002468//223925, -8352249//223925, -223459//3975, -2040923//671775, -258164002//3358875, -427752502//3358875, -171918902//1119625, 116047927//3358875, 4560133//19875, 2469542956//3358875, 2900484532//3358875, 1091376847//3358875, 114008216//1119625, -83172078//223925, -178313182//671775, 129384953//223925, -437121988//671775, 1882520074//3358875, -1373768906//3358875, 752293232//3358875, -282507409//3358875, -1308388//258375, 350895598//3358875, -56473448//1119625, 109097252//1119625, -194560276//3358875, 14638684//671775, -1503196//51675, 18492716//671775, -4773819//223925, 3472958//258375, -7206677//1119625, 2647432//3358875, 2721067//1119625, -12303419//3358875, 15377828//3358875, -8368709//3358875, 2750132//1119625, -3542296//3358875]
9; 4; 10; 6; 5; 1; 1; 12; 1; 1; [36837169276//41660126625, -42809151709//41660126625, -40771226768//41660126625, -185236262431//41660126625, -357900920506//41660126625, -138462905188//41660126625, 334293397442//41660126625, 80681511628//8332025325, 32501273209//3204625125, 26009700706//1666405065, 24948107116//2777341775, 6753958553//640925025, 497727406492//8332025325, 953287121534//41660126625, 2065150522519//41660126625, -5850536033//262013375, 1387567241617//13886708875, 663036715412//3204625125, 1846284256088//41660126625, -3512866456004//13886708875, -1241243613887//2777341775, -10969859080974//13886708875, -16787938898//21093735, 290359060478//8332025325, 3460654153069//8332025325, -4931204612383//8332025325, 24308554264802//41660126625, -6376028735956//13886708875, 12486896658904//41660126625, -113218871719//786040125, 43249643532//1068208375, 1883093846929//41660126625, -3722020460306//41660126625, 173643342446//2777341775, -4382206451216//41660126625, 3997634530//333281013, -5272212082//213641675, 226946815856//8332025325, -64776525484//2777341775, 53127436504//3204625125, -388123526918//41660126625, 46190091608//13886708875, 36963886633//41660126625, -119814880622//41660126625, 52774437723//13886708875, -50740419542//13886708875, 18280610594//8332025325, -31188161497//13886708875]
9; 4; 10; 6; 6; 1; 1; 6; 1; 1; [24105554//6088875, 2414318//1217775, 976757//468375, 386909//156125, 8782622//6088875, 9517486//6088875, -11927751//2029625, -52911706//2029625, -24995147//1217775, 1618702//243555, -6260184//405925, -60807886//1217775, 4382357//1217775, -255712458//2029625, -65882728//1217775, -265632086//6088875, 753187634//6088875, 781609063//6088875, -262586632//2029625, 1659296053//6088875, 2418347236//2029625, 758699726//1217775, -38178106//48711, -107798934//405925, 998385844//1217775, -399653071//405925, 1787309716//2029625, -267132858//405925, 794225309//2029625, -964154248//6088875, 27235259//6088875, 555266527//6088875, -738488176//6088875, 1112399884//6088875, -5878272//81185, 2365784//81185, -17488746//405925, 51982306//1217775, -13866709//405925, 45449006//2029625, -13843759//1217775, 5228754//2029625, 18635477//6088875, -2576317//468375, 12061589//2029625, -29789836//6088875, 28015594//6088875, -136111//93675]
9; 4; 10; 6; 7; 1; 1; 12; 1; 1; [1078497103//13886708875, 4006250187//13886708875, -13908147//555468355, -9610627966//13886708875, -4814038776//13886708875, 4479462219//13886708875, 6229563151//13886708875, -4617573823//13886708875, -775089603//1068208375, -4862478206//2777341775, -6785778444//2777341775, 746228396//213641675, 3979258961//555468355, 63689105257//13886708875, -159919208467//13886708875, -56247399622//2777341775, 223696013201//13886708875, 462967884716//13886708875, 187905501451//13886708875, 20373417169//13886708875, 266001098693//13886708875, -479894878776//13886708875, -227097343751//2777341775, 130062860761//2777341775, -48364957092//2777341775, -1443418306//555468355, 200800213086//13886708875, -19827896377//1068208375, 43854003318//2777341775, -165690854387//13886708875, 129749166773//13886708875, -40038315332//13886708875, 4973901487//13886708875, 34618528804//13886708875, -55329829428//13886708875, -3589618099//2777341775, 3188416//16433975, 1336057617//2777341775, -427626822//555468355, 855546402//1068208375, -9206738201//13886708875, 1178806532//2777341775, -3036809677//13886708875, 1303863673//13886708875, 776628858//13886708875, -1364006983//13886708875, 1782079204//13886708875, -1760509828//13886708875]
9; 4; 10; 6; 4; 1; 1; 2; 1; 1; [-27644502099//60020962625, -18904708053//60020962625, -9894442789//60020962625, 59002072994//36012577575, 172215211522//60020962625, 200587638481//60020962625, 137169317544//60020962625, 112583525112//60020962625, 152572634//4616997125, 52641135338//36012577575, 51481023541//12004192525, 56826139//110807931, -163112670696//12004192525, 90681690614//60020962625, -1461224653991//180062887875, -735248432331//60020962625, -2226295644641//36012577575, -1231233657782//13850991375, -8152163052946//60020962625, -12814702263242//180062887875, -698581183597//60020962625, 25179054920954//180062887875, 2931294480668//36012577575, 177777854636//12004192525, -161921712243//2400838505, 1012335248219//12004192525, -4705395982593//60020962625, 10618091554022//180062887875, -2230601576383//60020962625, 484094284561//36012577575, -24311470427//4616997125, -832753619788//60020962625, 1473575363384//180062887875, -2133162049268//180062887875, 2769433254572//180062887875, -27303427546//12004192525, 10148132234//2770198275, -26982204902//7202515515, 36636433346//12004192525, -9537425431//4616997125, 64622793439//60020962625, -18653490848//60020962625, -638949084//2400838505, 70909365442//180062887875, -38583615488//60020962625, 71276037644//180062887875, -60605062238//180062887875, 18392885494//60020962625]
9; 4; 10; 6; 11; 1; 1; 9; 1; 1; [200769//223925, 972253//1119625, -1115834//1119625, -1341312//1119625, 3991016//1119625, 7695804//1119625, -13779//8957, -930354//223925, -1243777//223925, -28480//8957, -1496424//223925, -4312651//223925, 3775901//223925, -109335//8957, -39985133//1119625, 10107839//1119625, 59248252//1119625, -74616991//1119625, -186232279//1119625, 10872957//223925, 60648429//223925, 112990763//223925, -211207//8957, -34727289//223925, 3911643//17225, -50395734//223925, 40262897//223925, -134647179//1119625, 67159227//1119625, -12550964//1119625, -21017278//1119625, 24824443//1119625, -6673473//223925, 8808337//223925, 885997//223925, 84132//8957, -2355976//223925, 2035561//223925, -1453536//223925, 830929//223925, -1574384//1119625, -277638//1119625, 1341541//1119625, -1685358//1119625, 102821//86125, -216732//223925, 191092//223925, 6974//44785]
9; 4; 10; 6; 10; 1; 1; 6; 1; 1; [18924504//26385125, 28058831//26385125, -4887803//5277025, -22731204//26385125, -57943294//26385125, 1761066//26385125, -196346//26385125, 32018803//26385125, -80482882//26385125, -60181908//5277025, 35856378//5277025, -2040322//5277025, 2764755//211081, -733966599//26385125, -465055821//26385125, 10384212//405925, 761787714//26385125, 2219571799//26385125, 1060517059//26385125, 879668586//26385125, -2692368808//26385125, 1477002352//26385125, 501245157//5277025, -862593807//5277025, 904100908//5277025, -11495787//81185, 2537229148//26385125, -1402278013//26385125, 90141242//5277025, 254758092//26385125, -34490386//2029625, 52336469//2029625, -517119567//26385125, 282155346//26385125, -169252074//26385125, 41267793//5277025, -37285498//5277025, 27683197//5277025, -3322458//1055405, 34428818//26385125, -542338//26385125, -3915934//5277025, 28649967//26385125, -25173058//26385125, 22135417//26385125, -12930817//26385125, 4319866//26385125, 41671//26385125]
9; 4; 10; 6; 4; 1; 1; 10; 1; 1; [-9979//63375, -282694//63375, -31924//63375, 33602//21125, 5912//21125, -20848//21125, 817469//63375, -316607//63375, -14669//4875, 74278//4225, 115688//4225, -22082//975, -56131//12675, 1457159//63375, 2442318//21125, -356632//21125, -1825666//63375, 14681//375, -4089277//21125, -28337989//63375, 18929047//63375, -2351756//21125, -2183877//4225, -5325751//12675, 3731558//4225, -12422086//12675, 53522737//63375, -37639463//63375, 7165299//21125, -2623086//21125, -124226//4875, 6358102//63375, -9855697//63375, 8713396//63375, -6221264//63375, 425401//12675, -42808//975, 174647//4225, -134218//4225, 97469//4875, -577838//63375, 72932//63375, 235357//63375, -122956//21125, 365722//63375, -329777//63375, 220876//63375, -37358//21125]
9; 4; 10; 6; 12; 1; 1; 11; 1; 1; [-125574639//175781125, -513075//1406249, -160050424//175781125, 84034923//175781125, 928387956//175781125, 1275400564//175781125, -221765188//175781125, -1663119881//175781125, -351859817//175781125, 41778656//7031245, 89035506//35156225, -166950483//35156225, -473674088//35156225, 92224524//175781125, -990465221//35156225, 422073588//13521625, 5264708742//175781125, -21256813246//175781125, -45355068894//175781125, -8825955712//175781125, 51971506196//175781125, 66557335982//175781125, 11430764//44785, -936547944//35156225, -3910036773//35156225, 5929249542//35156225, -29870110578//175781125, 4774136594//35156225, -15771860288//175781125, 8433258306//175781125, -3009799488//175781125, -3980638667//175781125, 3454941304//175781125, -1864349087//175781125, 6620176326//175781125, -77394//26533, 243105964//35156225, -277058022//35156225, 241966668//35156225, -874179078//175781125, 100561446//35156225, -189809108//175781125, -20575089//175781125, 9959774//13521625, -17592729//13521625, 169766744//175781125, -90803812//175781125, 141165581//175781125]
9; 4; 10; 6; 2; 1; 1; 4; 1; 1; [10155547//79155375, -25672534//26385125, -14903386//79155375, 3976406//79155375, 118779328//79155375, 197523148//79155375, 9496411//15831075, 81352018//26385125, 307296674//79155375, 32622602//15831075, -1643207//5277025, 121645504//15831075, 89471476//15831075, 19951081//26385125, 641087634//26385125, -106858504//79155375, -70856922//26385125, -2006893806//26385125, -7415440243//79155375, -20749147//15831075, -1083184743//26385125, -210478183//6088875, -110029831//1217775, 234030583//5277025, -45219952//5277025, -69430528//5277025, 627638163//26385125, -633374153//26385125, 1655560823//79155375, -385014386//26385125, 349308436//79155375, -532427254//79155375, -18804809//15831075, 90219043//79155375, -401572997//79155375, -5202609//5277025, -4137064//15831075, 14906621//15831075, -6008037//5277025, 27468683//26385125, -19951083//26385125, 37253708//79155375, -1245211//6088875, -4662949//79155375, 2290046//79155375, -821269//5277025, 9141148//79155375, -11761007//79155375]
9; 4; 10; 6; 8; 1; 1; 9; 1; 1; [357147//1119625, -50798//1119625, -444217//223925, 2316461//1119625, 990334//1119625, 69906//86125, 4817279//1119625, -82749//21125, 3356734//1119625, 288438//223925, -4743264//223925, 4343686//223925, -1351216//223925, -516964//86125, 6626228//1119625, 8993644//223925, -93927136//1119625, 6648806//1119625, -2783686//21125, -11476239//1119625, 269554517//1119625, -142888119//1119625, 22194858//223925, 83591906//223925, -128747304//223925, 129844709//223925, -40418497//86125, 350375014//1119625, -35566187//223925, 41557062//1119625, 41303543//1119625, -90070854//1119625, 539332//6625, -66320829//1119625, 49050193//1119625, -5253668//223925, 6009594//223925, -5273586//223925, 3815196//223925, -11109251//1119625, 4302069//1119625, 107234//223925, -3264393//1119625, 4126268//1119625, -3983584//1119625, 226116//86125, -1614334//1119625, 719718//1119625]
9; 4; 10; 6; 9; 1; 1; 11; 1; 1; [3722391//1406249, 422024128//175781125, 452290289//175781125, 56942204//175781125, 2932192//13521625, 20867542//175781125, -600478098//175781125, 4133671//1406249, -22379156//7031245, -563802582//35156225, -319077219//35156225, -809378859//35156225, 108595729//35156225, -509398614//7031245, -11256514808//175781125, -17149427299//175781125, -2707033244//175781125, 8141551424//175781125, 22586542178//175781125, 28235578458//175781125, -2941969051//35156225, 2080999647//35156225, -5941476//223925, -12277088154//35156225, 17472437951//35156225, -17122287966//35156225, 2687271074//7031245, -44619921354//175781125, 20962426253//175781125, -4615393772//175781125, -6033520448//175781125, 12497920184//175781125, -10894660806//175781125, 1905851199//35156225, -1315816483//35156225, 727228017//35156225, -801370416//35156225, 686156784//35156225, -485921109//35156225, 54409378//7031245, -497337959//175781125, -135431122//175781125, 34473126//13521625, -546761018//175781125, 524522084//175781125, -354036186//175781125, 3349912//2704325, -18093632//35156225]
9; 4; 10; 6; 4; 1; 1; 8; 1; 1; [-7110716//3358875, -15774043//3358875, -29336176//3358875, -26812837//3358875, -5594224//3358875, 5225647//671775, 47980183//3358875, 8832554//671775, 765589//51675, 3935684//223925, 8544338//223925, 138110//2067, 28738168//671775, 72385142//1119625, 258041023//3358875, 629103931//3358875, 180338039//1119625, -12982267//258375, -92518212//223925, -2773873883//3358875, -608865191//671775, -136493924//223925, -1172436//223925, 41038688//223925, -10967114//44785, 53705796//223925, -613258787//3358875, 410607274//3358875, -54024354//1119625, 18949067//1119625, 4483469//258375, -6917413//134355, -11526364//3358875, -46414154//671775, -5730836//671775, -2332514//223925, 14888//1325, -1263076//134355, 1484384//223925, -925579//258375, 4283204//3358875, 669186//1119625, -3930799//3358875, 1695869//1119625, -391959//223925, 1092421//3358875, -62264//44785, -178921//671775]
9; 4; 10; 6; 5; 1; 1; 6; 1; 1; [-2450281//6088875, -41491//6088875, 7752737//6088875, -26152777//6088875, -5879794//405925, -70937518//6088875, 21557826//2029625, 149645923//6088875, 105050743//6088875, 817394//1217775, 1962678//405925, 1120597//48711, 46307984//1217775, 134999522//2029625, 463450721//6088875, -329780767//6088875, -81708756//2029625, 261837047//1217775, 2445500878//6088875, -603063148//6088875, -6052368508//6088875, -8485497473//6088875, -47611732//93675, 89658488//405925, -2284427//243555, -45455747//405925, 337991311//2029625, -318606914//2029625, 58434623//468375, -172191918//2029625, 20644062//405925, 57787429//6088875, -99256244//6088875, -47974273//2029625, -523141249//6088875, -1577548//405925, -1324838//405925, 1656754//243555, -3029518//405925, 13190081//2029625, -27422347//6088875, 15465224//6088875, -5862829//6088875, -38479//1217775, 7193149//6088875, -6820994//6088875, 594286//6088875, -11573929//6088875]
9; 4; 10; 6; 6; 1; 1; 4; 1; 1; [-3311//1625, -2032//1625, 5119//1625, 36722//4875, 17012//4875, -389//195, -5602//975, -593//125, -32816//4875, -2026//975, 7047//325, 4624//325, -14289//325, -16359//1625, -448//1625, -92319//1625, -240509//1625, -284437//4875, 105637//975, 17392//75, 94184//1625, 580051//4875, 17963//75, 13857//325, -63756//325, 80076//325, -373982//1625, 282501//1625, -178702//1625, 66723//1625, -31396//4875, -17138//975, 8551//195, -148634//4875, 155513//4875, -2153//325, 10444//975, -3559//325, 2904//325, -9862//1625, 5171//1625, -1522//1625, -3631//4875, 2148//1625, -1412//975, 499//325, -4424//4875, 3173//4875]
9; 4; 10; 6; 12; 1; 1; 5; 1; 1; [16843042766//4142464625, 235535761//26385125, 10296087251//828492925, 48143070308//4142464625, 10165037384//4142464625, -58197320087//4142464625, -101928131909//4142464625, -17051057929//828492925, -102955282019//4142464625, -1319402998//33139717, -57589836222//828492925, -77614783369//828492925, -52319046774//828492925, -460779499646//4142464625, -676263605097//4142464625, -42547704007//165698585, -973850849008//4142464625, 445017256231//4142464625, 3333682061702//4142464625, 5556147578939//4142464625, 1120778528508//828492925, 4030152621904//4142464625, 25303469272//165698585, -174729467342//828492925, 160514047861//828492925, -129575833604//828492925, 383718013292//4142464625, -221656339036//4142464625, -3739429717//828492925, 25844009536//4142464625, -93947453057//4142464625, 268384197361//4142464625, 155453070252//4142464625, 63808258491//828492925, 148266361712//4142464625, 1543126381//165698585, -6549378528//828492925, 4438783704//828492925, -2508981996//828492925, 3590458372//4142464625, 1058623019//4142464625, -1098317834//828492925, 4560606746//4142464625, -4429810757//4142464625, 6376497541//4142464625, 2653558762//4142464625, 1127513368//828492925, 3482428237//4142464625]
9; 4; 10; 6; 2; 1; 1; 3; 1; 1; [56383715257//178767164875, 57381909694//107260298925, 250346580539//178767164875, 1128485116262//536301494625, 1009235563234//536301494625, 659236119259//536301494625, -782750185198//536301494625, -601205867879//178767164875, -3284351971163//536301494625, -269192766236//107260298925, 23658676293//35753432975, -344577652987//107260298925, -97284980449//35753432975, -7890940567051//536301494625, -3309315884728//107260298925, -7278975573149//178767164875, -13325641719827//536301494625, -337463269453//178767164875, 9445480884587//178767164875, 73393828324108//536301494625, 59985819768077//536301494625, 106508820768523//536301494625, 158710051583//2023779225, -9925424205061//107260298925, 2947590056251//35753432975, -6515536026607//107260298925, 18947194903177//536301494625, -573664045307//35753432975, -1321035949366//536301494625, 4415594901539//536301494625, -523638833569//41253961125, 7729247244398//536301494625, -559342095977//178767164875, 1967588637212//178767164875, 3322157732639//536301494625, 428235028621//107260298925, -113289244798//35753432975, 221659478117//107260298925, -36745235266//35753432975, 110413180307//536301494625, 28592631152//107260298925, -23404891532//41253961125, 292868324009//536301494625, -85487448214//178767164875, 201386780338//536301494625, -34345564486//536301494625, 82743183266//536301494625, 34607195728//178767164875]
9; 4; 10; 6; 7; 1; 1; 6; 1; 1; [-73593328//26385125, -259815808//26385125, -213722699//26385125, -200493573//26385125, -295000478//26385125, -455143977//26385125, 116429081//26385125, 1289222296//26385125, 65108012//1055405, 163419314//5277025, 6770202//211081, 575796941//5277025, 583584427//5277025, 2625761468//26385125, 8690795978//26385125, 6561681284//26385125, 1225359413//26385125, -4075438992//26385125, 58452114//2029625, -7970143391//26385125, -46715109221//26385125, -14989025124//5277025, -8658071416//5277025, 627724756//1055405, 721984241//5277025, -2755509943//5277025, 1335502878//2029625, -15407800516//26385125, 12168229277//26385125, -7208027901//26385125, 2981987954//26385125, -131797604//26385125, -1968702408//26385125, 15863764//2029625, -1135915034//5277025, -29510024//5277025, -19040562//1055405, 149753654//5277025, -150845847//5277025, 616829424//26385125, -404279666//26385125, 218891902//26385125, -55240391//26385125, -49357116//26385125, 96908596//26385125, -113444143//26385125, 51860902//26385125, -25847816//5277025]
9; 4; 10; 6; 9; 1; 1; 5; 1; 1; [22624658482//4142464625, 57502975544//4142464625, 69924763671//4142464625, 49811250509//4142464625, 10909251564//4142464625, -76003956788//4142464625, -162495677554//4142464625, -107557468344//4142464625, -118053964037//4142464625, -64514031034//828492925, -3522632670//33139717, -98265190874//828492925, -5320152662//63730225, -656361655342//4142464625, -1204260493084//4142464625, -1321123529576//4142464625, -81585172158//318651125, 569642776561//4142464625, 4987288113088//4142464625, 8367661392784//4142464625, 6426393956894//4142464625, 5095731995407//4142464625, 616113604436//828492925, -15323157034//33139717, 161070358726//828492925, -12218742166//828492925, -447376208066//4142464625, 550146088958//4142464625, -654917498723//4142464625, 424747800358//4142464625, -283517105987//4142464625, 379712390329//4142464625, 345755395812//4142464625, 248031368902//4142464625, 309961347641//4142464625, 11084303389//828492925, -121185060//33139717, -189325062//63730225, 4948864956//828492925, -28334518606//4142464625, 22892675068//4142464625, -18133453368//4142464625, 8747444803//4142464625, -3011466907//4142464625, 3497650919//4142464625, 10237000547//4142464625, 1657380372//4142464625, 7869781761//4142464625]
9; 4; 10; 6; 10; 1; 1; 4; 1; 1; [55036992//26385125, 1158932//405925, 18287526//26385125, -67390443//26385125, -121013882//26385125, -37349556//5277025, -79940372//26385125, 126364152//26385125, 43236913//26385125, -72937844//5277025, -16630386//1055405, -17859876//5277025, 45445494//5277025, -1081243467//26385125, -12435026//211081, -160169726//26385125, 1943625833//26385125, 4062826322//26385125, 1510329897//5277025, 2916443182//26385125, -5943636462//26385125, -8968679693//26385125, 308728501//5277025, -115916967//1055405, 615420674//5277025, -516980691//5277025, 1755859464//26385125, -212595467//5277025, 319135367//26385125, 212370059//26385125, -177534254//26385125, 154177434//5277025, -251509789//26385125, 13097049//26385125, -574485109//26385125, 27884499//5277025, -5146942//1055405, 19296981//5277025, -11804019//5277025, 25007754//26385125, -571444//5277025, -13080538//26385125, 20473094//26385125, -15062849//26385125, 4240092//5277025, -7165424//26385125, -266466//26385125, -8714314//26385125]
9; 4; 10; 6; 6; 1; 1; 3; 1; 1; [-7137043207//41253961125, -42316605112//41253961125, -15120550199//8250792225, -17940126632//8250792225, -46963902662//41253961125, 8938232218//13751320375, 15281904914//3173381625, 19447424968//2750264075, 791763684//2750264075, 352023314//330031689, 46583625541//2750264075, 147017850443//8250792225, 14859511138//8250792225, -69174403738//41253961125, 1044744977242//41253961125, 105841837719//2750264075, 8572525348//126935265, 873959264297//41253961125, -4080983131994//41253961125, -4033271819964//13751320375, -3010652378333//8250792225, 561899223941//8250792225, 219026786266//1650158445, -20254805654//155675325, 866407386523//8250792225, -562942901137//8250792225, 1403260650236//41253961125, -87962196658//13751320375, -4181865589//550052815, 168210202294//8250792225, -726337549744//41253961125, 153621535076//13751320375, -997581831266//41253961125, -86913284006//8250792225, 9099920417//8250792225, 8694821168//1650158445, -30832927418//8250792225, 17750448632//8250792225, -2140737826//2750264075, -6675821114//41253961125, 28740106126//41253961125, -6672677816//8250792225, 6859447138//8250792225, -23288572279//41253961125, 11269453538//41253961125, -5604107152//13751320375, -2492393338//8250792225, 1120881536//8250792225]
9; 4; 10; 6; 3; 1; 1; 7; 1; 1; [-393136//671775, 1960336//3358875, 736//671775, 1771467//1119625, 9924344//3358875, -5566142//3358875, -12347091//1119625, -59058439//3358875, -908926//51675, -2888432//223925, 552632//44785, 466709//17225, 6466958//671775, 14284612//671775, -2517032//1119625, 54406048//671775, 102238823//1119625, 37015247//258375, 381960674//1119625, 578069301//1119625, 610932198//1119625, 415589891//671775, 130231018//223925, -14068838//134355, -42778733//223925, 220229948//671775, -76312417//223925, 316937534//1119625, -127666174//671775, 362628937//3358875, -2137623//86125, -5004484//3358875, 218433964//3358875, -77578783//3358875, 47085577//671775, -2766224//671775, 44848//3445, -10483856//671775, 3157224//223925, -179497//17225, 7022289//1119625, -572744//223925, 243917//3358875, 5558623//3358875, -6140984//3358875, 8351894//3358875, -1271016//1119625, 349162//223925]
9; 4; 10; 6; 10; 1; 1; 3; 1; 1; [41775267738//178767164875, 292813112641//178767164875, 371357403172//178767164875, 10565676174//13751320375, -106519432368//178767164875, -414580432943//178767164875, -1193449739946//178767164875, -811241412369//178767164875, -193302255041//178767164875, -241434001542//35753432975, -21089850390//1430137319, -12964470284//1430137319, -42447338147//35753432975, 1404231811972//178767164875, -3055285951701//178767164875, -1707847589202//178767164875, 874941365928//178767164875, 9002724616363//178767164875, 29346818662938//178767164875, 67492410842736//178767164875, 48201624858784//178767164875, 21994529077631//178767164875, 5829168935388//35753432975, 68283134//7150686595, -137582548140//1430137319, 4727097411598//35753432975, -1749062888613//13751320375, 17707918015712//178767164875, -11552801081706//178767164875, 5567572144544//178767164875, -584497889611//178767164875, -506443285911//178767164875, 6176405703008//178767164875, -1069257203233//178767164875, 3690196114893//178767164875, -104113815283//35753432975, 39584147992//7150686595, -8586427586//1430137319, 181667440167//35753432975, -634530731229//178767164875, 350221103627//178767164875, -120955355156//178767164875, -38683017896//178767164875, 131670369339//178767164875, -123735206011//178767164875, 191744556733//178767164875, -58098703968//178767164875, 78412160893//178767164875]
9; 4; 10; 6; 5; 1; 1; 4; 1; 1; [-267571//1217775, -3829999//6088875, 14540497//6088875, -19515517//6088875, -15912356//2029625, -26137024//6088875, -5058221//1217775, -29566382//6088875, 33530916//2029625, 26213386//1217775, -60718//81185, 5454662//1217775, 6736294//243555, 2965138//81185, 565704199//6088875, -286167472//6088875, 676637302//6088875, 1765273453//6088875, 368605814//6088875, 12770129//405925, 991655237//6088875, -87307132//156125, -1243909814//1217775, 22282772//81185, 260317262//1217775, -36850542//81185, 618609457//1217775, -2634599858//6088875, 626947783//2029625, -1047290054//6088875, 157701593//2029625, 32757419//2029625, -22167142//405925, 470123386//6088875, -181665728//2029625, 823753//405925, -1397572//81185, 27613528//1217775, -1735558//81185, 20098649//1217775, -62754838//6088875, 9695488//2029625, -1106863//2029625, -10124201//6088875, 18690047//6088875, -3705328//1217775, 16062836//6088875, -336616//156125]
9; 4; 10; 6; 12; 1; 1; 2; 1; 1; [95743984711//60020962625, 66182626312//60020962625, 41321952543//60020962625, -98297301711//60020962625, -54227332064//12004192525, -80976828783//12004192525, -103211953891//60020962625, 50553063954//12004192525, -10807584937//12004192525, 17673664846//12004192525, -67690900161//12004192525, -132134406324//12004192525, 68504778632//2400838505, -760453268771//60020962625, 255388969068//60020962625, -2057997561578//60020962625, 2299436251036//60020962625, 381975171692//2400838505, 2858464224433//12004192525, 6075311781231//60020962625, -1211484093151//12004192525, -262633813057//923399425, -6392196386969//12004192525, -1002060239801//12004192525, 5089826747716//12004192525, -99407398576//184679885, 30019360077077//60020962625, -22803838048141//60020962625, 14051179870446//60020962625, -6235480582212//60020962625, 1182193277//71030725, 709004173224//12004192525, -4065990414307//60020962625, 811002828101//12004192525, -849618062747//12004192525, 170203553879//12004192525, -278311898504//12004192525, 286407990839//12004192525, -46985158437//2400838505, 796191988117//60020962625, -420370068736//60020962625, 117982017076//60020962625, 80369914718//60020962625, -33989940629//12004192525, 42670613234//12004192525, -169930506307//60020962625, 4821701444//2400838505, -17398473946//12004192525]
9; 4; 10; 6; 11; 1; 1; 7; 1; 1; [-219132//1119625, -2972//21125, -838874//1119625, -409104//1119625, 377282//223925, 6239208//1119625, 10757369//1119625, 17831704//1119625, 16593949//1119625, 3060828//223925, 1008798//223925, -573707//223925, -29719//44785, -10239508//1119625, -11007754//1119625, -23283776//1119625, -94072036//1119625, -3182834//17225, -336731738//1119625, -480444769//1119625, -45682673//86125, -366875389//1119625, -51521592//223925, 24862358//223925, -4395327//223925, -1673267//44785, 70107741//1119625, -73959442//1119625, 59701392//1119625, -45739458//1119625, 2558914//223925, -412548//21125, -25487452//1119625, -17926802//1119625, -26920557//1119625, -531203//223925, -181058//223925, 561432//223925, -26907//8957, 3016731//1119625, -2246597//1119625, 1321562//1119625, -638858//1119625, -36416//223925, 44126//1119625, -866972//1119625, -68282//1119625, -657297//1119625]
9; 4; 10; 6; 9; 1; 1; 2; 1; 1; [5647061786//4616997125, 88905227171//60020962625, 49961215163//60020962625, -174504142084//60020962625, -422625742436//60020962625, -381005295722//60020962625, -119246034352//60020962625, 150743302951//60020962625, 27778334607//12004192525, -131136309372//12004192525, -173712493797//12004192525, -88937515428//12004192525, 242726537712//12004192525, -635979070483//60020962625, -2132623791991//60020962625, -2973279672213//60020962625, 2043414649894//60020962625, 9730522727686//60020962625, 14749031198407//60020962625, 4920940408402//60020962625, -1020682552547//4616997125, -5977967241212//12004192525, -301825766109//923399425, 411470736233//12004192525, 1690229155152//12004192525, -2578864468318//12004192525, 12985223175816//60020962625, -10600034341213//60020962625, 6854005981746//60020962625, -3486637246918//60020962625, 1339854805688//60020962625, 1502294363311//60020962625, -1453783104459//60020962625, 1236806798582//60020962625, -45003405932//923399425, 44307722872//12004192525, -105852443828//12004192525, 120516880633//12004192525, -105418624587//12004192525, 380715109056//60020962625, -223141275353//60020962625, 82564373306//60020962625, 12407200307//60020962625, -55855104257//60020962625, 95297545901//60020962625, -73044100999//60020962625, 47630174672//60020962625, -12464194126//12004192525]
9; 4; 10; 6; 3; 1; 1; 12; 1; 1; [-17303201852//41660126625, 29299737816//13886708875, 278321060141//41660126625, 71621821067//8332025325, 230073483452//41660126625, -155460565304//41660126625, -270695103713//13886708875, -475565978918//13886708875, -6520357608//213641675, -123917274502//8332025325, -8456002593//555468355, -5890286073//213641675, -114234154809//2777341775, -1982523055178//41660126625, -5045105310268//41660126625, -7307928916931//41660126625, -258854646539//2777341775, 274290297356//3204625125, 17172724160884//41660126625, 36368264249869//41660126625, 44451340067299//41660126625, 1120401087346//1666405065, 1245001592678//8332025325, -10518872744//333281013, -380389062497//8332025325, 646254718468//8332025325, -1199312053463//13886708875, 2708363446496//41660126625, -2361396440693//41660126625, 185961156439//8332025325, -14744930222//3204625125, 624246059162//41660126625, 2065453226542//41660126625, 1525488042002//41660126625, 340965125114//8332025325, -7124588773//8332025325, 398194132//128185005, -32114730118//8332025325, 9606212599//2777341775, -218136367//82169875, 61983528121//41660126625, -440759842//527343375, -451515371//8332025325, 18143058644//41660126625, -2292760226//13886708875, 17380368684//13886708875, 7114372444//13886708875, 6960141148//8332025325]
9; 4; 10; 6; 7; 1; 1; 4; 1; 1; [37300528//26385125, 142520504//26385125, 124335518//26385125, 219194377//26385125, 1613764//211081, 33689598//26385125, -68566462//26385125, -403888442//26385125, -1106460534//26385125, -251811426//5277025, -143098227//5277025, -313052082//5277025, -34162202//1055405, -496320768//26385125, -4943820884//26385125, -4600472908//26385125, -5567632247//26385125, -415766889//5277025, 9131348922//26385125, 19593341372//26385125, 22539164147//26385125, 33412032099//26385125, 5842538304//5277025, -144654534//405925, -818180202//5277025, 87759366//211081, -994890453//2029625, 11263681138//26385125, -8620273984//26385125, 4726109689//26385125, -420866864//5277025, 306050886//26385125, 2203256056//26385125, -738883284//26385125, 3187612437//26385125, 5821821//5277025, 79437892//5277025, -113953818//5277025, 22219428//1055405, -440628249//26385125, 282416228//26385125, -145274044//26385125, 24529469//26385125, 7945859//5277025, -5131038//2029625, 7368767//2029625, -46978484//26385125, 5721654//2029625]
9; 4; 10; 6; 12; 1; 1; 10; 1; 1; [-47584//21125, -7494//21125, -36756//21125, 150591//21125, 404834//21125, 1842//125, -20842//4225, -26138//4225, -440181//21125, -80648//4225, 1650//169, 49798//4225, -84743//845, -948186//21125, -1252976//21125, 2173621//21125, -3232796//21125, -10829699//21125, -7492168//21125, -67824//4225, 1380137//4225, 34807241//21125, 7044562//4225, -1512//65, -3951852//4225, 1102989//845, -26882923//21125, 21045332//21125, -13539562//21125, 6486742//21125, -1757737//21125, -2437154//21125, 145008//845, -54014//325, 4757933//21125, -117957//4225, 46262//845, -251788//4225, 42819//845, -754613//21125, 420192//21125, -143812//21125, -45653//21125, 134723//21125, -180904//21125, 31552//4225, -4466//845, 100743//21125]
9; 4; 10; 6; 5; 1; 1; 3; 1; 1; [21486434261//13751320375, 25543385422//13751320375, 65120456763//13751320375, 70838930119//8250792225, 107045376788//13751320375, 210317977634//41253961125, 81540860848//13751320375, 60023705624//41253961125, -111895019348//13751320375, -8140031684//1650158445, -26098623088//2750264075, -4085185015//110010563, -420925092631//8250792225, -1533429424381//13751320375, -5180024482706//41253961125, -3235440683273//13751320375, -2508807148573//8250792225, -3028570268073//13751320375, -6041686884559//41253961125, -1915195198718//13751320375, 2181516857266//41253961125, 608626052608//3173381625, -294023460833//1650158445, -342358271713//2750264075, 34710924589//126935265, -856163235632//2750264075, 10853745001976//41253961125, -8152231593043//41253961125, 105164882672//1057793875, -34766619217//634676325, -235498849264//13751320375, 372140315426//13751320375, -671570872329//13751320375, 573606114091//13751320375, -869056807688//41253961125, 5676334984//550052815, -113869379516//8250792225, 7191863877//550052815, -28011713478//2750264075, 261496710856//41253961125, -43019872906//13751320375, 3393230266//13751320375, 2404558644//2750264075, -27765063484//13751320375, 72258761858//41253961125, -22760214379//13751320375, 44655056648//41253961125, -5234120921//13751320375]
9; 4; 10; 6; 9; 1; 1; 10; 1; 1; [2538//1625, 132321//21125, 29166//21125, -1673//169, -246346//21125, -212051//21125, -48662//4225, 111496//21125, 381918//21125, -119454//4225, -42651//845, 69528//4225, 22463//325, 136936//21125, -3220551//21125, -265066//21125, 167627//845, 5810356//21125, 12459216//21125, 2314638//4225, -11853801//21125, -2015211//1625, -271764//4225, 202316//845, -1256522//4225, 1164679//4225, -4309472//21125, 2487502//21125, -1153078//21125, 9637//845, 5062//125, -285027//21125, 271402//4225, -1196748//21125, -756519//21125, -54706//4225, 11002//845, -3436//325, 30141//4225, -77002//21125, 17257//21125, 16842//21125, -1267//845, 3376//1625, -22777//21125, 1343//845, -23518//21125, -17584//21125]
9; 4; 10; 6; 8; 1; 1; 7; 1; 1; [-131178//223925, -432837//223925, -4979398//1119625, -7365526//1119625, -4134314//1119625, 744413//1119625, 12755498//1119625, 21939096//1119625, 20454702//1119625, 298268//17225, 250704//44785, -1147361//223925, 335708//44785, 8092979//223925, 15712243//223925, 120549168//1119625, 101765356//1119625, -104019321//1119625, -341377963//1119625, -708410168//1119625, -747817541//1119625, -506307207//1119625, -58272391//223925, 661369//8957, 11069139//223925, -4978687//44785, 5697687//44785, -23733833//223925, 93087779//1119625, -45752862//1119625, 14168877//1119625, -949933//86125, -47362529//1119625, -14552163//1119625, -40866771//1119625, 72671//223925, -186726//44785, 1253191//223925, -238533//44785, 932313//223925, -114947//44785, 1488954//1119625, -124367//1119625, -600458//1119625, 540181//1119625, -1459754//1119625, 61222//1119625, -906871//1119625]
9; 4; 10; 6; 12; 1; 1; 8; 1; 1; [942588//223925, 16901726//1119625, 18222//845, 24911656//1119625, 13243202//1119625, -18298616//1119625, -47836476//1119625, -46953877//1119625, -41670399//1119625, -15382728//223925, -26998656//223925, -6918929//44785, -33379032//223925, -7056787//44785, -351773976//1119625, -88840638//223925, -521581116//1119625, -83256887//1119625, 1270596641//1119625, 2638250916//1119625, 2800046277//1119625, 2284256589//1119625, 210591297//223925, -5471707//17225, -5488921//44785, 74924423//223925, -1743862//4225, 391032817//1119625, -4924061//17225, 155371942//1119625, -77544726//1119625, 1051926//21125, 164859673//1119625, 65119466//1119625, 162657357//1119625, 336343//223925, 2706006//223925, -802397//44785, 3902007//223925, -3160792//223925, 9964837//1119625, -1101502//223925, 693207//1119625, 1327884//1119625, -116484//86125, 387821//86125, 41226//1119625, 3588622//1119625]
9; 4; 10; 6; 7; 1; 1; 3; 1; 1; [37938415053//35753432975, 26680129899//35753432975, -44385488138//178767164875, 65195297246//178767164875, -6330806226//178767164875, 50758626912//178767164875, 35997675034//13751320375, -145543466417//178767164875, -2151015730094//178767164875, -370360977114//35753432975, -29087868492//7150686595, -601759215923//35753432975, -108765539209//35753432975, -1249748318369//35753432975, -53823658877//1430137319, 5050301413483//178767164875, 2827484671949//178767164875, 63644134846//178767164875, 3895299330513//178767164875, 5044929114188//178767164875, 19268803590892//178767164875, 5378029056013//13751320375, 11955568068261//35753432975, -1365312266141//7150686595, 2465421640477//35753432975, 38722069367//2750264075, -6793863722//110010563, 2623293793317//35753432975, -12111552089601//178767164875, 9424263995127//178767164875, -5705437565372//178767164875, 2683414954279//178767164875, 5436544913//13751320375, -365378659364//178767164875, 4974476315477//178767164875, 185425606984//35753432975, -1004535934//1430137319, -73765524687//35753432975, 115863593844//35753432975, -119116657648//35753432975, 7307606923//2750264075, -318705837376//178767164875, 170593509357//178767164875, -45281846707//178767164875, -31552393781//178767164875, 78914733224//178767164875, -66640654754//178767164875, 131510556747//178767164875]
9; 4; 10; 6; 11; 1; 1; 12; 1; 1; [-8738800549//13886708875, -36867798988//13886708875, -68687345843//13886708875, -6304525119//1068208375, -45510375686//13886708875, 48016969191//13886708875, 36884583149//2777341775, 24908282316//1068208375, 14877674938//555468355, 60373488328//2777341775, 42276036921//2777341775, 49385291203//2777341775, 1343350117//52402675, 787774758169//13886708875, 1755888874338//13886708875, 2203260345758//13886708875, 1262395903512//13886708875, -1684004298299//13886708875, -5598455096641//13886708875, -348645653077//555468355, -9270604812893//13886708875, -256221560639//555468355, -396598148387//2777341775, 179425471141//2777341775, -11704426237//2777341775, -80550317699//2777341775, 656247197662//13886708875, -536617108071//13886708875, 592825761934//13886708875, -267634346734//13886708875, 87480589278//13886708875, -291594859128//13886708875, -87463509843//2777341775, -339400923499//13886708875, -15111176887//555468355, -3243523213//2777341775, -2270123266//2777341775, 5149441387//2777341775, -5673010056//2777341775, 482020564//262013375, -16299762306//13886708875, 12090295094//13886708875, -2717907704//13886708875, -2101876372//13886708875, -1652866208//13886708875, -2278688716//2777341775, -4279137294//13886708875, -329714639//555468355]
9; 4; 10; 6; 4; 1; 1; 9; 1; 1; [195801//223925, 5059514//3358875, 8006419//3358875, 5803946//3358875, 666502//3358875, -291849//223925, -12176027//3358875, -10982507//3358875, -359174//86125, -1627982//223925, -1690613//223925, -713282//51675, -2744783//223925, -6982302//223925, -50760908//1119625, -76610918//1119625, -89981896//3358875, 4159062//86125, 88988548//671775, 731466107//3358875, 515500127//3358875, 151478257//1119625, 11860668//223925, -20272008//223925, 20898048//223925, -17532003//223925, 11574711//223925, -102289972//3358875, 18106763//3358875, 11805782//3358875, -2401667//258375, 12867617//671775, -5656754//3358875, 51425251//3358875, 1417141//1119625, 961392//223925, -200342//51675, 1915676//671775, -387037//223925, 11881//17225, -111772//3358875, -30554//63375, 1882702//3358875, -1749346//3358875, 14851//26871, -107818//1119625, 896546//3358875, 102536//1119625]
9; 4; 10; 6; 9; 1; 1; 8; 1; 1; [1283353//223925, 18530933//1119625, 29746194//1119625, 27527051//1119625, 7187238//1119625, -593279//21125, -51376238//1119625, -10602876//223925, -48802623//1119625, -12619424//223925, -30996162//223925, -44846523//223925, -30449449//223925, -1441610//8957, -324091643//1119625, -626207354//1119625, -540869566//1119625, 7868359//86125, 1650106902//1119625, 3007691428//1119625, 652422664//223925, 2247626663//1119625, -33470024//223925, -80219122//223925, 9709289//17225, -133222189//223925, 630066//1325, -380529624//1119625, 164325088//1119625, -6075696//86125, -31864424//1119625, 156918111//1119625, 43669494//1119625, 45660226//223925, 44098499//1119625, 5141269//223925, -6087558//223925, 5363728//223925, -3987501//223925, 2318568//223925, -5043269//1119625, -757062//1119625, 2611077//1119625, -310873//86125, 5342341//1119625, -479046//1119625, 37802//8957, 1006459//1119625]
