9; 7; 9; 6; 3; 1; 1; 6; 1; 1; [308311//63375, 331493//21125, 771074//63375, -46027//21125, 339072//21125, 1693889//63375, -1737781//63375, -106454//2535, -17042//975, -337628//4225, -10034//169, -97856//975, -260522//4225, -10013111//63375, -11995493//21125, -15648329//63375, 5588612//21125, -473047//4875, -628919//63375, 76252561//63375, 4848642//4225, 1739353//845, 10573967//4225, -3750637//2535, 7418872//12675, 480664//12675, -25734413//63375, 31881793//63375, -32440097//63375, 25241828//63375, -1212271//4875, 2396786//21125, 2444053//63375, 100741//12675, 2072737//12675, 528134//12675, -544//65, -162257//12675, 94587//4225, -116161//4875, 1222873//63375, -877582//63375, 483148//63375, -152738//63375, -22884//21125, 245023//63375, -29476//12675, 19813//4225]
9; 7; 9; 6; 2; 1; 1; 5; 1; 1; [-31049//30615, -4254642//3316625, -844967//1989975, -2337122//1989975, -8427462//3316625, 11577076//9949875, 4865937//3316625, 248201//663325, 67271467//9949875, 8442336//663325, 6899437//663325, 13958587//1989975, 12115097//663325, 85577582//1989975, 429993716//9949875, -10956643//1989975, 16518118//1989975, 93033376//9949875, -1645965766//9949875, -1012387031//9949875, -222302//2535, -2647073902//9949875, -195027914//663325, 170440396//1989975, 106310647//1989975, -18702713//153075, 281502287//1989975, -1192191952//9949875, 173895911//1989975, -100038148//1989975, 195810053//9949875, -47209373//9949875, -194967458//9949875, 30220129//1989975, -99115332//3316625, 471677//1989975, -9091286//1989975, 12365458//1989975, -3929217//663325, 9266953//1989975, -28979177//9949875, 2780236//1989975, -17630//79599, -1622924//3316625, 6769327//9949875, -3104066//3316625, 413766//663325, -6984011//9949875]
9; 7; 9; 6; 6; 1; 1; 5; 1; 1; [-567868//765375, 136598//765375, 293768//765375, 161684//765375, 634862//255125, 4417721//765375, 284887//58875, 763726//153075, 1701143//153075, 1670336//153075, 281776//51025, 1980593//153075, 1448687//153075, 4707851//255125, -24811208//765375, -7567723//765375, -5565514//765375, -88188851//765375, -43042517//255125, -28241007//255125, -31924186//153075, -3300352//11775, 3593081//153075, 6444371//51025, -2205679//11775, 9565099//51025, -38029932//255125, 5741437//58875, -38641849//765375, 8792648//765375, 1905974//255125, -24557323//765375, 5474029//255125, -1628871//51025, 465838//153075, -393427//51025, 1331662//153075, -1155293//153075, 276886//51025, -790642//255125, 872186//765375, 140696//765375, -55949//58875, 839872//765375, -319431//255125, 570287//765375, -106838//153075, -1166//153075]
9; 7; 9; 6; 10; 1; 1; 5; 1; 1; [-3539649//3316625, -3968371//3316625, -498143//663325, -875491//255125, -153952//26533, -1133909//132665, -13828907//3316625, -17109966//3316625, -699754//51025, 61546//132665, -11418//26533, -6316196//663325, 11731686//663325, 129089919//3316625, 169036411//3316625, 218481//3925, 310604573//3316625, 111281149//663325, 28684119//132665, 40786607//3316625, 388937481//3316625, 156111762//663325, -2899109//10205, -1025589//132665, 116232204//663325, -157861824//663325, 764320662//3316625, -582848267//3316625, 15428302//132665, -12738067//255125, 10984964//663325, 3828151//132665, -102905819//3316625, 126028393//3316625, -10775014//663325, 144189//26533, -1334752//132665, 7143551//663325, -6015171//663325, 21074442//3316625, -11394517//3316625, 60986//51025, 1694764//3316625, -742774//663325, 223419//132665, -4417659//3316625, 3612268//3316625, -257579//663325]
9; 7; 9; 6; 3; 1; 1; 4; 1; 1; [-125189298394//25494119625, 9179621//1699607975, -4408223478//1699607975, -27019169254//5098823925, -61287119942//25494119625, -50897873777//25494119625, 200050386886//25494119625, 136890092659//8498039875, 81888808603//8498039875, 15878188834//5098823925, 15433418187//1699607975, 257621389853//5098823925, 13179154013//5098823925, 1205064218218//8498039875, 16355192541//1699607975, 750039480553//5098823925, -11012421244//1019764785, -2097907170358//25494119625, 2871682838482//25494119625, -131962306622//481021125, -463834656303//653695375, -3354107590443//8498039875, 3114594437194//5098823925, 996754732582//1699607975, -5934775604087//5098823925, 166679735007//130739075, -9192981817096//8498039875, 1303950648784//1699607975, -166030389238//392217225, 763429967518//5098823925, 967212348886//25494119625, -1188184974393//8498039875, 4182949710232//25494119625, -1635340029477//8498039875, 863372624461//8498039875, -76028469908//1699607975, 292756222414//5098823925, -272701708388//5098823925, 69332541659//1699607975, -16530104042//653695375, 782412802//67984319, -67558588//64542075, -8606181908//1699607975, 194027398696//25494119625, -193898414729//25494119625, 50745839979//8498039875, -40182806062//8498039875, 15020943901//8498039875]
9; 7; 9; 6; 12; 1; 1; 9; 1; 1; [-14163//4225, -80061//21125, 27853//21125, -242163//21125, 30148//21125, -27604//21125, -212963//21125, 590492//21125, -189586//21125, 64988//4225, 227946//4225, -143256//4225, 176339//4225, 525234//4225, 1399941//21125, 414117//21125, 5284633//21125, -490816//1625, 3480024//21125, -3701017//21125, -21179582//21125, 10479371//21125, -4399612//4225, -1816644//4225, 5080204//4225, -5975556//4225, 214259//169, -19489182//21125, 11613671//21125, -4463951//21125, -508244//21125, 3192602//21125, -4243076//21125, 2922224//21125, -2534627//21125, 183372//4225, -262996//4225, 257916//4225, -204369//4225, 133843//4225, -328662//21125, 69866//21125, 99799//21125, -177764//21125, 186282//21125, -156951//21125, 88444//21125, -49292//21125]
9; 7; 9; 6; 4; 1; 1; 7; 1; 1; [-51262//63375, -76237//63375, -23297//12675, 40282//63375, -356998//63375, 633332//63375, -430034//63375, 74998//21125, 12266//975, -24074//12675, 13756//4225, 6347//325, 50234//4225, 79414//21125, 4709987//63375, -103481//12675, -357984//21125, 547666//4875, -22728922//63375, 4310858//21125, -8632368//21125, -1439552//12675, 952156//12675, 904036//4225, -4295687//12675, 1465849//4225, -17887399//63375, 4083982//21125, -1260407//12675, 551958//21125, 123713//4875, -1266657//21125, 1225254//21125, -3843262//63375, 105134//4225, -58022//4225, 1198//75, -59686//4225, 43616//4225, -29573//4875, 157181//63375, 2164//12675, -105446//63375, 144314//63375, -150151//63375, 111827//63375, -85762//63375, 938//2535]
9; 7; 9; 6; 2; 1; 1; 2; 1; 1; [-564043676//12944787375, -393799862//2588957475, -2732431048//4314929125, -12920679842//12944787375, -15887525062//12944787375, 103552608//331917625, 33703666237//12944787375, 1479163703//517791495, 13851506833//4314929125, 13266591002//2588957475, 463926979//66383525, 7280518588//862985825, 10173103116//862985825, 160359840911//12944787375, 11586692756//517791495, 475545148784//12944787375, 475356547657//12944787375, 493534711282//12944787375, -177066421157//12944787375, -294870417259//4314929125, -14709938859//172597165, -266381864908//4314929125, -83817682933//2588957475, 16578217121//2588957475, 9395684058//862985825, -45435970537//2588957475, 84160291981//4314929125, -38108951891//2588957475, 53732382139//4314929125, -53594372449//12944787375, 15108993347//4314929125, 1270696953//4314929125, -69819910811//12944787375, -628604786//517791495, -22154696714//4314929125, 44483716//199150575, -613277822//862985825, 2258805121//2588957475, -666323831//862985825, 2551568251//4314929125, -856859767//2588957475, 1780582//9949875, 392327131//12944787375, -222660863//4314929125, 1366172339//12944787375, -2225088416//12944787375, 8377706//517791495, -1427340062//12944787375]
9; 7; 9; 6; 9; 1; 1; 9; 1; 1; [16833//21125, -36247//21125, -3456//4225, -99//4225, -107142//21125, -32454//4225, -94407//21125, -184472//21125, -389526//21125, -2144//325, 18216//4225, -99607//4225, -7288//845, -537973//21125, 98309//1625, -12153//845, 25952//845, 276339//1625, 484949//4225, 624647//21125, 4278037//21125, 5606256//21125, -1142417//4225, -1012909//4225, 2062053//4225, -90997//169, 9716496//21125, -6831679//21125, 774217//4225, -269982//4225, -182924//21125, 277947//4225, -1543129//21125, 1627191//21125, -817962//21125, 78847//4225, -102146//4225, 95597//4225, -14643//845, 228486//21125, -103484//21125, 2324//4225, 8966//4225, -65144//21125, 14167//4225, -55074//21125, 40746//21125, -14267//21125]
9; 7; 9; 6; 3; 1; 1; 3; 1; 1; [-424633921013//425149312575, 5009848243721//2125746562875, 6178855856944//2125746562875, 4380285502442//2125746562875, 11450542933756//2125746562875, 24780809553271//2125746562875, 8064933693207//708582187625, 3888479907812//425149312575, 3845412005596//425149312575, 950127813546//141716437525, -658355524584//141716437525, -54292217470//17005972503, -1922757205689//141716437525, 2931471079088//425149312575, -247834335008881//2125746562875, -19231882367978//163518966375, -307237818407012//2125746562875, -436025728548031//2125746562875, -202291596557662//708582187625, -560860177081571//2125746562875, -37786730582238//141716437525, -1734569989183//10901264425, 35931671036996//141716437525, 60891180759238//425149312575, -2262038424518//6540758655, 167866051379128//425149312575, -11335227665527//32703793275, 521908377357472//2125746562875, -321426780487222//2125746562875, 35313681749648//708582187625, -145595107907//54506322125, -38870630677661//708582187625, 89791275599032//2125746562875, -8900851816906//141716437525, 13415126765641//425149312575, -5426856043903//425149312575, 2486339161444//141716437525, -478706716314//28343287505, 1868468755729//141716437525, -3598072694771//425149312575, 2810274453854//708582187625, -576146350584//708582187625, -3183397853876//2125746562875, 1517359083399//708582187625, -5643059436883//2125746562875, 1252224348584//708582187625, -675207617804//425149312575, 83649510216//141716437525]
9; 7; 9; 6; 6; 1; 1; 2; 1; 1; [4820322788//995752875, 11069381542//995752875, 637166341//25532125, 8695525511//199150575, 69715875458//995752875, 103982380004//995752875, 28980251819//199150575, 189895539631//995752875, 76842362251//331917625, 17639096822//66383525, 19137746683//66383525, 4142008662//13276705, 73722473852//199150575, 220169816272//995752875, 32625448916//331917625, -240622390754//995752875, -121182112097//199150575, -1019563732528//995752875, -1409380251254//995752875, -22540984069//13276705, -602094279222//331917625, -500816519771//331917625, -55821978468//66383525, -2029018736//199150575, 21573141064//39830115, -139461176693//199150575, 693752668406//995752875, -527925523396//995752875, 8441788477//25532125, -37886938099//199150575, -1500168443//76596375, -2318680869//331917625, -34237087718//199150575, 15695294417//995752875, -49596866803//331917625, 3295227344//199150575, -5967433274//199150575, 1299586588//39830115, -1789601074//66383525, 19086605296//995752875, -10318377286//995752875, 3223929418//995752875, 154104173//199150575, -4650648784//995752875, 1091818191//331917625, -364206542//66383525, 1406999782//995752875, -3054658579//995752875]
9; 7; 9; 6; 5; 1; 1; 5; 1; 1; [241456//255125, 1627571//765375, 493956//255125, 1258742//255125, 1578754//153075, 9458021//765375, 10711901//765375, 13877291//765375, 13026526//765375, 71624//11775, 503033//51025, 119798//30615, -12336//10205, -32939708//765375, -19081607//255125, -19008436//255125, -129844511//765375, -9561367//30615, -237879406//765375, -234224141//765375, -191958391//765375, 8917774//765375, 24093842//153075, -15234776//153075, 1450756//30615, -226009//30615, -4902628//255125, 6321594//255125, -24766784//765375, 4105669//255125, -4631803//153075, -4284028//765375, -12462998//765375, -3310001//255125, 3149492//765375, 466943//153075, -149594//153075, -12244//30615, 2306//2041, -349198//255125, 286759//255125, -715894//765375, 284972//765375, -73061//153075, -210488//765375, -97148//765375, -101086//255125, 139462//765375]
9; 7; 9; 6; 2; 1; 1; 10; 1; 1; [2951504//11006125, -34917971//33018375, 1241159//2201225, 3368143//33018375, -77659226//33018375, -5000386//6603675, 72705667//33018375, 2134972//2201225, -160223447//33018375, 5898362//507975, -2433374//440245, -20728018//6603675, 35149856//6603675, 243525583//33018375, 44641319//846625, -65749311//2201225, 1094713642//33018375, 2154737296//33018375, -99592349//6603675, -3046870627//33018375, 65743721//6603675, -2149534358//33018375, -3234654199//6603675, 75004903//264147, -719706968//6603675, -92822519//6603675, 2751726824//33018375, -3442537387//33018375, 648107858//6603675, -818410128//11006125, 552938101//11006125, -146000332//6603675, -21608507//11006125, 64851259//6603675, -568171504//33018375, -52040926//6603675, 1750178//1320735, 6025961//2201225, -10043237//2201225, 156506674//33018375, -127400347//33018375, 695116//264147, -15240148//11006125, 15508643//33018375, 1548398//6603675, -21848786//33018375, 295858//440245, -20996234//33018375]
9; 7; 9; 6; 10; 1; 1; 2; 1; 1; [-23769577116//4314929125, -55128032404//4314929125, -120173962452//4314929125, -208559350122//4314929125, -331440905918//4314929125, -98070991819//862985825, -650487280948//4314929125, -162686725068//862985825, -915292506679//4314929125, -182793262896//862985825, -177327253119//862985825, -155597833764//862985825, -11664598016//66383525, 250020926881//4314929125, 1274129989434//4314929125, 3326200030722//4314929125, 5508288020637//4314929125, 8180255069788//4314929125, 2078206005669//862985825, 11700706938058//4314929125, 2355492364829//862985825, 9068474393059//4314929125, 833316474069//862985825, 46589410021//862985825, -571408891554//862985825, 742998125827//862985825, -3542402115582//4314929125, 2802054042537//4314929125, -1586093255339//4314929125, 1061439457691//4314929125, 255214394589//4314929125, 31974365067//862985825, 1028815915819//4314929125, 1004524629//172597165, 827623240887//4314929125, -18097414129//862985825, 31648049934//862985825, -2596397047//66383525, 27965029203//862985825, -96706953432//4314929125, 53742149547//4314929125, -13791399094//4314929125, -2825838329//4314929125, 27092577389//4314929125, -2913049283//862985825, 30826061464//4314929125, -1023410662//862985825, 16745437422//4314929125]
9; 7; 9; 6; 4; 1; 1; 12; 1; 1; [-3104074046//5183884875, 6561724121//5183884875, -500329241//5183884875, -391043012//5183884875, 12499063828//5183884875, 903105917//5183884875, -13836479303//5183884875, 2884013573//1036776975, 29078549//132920125, -124464934//13823693, -503077619//69118465, 162129529//26584025, -2471156388//345592325, 19373631656//5183884875, -224642646841//5183884875, 104148060436//5183884875, -101932550978//5183884875, -6684699717//132920125, 102125877766//1727961625, 474141728693//5183884875, -92887984861//1036776975, 688350865034//5183884875, 26237913776//69118465, 4529295898//207355395, -260337304919//1036776975, 347247732506//1036776975, -1649216880797//5183884875, 1265810939012//5183884875, -268060733709//1727961625, 374656400306//5183884875, -5180493118//398760375, -43157079707//1727961625, 252245311064//5183884875, -17158843369//345592325, 224464360682//5183884875, -1651441711//207355395, 75476668//5316805, -15595876736//1036776975, 4349749398//345592325, -3468289849//398760375, 24365803747//5183884875, -7728970312//5183884875, -3520655354//5183884875, 3023972807//1727961625, -10617013661//5183884875, 10073258774//5183884875, -497930092//345592325, 4767233587//5183884875]
9; 7; 9; 6; 6; 1; 1; 10; 1; 1; [-414146//507975, -3701059//2539875, -2219752//2539875, -2939036//846625, -2839372//2539875, 26063369//2539875, 45045277//2539875, 699716//33865, 26386881//846625, 5436658//169325, 3367033//169325, 3562166//101595, 2344946//39075, 7732761//169325, 21714479//2539875, -38248291//846625, 68253293//2539875, -246325463//2539875, -1005506329//2539875, -485171699//846625, -27041003//33865, -2848328593//2539875, -108097767//169325, 39736173//169325, 1672858//33865, -33737374//169325, 25805242//101595, -195762561//846625, 437928541//2539875, -268964851//2539875, 108309416//2539875, -17672029//846625, -41671237//846625, -77307//33865, -214031419//2539875, -391473//169325, -3485284//507975, 85291//7815, -1867241//169325, 354082//39075, -15377578//2539875, 7916926//2539875, -2100481//2539875, -1874254//2539875, 2698913//2539875, -5205781//2539875, 22488//33865, -1623478//846625]
9; 7; 9; 6; 7; 1; 1; 5; 1; 1; [-1632352//3316625, 925537//3316625, 1205008//663325, 327961//255125, -504422//663325, -525316//255125, -18047628//3316625, -26557878//3316625, -809396//255125, -216804//663325, -1308219//132665, -8128846//663325, -3963187//663325, 37533442//3316625, -46838507//3316625, -5187672//132665, -5518783//3316625, 21920684//663325, 244119848//3316625, 675169368//3316625, 725138053//3316625, -2346662//3316625, -48798174//663325, 9429068//132665, -37738496//663325, 24025933//663325, -57401819//3316625, 9447934//3316625, 2483344//663325, -32312609//3316625, 7747583//663325, -17090746//3316625, 49973714//3316625, 22380674//3316625, 3178424//3316625, -1897711//663325, 53238//26533, -756024//663325, 19839//51025, 397811//3316625, -1305136//3316625, 285738//663325, -1402469//3316625, 227024//663325, -422036//3316625, 845749//3316625, 614214//3316625, -149516//3316625]
9; 7; 9; 6; 10; 1; 1; 10; 1; 1; [3586942//11006125, -120261//169325, -9448078//11006125, 335298//11006125, -7501268//2201225, -124104641//11006125, -233203196//11006125, -10777776//440245, -234748417//11006125, -27674668//2201225, -32945898//2201225, -4175164//169325, -27018808//2201225, -76777122//11006125, 26561781//440245, 1100019498//11006125, 1334242172//11006125, 418959064//2201225, 3769071626//11006125, 7081649956//11006125, 1835357748//2201225, 6705806617//11006125, -35069698//2201225, -255251838//2201225, 368603688//2201225, -367741158//2201225, 1457080134//11006125, -185692704//2201225, 529157344//11006125, -3597928//846625, -1399519//440245, 412957013//11006125, 61061378//11006125, 127040898//2201225, 151130511//11006125, 15299268//2201225, -1316364//169325, 14715802//2201225, -10546002//2201225, 29938434//11006125, -2086443//2201225, -1251056//11006125, 812312//846625, -1997022//2201225, 1081421//846625, -162674//846625, 2573052//2201225, 3524221//11006125]
9; 7; 9; 6; 5; 1; 1; 2; 1; 1; [3265401422//995752875, 9672616481//995752875, 334735611//13276705, 16584948369//331917625, 85520529676//995752875, 41822637216//331917625, 162401571214//995752875, 195481358354//995752875, 72004451681//331917625, 47367175874//199150575, 17107382992//66383525, 18559520419//66383525, 19876624186//66383525, 54711038441//331917625, -48239804261//995752875, -6999401856//13276705, -1136156745887//995752875, -593763263407//331917625, -2238872545393//995752875, -171074705738//76596375, -1901358453599//995752875, -1138330588738//995752875, -95559204331//199150575, 1319123987//66383525, 56999387167//199150575, -24565405474//66383525, 378252805519//995752875, -293921594153//995752875, 2198159866//13276705, -143381604311//995752875, -63086226803//995752875, -72671685179//995752875, -151140132217//995752875, -33523156477//995752875, -95772989014//995752875, 553515797//66383525, -1048987092//66383525, 1175230721//66383525, -971031271//66383525, 10564974419//995752875, -5872807498//995752875, 20968884//13276705, -385660436//995752875, -3509659918//995752875, 493371371//995752875, -4088620652//995752875, -5560232//995752875, -654228038//331917625]
9; 7; 9; 6; 7; 1; 1; 2; 1; 1; [21089177//4314929125, -675391393//862985825, -13822218289//4314929125, -48463790026//4314929125, -18758346786//862985825, -141709339271//4314929125, -195062798836//4314929125, -49674946262//862985825, -284045090152//4314929125, -71779622372//862985825, -101848283232//862985825, -131868687579//862985825, -162387265782//862985825, -1001363076947//4314929125, -41523188333//172597165, -778367764371//4314929125, -15482796854//4314929125, 102219674768//862985825, 584252456041//4314929125, 438962825136//4314929125, -78533222603//862985825, -1499427998168//4314929125, -230803807277//862985825, 96763789903//862985825, -1094922223//66383525, -54772934267//862985825, 306989400339//4314929125, -79455188659//862985825, 245271479252//4314929125, -185711826672//4314929125, 4666676666//172597165, 4738025438//4314929125, -3822372037//4314929125, 5674467861//862985825, -117165018654//4314929125, -1952295133//862985825, -1386596678//862985825, 2785149089//862985825, -3396826413//862985825, 13293085569//4314929125, -2203942478//862985825, 5154711792//4314929125, -2184949157//4314929125, 14214831//862985825, 2277444378//4314929125, -143020339//331917625, 349784286//862985825, -2840298429//4314929125]
9; 7; 9; 6; 5; 1; 1; 10; 1; 1; [91292//195375, 6710291//2539875, 12381982//2539875, 22015243//2539875, 12518148//846625, 48272554//2539875, 1296047//65125, 3676597//169325, 52354012//2539875, 4965598//507975, 1448661//169325, 3150818//507975, -1394892//169325, -3339169//65125, -108985677//846625, -514348672//2539875, -283315856//846625, -1139105524//2539875, -1124879419//2539875, -897506543//2539875, -57766428//169325, -117453384//846625, 96427633//507975, -13188589//169325, -654302//507975, 8001278//169325, -57037046//846625, 143742707//2539875, -48984007//846625, 13548852//846625, -29818794//846625, -44577322//2539875, -27625699//2539875, -12228326//507975, 6629464//2539875, 207939//169325, 249284//169325, -1387643//507975, 38199//13025, -2138326//846625, 4114757//2539875, -954792//846625, 79966//2539875, -682567//2539875, -1833862//2539875, 20762//195375, -66928//101595, 384209//2539875]
9; 7; 9; 6; 4; 1; 1; 6; 1; 1; [92981//63375, 142354//63375, 98784//21125, 22032//21125, 38146//63375, 233687//63375, -619382//63375, 98717//63375, -30246//1625, -83854//4225, -109823//4225, -3254//325, -170117//4225, -2539301//63375, -2851084//63375, -10412957//63375, 3218204//63375, 46883//4875, 15729073//63375, 22753142//63375, -3596872//63375, 16657988//21125, 2319141//4225, 2308681//12675, -7270396//12675, 8688289//12675, -39343543//63375, 9634771//21125, -5966807//21125, 7422382//63375, 1813//1625, -1191087//21125, 2313547//21125, -1952872//21125, 2240174//21125, -257398//12675, 29278//975, -378259//12675, 100692//4225, -76841//4875, 499628//63375, -125396//63375, -42491//21125, 82834//21125, -84797//21125, 246331//63375, -53922//21125, 130727//63375]
9; 7; 9; 6; 12; 1; 1; 7; 1; 1; [-117311//21125, -13733//4225, -217688//21125, -15741//1625, 2312//21125, -309456//21125, -109489//21125, 680653//21125, -39543//21125, 287678//4225, 17571//4225, 98989//4225, 473496//4225, 2728146//21125, 349657//4225, 7091393//21125, 2106753//21125, -6394807//21125, 4310296//21125, -11353481//21125, -19014943//21125, -9727202//21125, -806014//325, 7208076//4225, -3884601//4225, 1222176//4225, 3101123//21125, -115854//325, 9131034//21125, -591207//1625, 5370959//21125, -3125062//21125, 797642//21125, -750089//21125, -1356926//21125, -233973//4225, 99264//4225, -1354//4225, -55236//4225, 391783//21125, -15052//845, 303114//21125, -190191//21125, 87939//21125, -14162//21125, -39198//21125, 34976//21125, -62121//21125]
9; 7; 9; 6; 7; 1; 1; 10; 1; 1; [-1680704//2201225, -16376608//11006125, -2369657//2201225, -3823552//2201225, -6698636//2201225, -34693747//11006125, -37596749//11006125, -67865813//11006125, -1743481//846625, 1049192//169325, 6015522//2201225, -2721579//440245, -18416946//2201225, 34534143//2201225, 447614928//11006125, 98670092//2201225, 181464484//2201225, 137345774//2201225, -245299053//11006125, -118287511//11006125, 755020073//11006125, -15762822//11006125, -237150829//2201225, 119064177//2201225, -1082249//88049, -33196806//2201225, 61736591//2201225, -302403091//11006125, 58908936//2201225, -29690552//2201225, 27120211//2201225, -45659374//11006125, -18067793//11006125, 5540378//846625, -45561826//11006125, -2710626//2201225, -544892//2201225, 466191//440245, -2940429//2201225, 2719603//2201225, -9752791//11006125, 1329516//2201225, -392241//2201225, 30479//440245, 1139436//11006125, -2067003//11006125, 2589384//11006125, -1559786//11006125]
9; 7; 9; 6; 9; 1; 1; 7; 1; 1; [28511//21125, 1666//21125, -703//1625, 12858//21125, -18794//21125, -12611//4225, 8392//21125, -6804//4225, -293088//21125, -21024//4225, 6504//845, -55914//4225, -66856//4225, -827751//21125, 324424//21125, -127601//21125, -263048//21125, 1159089//21125, 227361//4225, 2248//21125, 140433//845, 7359423//21125, -379839//4225, -159639//845, 1324936//4225, -105927//325, 5622522//21125, -294951//1625, 2037972//21125, -607154//21125, -309953//21125, 179833//4225, -963271//21125, 200193//4225, -20997//1625, 53049//4225, -12598//845, 56409//4225, -41649//4225, 123372//21125, -50798//21125, -1428//21125, 31261//21125, -41848//21125, 8403//4225, -31961//21125, 4686//4225, -3441//21125]
9; 7; 9; 6; 12; 1; 1; 12; 1; 1; [234457993//1727961625, -3005838522//1727961625, -5300373571//1727961625, -7936043171//1727961625, -13768307284//1727961625, -3247028778//345592325, -29337293132//1727961625, -24917798803//1727961625, -15004139799//1727961625, -580678856//26584025, -2934198429//345592325, 404819691//69118465, 316473134//69118465, 15454680407//1727961625, 133652337842//1727961625, 235484058846//1727961625, 331000494406//1727961625, 385718032729//1727961625, 18501623431//69118465, 806244958852//1727961625, 330426995508//1727961625, 144909557729//1727961625, 94734126727//345592325, -47076399979//345592325, 1978487493//69118465, 2751570922//69118465, -9425005113//132920125, 136970164821//1727961625, -99074177382//1727961625, 90960641378//1727961625, -1845229041//132920125, 6857492481//345592325, 42176580351//1727961625, -543354596//1727961625, 24825390347//1727961625, 1049756158//345592325, 252462324//345592325, -38588261//13823693, 47666751//13823693, -5423049009//1727961625, 4186686791//1727961625, -2281888552//1727961625, 1356872488//1727961625, 284388672//1727961625, -33050933//345592325, 1492347696//1727961625, -503327416//1727961625, 747055282//1727961625]
9; 7; 9; 6; 9; 1; 1; 12; 1; 1; [2092360508//1727961625, -393105322//69118465, -7012203866//1727961625, -9060077604//1727961625, -26626832248//1727961625, -20596960953//1727961625, 16141020826//1727961625, 14484741758//1727961625, 7934431493//1727961625, 13941072536//345592325, 186533433//5316805, -6531511947//345592325, 11145253357//345592325, 38554848602//1727961625, 16640345314//69118465, 141396811696//1727961625, 344302897199//1727961625, 636083367843//1727961625, -246276313402//1727961625, -1208707121516//1727961625, -595457622363//1727961625, -922741341018//1727961625, -490232727184//345592325, -8647182032//69118465, 345382388303//345592325, -452792602078//345592325, 2136892721021//1727961625, -64877854428//69118465, 1038855668958//1727961625, -461414048373//1727961625, 89915174904//1727961625, 181284474944//1727961625, -356690342898//1727961625, 279432175306//1727961625, -290809319494//1727961625, 859114948//26584025, -3857202192//69118465, 20239062682//345592325, -16821664047//345592325, 4446092797//132920125, -1231013864//69118465, 9689034728//1727961625, 5121083782//1727961625, -11696586571//1727961625, 13939466094//1727961625, -13518999123//1727961625, 8567313776//1727961625, -6106669009//1727961625]
9; 7; 9; 6; 2; 1; 1; 9; 1; 1; [75074//63375, 44557//63375, 18214//12675, 354997//63375, -14472//4225, 76797//21125, -11863//21125, -22677//4225, -111882//21125, -12916//845, -106409//4225, 221666//12675, -46339//975, -3504139//63375, 1055203//63375, -74209//845, -5394442//63375, 1663462//12675, -916997//21125, 18820679//63375, 2053669//12675, 2399897//21125, 120565//169, 3788933//12675, -10513154//12675, 12337478//12675, -55223582//63375, 40405379//63375, -1611141//4225, 3146418//21125, 170609//12675, -6407603//63375, 9276677//63375, -1510604//12675, 167667//1625, -75958//2535, 181264//4225, -40987//975, 140574//4225, -1379122//63375, 226908//21125, -29426//12675, -202216//63375, 24229//4225, -381083//63375, 111214//21125, -8444//2535, 126253//63375]
9; 7; 9; 6; 4; 1; 1; 4; 1; 1; [-20964840277//25494119625, 3234253253//25494119625, -12476761276//8498039875, -11083603769//8498039875, 69934764404//25494119625, 24713858099//25494119625, 742385786//25494119625, 153558404672//25494119625, 1868024473//653695375, -28980157874//5098823925, -1720137244//1699607975, 2796150823//203952957, -91354109//130739075, 76111584452//25494119625, -439572022693//25494119625, 1254792385268//25494119625, -383785632143//25494119625, -229808186488//1961086125, -544095350834//25494119625, -493846475522//8498039875, -2008541503029//8498039875, -2564971672622//25494119625, 1189062074506//5098823925, 394298340968//5098823925, -82296998113//339921595, 1484690757704//5098823925, -6684879416134//25494119625, 4931435115986//25494119625, -972094061812//8498039875, 1224921033881//25494119625, -43090557674//8498039875, -754487223952//25494119625, 940082160832//25494119625, -95696947832//1961086125, 643641354274//25494119625, -43817262191//5098823925, 64908723292//5098823925, -330293318//26147815, 17193797607//1699607975, -169949358074//25494119625, 85301154526//25494119625, -18852717076//25494119625, -7494516703//8498039875, 39702396688//25494119625, -46117751302//25494119625, 12473618854//8498039875, -32214991396//25494119625, 12824996989//25494119625]
9; 7; 9; 6; 3; 1; 1; 5; 1; 1; [32258152//9949875, 22654123//9949875, 12990014//9949875, 61023779//9949875, 3168524//3316625, 44296532//9949875, 21603938//9949875, -11358058//3316625, 521051//153075, -17334666//663325, -5746007//663325, 499328//153075, -21185522//663325, -1088225477//9949875, -456801383//9949875, -806043409//9949875, -1278953729//9949875, 72799721//765375, -723984857//9949875, 1945459492//9949875, 1223985064//9949875, 12307623//663325, 452973349//663325, -759517121//1989975, 86856868//663325, 77255614//1989975, -1359892616//9949875, 1561631281//9949875, -488946119//3316625, 334659181//3316625, -45943912//765375, 78990698//3316625, 86124451//9949875, -32837981//3316625, 44539223//1989975, 20105123//1989975, -46316//51025, -3071363//663325, 4584687//663325, -5367352//765375, 54860111//9949875, -37226762//9949875, 17423098//9949875, -3619106//9949875, -1747422//3316625, 10632001//9949875, -8694728//9949875, 1687274//1989975]
9; 7; 9; 6; 6; 1; 1; 9; 1; 1; [652//1625, -193//1625, -83//1625, 247//125, 296//375, 16843//4875, 34453//4875, 4757//975, 10843//1625, 398//65, 2204//325, 4988//975, 4399//975, 298//375, 43919//4875, -65771//4875, -218338//4875, -189223//4875, -528388//4875, -717203//4875, -16476//325, -168603//1625, 242//65, -60668//975, 82708//975, -78626//975, 102169//1625, -193378//4875, 29899//1625, -24794//4875, -41759//4875, 30661//4875, -88874//4875, 2341//325, -18129//1625, 697//195, -3712//975, 1044//325, -723//325, 153//125, -1913//4875, -818//4875, 667//1625, -2749//4875, 1861//4875, -178//375, 32//195, -847//4875]
9; 7; 9; 6; 10; 1; 1; 9; 1; 1; [-26644//4225, -129476//21125, -6529//4225, -356713//21125, 48//21125, -226992//21125, -130314//21125, 855696//21125, -48271//4225, 10858//325, 344826//4225, -124926//4225, 68191//845, 949746//4225, 2464196//21125, 574957//4225, 5887858//21125, -8428203//21125, 586074//1625, -11861446//21125, -30087141//21125, 1272228//4225, -7274996//4225, -802434//4225, 5355534//4225, -1386822//845, 6554114//4225, -24795922//21125, 628791//845, -6858926//21125, 434211//21125, 3353406//21125, -5176598//21125, 3315062//21125, -139868//845, 175401//4225, -296536//4225, 309186//4225, -10227//169, 35138//845, -465632//21125, 28494//4225, 82749//21125, -196119//21125, 223026//21125, -200258//21125, 111872//21125, -14939//4225]
9; 7; 9; 6; 4; 1; 1; 3; 1; 1; [-920760579032//2125746562875, 904421248454//2125746562875, -998174260979//2125746562875, -4190922647398//2125746562875, -204411590158//2125746562875, 2888738506961//2125746562875, -51575218304//708582187625, 3518520252022//2125746562875, 4936938149129//2125746562875, -811423642304//425149312575, 300843348142//141716437525, 3924653201182//425149312575, 1483156889099//141716437525, 8376958349557//2125746562875, -42603344078744//2125746562875, 56576864447869//2125746562875, 19383750428806//708582187625, -22617289422202//2125746562875, -95159573203051//2125746562875, -4988607821048//2125746562875, -5925877250268//54506322125, -182450779862804//2125746562875, 5393290973077//32703793275, -9568168226159//425149312575, -27250093562108//425149312575, 43765425418597//425149312575, -221638792975894//2125746562875, 179053321281953//2125746562875, -119152600494028//2125746562875, 66104566687604//2125746562875, -18238302303746//2125746562875, -17327419484053//2125746562875, 27794445984961//2125746562875, -13905582029627//708582187625, 6244798160606//708582187625, -674106402361//425149312575, 1761452587214//425149312575, -2043936303587//425149312575, 605542269756//141716437525, -6601407469184//2125746562875, 1284068896771//708582187625, -499785981196//708582187625, -21636245857//708582187625, 1038274963439//2125746562875, -1479362300003//2125746562875, 439234179147//708582187625, -1216364830606//2125746562875, 12500300732//54506322125]
9; 7; 9; 6; 12; 1; 1; 6; 1; 1; [-1777//4225, 93242//21125, -81401//21125, -1986//1625, -39422//21125, -171739//21125, -21922//4225, -598791//21125, -358686//21125, -52928//4225, -76377//4225, -7327//325, 132923//4225, 68739//4225, -1514412//21125, 3960036//21125, 331973//21125, 5345877//21125, 1719799//21125, 19922//325, 12877296//21125, 4844706//21125, -34553//4225, 166683//4225, -221271//4225, 207693//4225, -150182//4225, 407219//21125, -34582//21125, 35099//21125, 338656//21125, -67253//21125, 8159//845, 467158//21125, 297108//21125, -9357//4225, 734//325, -7979//4225, 5472//4225, -2776//4225, 2774//21125, 5978//21125, -5671//21125, 11306//21125, -4403//21125, 1067//4225, 8578//21125, 5073//21125]
9; 7; 9; 6; 3; 1; 1; 2; 1; 1; [80745089713//12944787375, 57574929026//4314929125, 378472166344//12944787375, 216256977291//4314929125, 327291910742//4314929125, 272924156962//2588957475, 578381966919//4314929125, 2122973591776//12944787375, 13396097038//76596375, 447081077056//2588957475, 144893306431//862985825, 8264405459//66383525, 238154498357//2588957475, -754280862086//4314929125, -1777118072316//4314929125, -11840069745479//12944787375, -6090604968641//4314929125, -1878699937522//995752875, -5881314932966//2588957475, -31643453014237//12944787375, -31463838498916//12944787375, -6924384787514//4314929125, -2080148884214//2588957475, -156684570824//862985825, 1912545688681//2588957475, -777759443241//862985825, 3539335225967//4314929125, -2760790243748//4314929125, 4373453913538//12944787375, -986285692503//4314929125, -25836641387//331917625, -3117964327//172597165, -3015352618286//12944787375, 122835003352//12944787375, -2172516198896//12944787375, 21890966593//862985825, -7784533106//199150575, 34341398678//862985825, -27703627619//862985825, 7093229709//331917625, -49481196948//4314929125, 27377932588//12944787375, 5331899617//4314929125, -86451006478//12944787375, 9455968003//2588957475, -89324064536//12944787375, 17195194502//12944787375, -42801889666//12944787375]
9; 7; 9; 6; 9; 1; 1; 6; 1; 1; [10373//21125, -130708//21125, -2726//845, -13044//21125, -31964//4225, -167501//21125, 7624//1625, 82272//21125, 111619//21125, 147276//4225, 129906//4225, 59//325, 198624//4225, 317292//21125, 4366408//21125, 193746//4225, 1208994//21125, 108058//845, -2668234//21125, -6846902//21125, -2182812//21125, -15467124//21125, -6385644//4225, -169284//4225, 3954577//4225, -5365866//4225, 25750156//21125, -19837436//21125, 2569186//4225, -6040098//21125, 225838//4225, 2024498//21125, -3865486//21125, 3579084//21125, -3729632//21125, 122484//4225, -17412//325, 242578//4225, -204264//4225, 711536//21125, -387721//21125, 25984//4225, 49572//21125, -27974//4225, 166448//21125, -156941//21125, 109404//21125, -79567//21125]
9; 7; 9; 6; 5; 1; 1; 9; 1; 1; [1303//975, 2166//1625, 13279//4875, 18602//4875, 1072//125, 19417//1625, 12988//975, 81001//4875, 78328//4875, 19228//975, 2226//325, 6667//975, 14548//975, -10898//325, -150698//4875, -476119//4875, -477547//4875, -1124743//4875, -486462//1625, -242038//975, -873181//4875, 18502//4875, -197822//975, 46166//325, -75703//975, 8556//325, 1604//195, -145234//4875, 47501//1625, -168511//4875, 19042//1625, -43531//1625, -5684//975, -38863//4875, -15694//4875, -1506//325, 664//325, -112//975, -326//325, 1412//975, -2408//1625, 1746//1625, -4106//4875, 881//4875, -551//1625, -103//325, 64//1625, -994//4875]
9; 7; 9; 6; 3; 1; 1; 10; 1; 1; [4576671//11006125, 151365098//33018375, 170652886//33018375, 195642916//33018375, 51449848//6603675, 74353644//11006125, 387189326//33018375, 144960311//33018375, -16119382//2539875, -21018658//1320735, 713819//440245, -2789568//169325, -120173732//2201225, -1471138883//33018375, -5090829478//33018375, -5433895921//33018375, -8401019971//33018375, -4237438//33865, 237042883//33018375, -6307333046//33018375, -1005823606//33018375, 4951936872//11006125, 1033836983//1320735, -323759713//1320735, -766846552//6603675, 1979160004//6603675, -11671990549//33018375, 10047483211//33018375, -7741255673//33018375, 4030513417//33018375, -29908837//507975, -118278866//33018375, 912315997//33018375, -543527936//11006125, 2171923628//33018375, 619051//1320735, 372592//33865, -102548413//6603675, 33132117//2201225, -30320873//2539875, 83434027//11006125, -129148558//33018375, 17366347//33018375, 2317831//2201225, -22369002//11006125, 65561332//33018375, -20018316//11006125, 17818711//11006125]
9; 7; 9; 6; 7; 1; 1; 9; 1; 1; [5377//1625, 84854//21125, 16932//4225, 2572//4225, -12608//1625, -281776//21125, -210688//21125, -92213//21125, -223819//21125, -69318//4225, -26844//845, -133934//4225, 12446//845, -1256731//21125, -1225314//21125, -484538//4225, -19492//4225, 6997349//21125, 11907211//21125, 861226//1625, 4669843//21125, -3302996//21125, -2449533//4225, -94373//845, 2059566//4225, -517472//845, 11881037//21125, -9067817//21125, 1087743//4225, -37772//325, 489077//21125, 1724468//21125, -1233621//21125, 1934384//21125, -1524288//21125, 69913//4225, -22368//845, 113979//4225, -3723//169, 312517//21125, -164942//21125, 1712//845, 6589//4225, -65818//21125, 6956//1625, -59881//21125, 53564//21125, -31138//21125]
9; 7; 9; 6; 2; 1; 1; 7; 1; 1; [-17371//63375, -14834//63375, 27754//12675, -141179//63375, 170402//63375, -55447//21125, 490604//63375, -562528//63375, 62429//12675, -4496//507, 5217//4225, 6169//12675, -279499//12675, 2004071//63375, -26584//1625, -247489//12675, 266268//21125, -440642//63375, 6110801//63375, -1108088//4875, 6058696//21125, -3419374//12675, 1235543//2535, -5296969//12675, 3746629//12675, -2124619//12675, 3837368//63375, 298829//21125, -707657//12675, 4310782//63375, -1305927//21125, 245576//4875, -809099//21125, 529353//21125, -160532//12675, 39779//2535, -124466//12675, 18947//4225, -2222//4225, -118802//63375, 61559//21125, -37612//12675, 50634//21125, -33737//21125, 19016//21125, -25537//63375, 3754//63375, 626//4225]
9; 7; 9; 6; 12; 1; 1; 4; 1; 1; [188952347533//110474518375, 23846458827//22094903675, 43835667754//22094903675, 6916324276//2084424875, 341671289612//110474518375, 838247578917//110474518375, -177329190251//110474518375, 17527129963//22094903675, 150369720102//22094903675, -10493851924//883796147, -188472028632//22094903675, -228001807052//22094903675, -110650197037//4418980735, -7593425212673//110474518375, -1493614099519//22094903675, -2359473242873//22094903675, -7426285657603//110474518375, -9900202699657//110474518375, -24545279924907//110474518375, 15645040664001//110474518375, -613371634874//22094903675, -380568535868//22094903675, 1256364046921//4418980735, -486182599289//1699607975, 5076098240128//22094903675, -136157686052//883796147, 8284464228296//110474518375, -495442222023//22094903675, -516569403201//22094903675, 3741998096101//110474518375, -4907813463041//110474518375, 2694315474074//110474518375, -1973993340217//110474518375, 54623218056//4418980735, -9429282404//1699607975, 51137369968//4418980735, -184626072908//22094903675, 106660513027//22094903675, -8267513502//4418980735, -33770905664//110474518375, 30011068631//22094903675, -42175982338//22094903675, 180890194811//110474518375, -151171390936//110474518375, 67914336644//110474518375, -26886976812//110474518375, 298967232//22094903675, 640745777//4418980735]
9; 7; 9; 6; 9; 1; 1; 4; 1; 1; [53330849069//110474518375, -311102749181//110474518375, -78760842309//110474518375, 127788794052//110474518375, -158126092178//110474518375, 58243406771//22094903675, 1296745290302//110474518375, 2141902726//339921595, 266990858//883796147, 442050655754//22094903675, 402749192241//22094903675, -257957318082//22094903675, 316402187799//22094903675, 833233196726//110474518375, 9601830313791//110474518375, -6193815619426//110474518375, -6696105253557//110474518375, -247321853507//110474518375, -1156564096322//4418980735, -46245978325112//110474518375, -1043946278929//22094903675, -2366704544779//22094903675, -15024433601356//22094903675, -2126717144404//22094903675, 11695038603128//22094903675, -14952516538681//22094903675, 69684074662643//110474518375, -52561111451742//110474518375, 32670072860487//110474518375, -15161366739371//110474518375, 1431496119764//110474518375, 1064105073638//22094903675, -12115455514776//110474518375, 1957764127606//22094903675, -1720476170819//22094903675, 388924784746//22094903675, -641524668206//22094903675, 663065489872//22094903675, -545573914959//22094903675, 1854529257133//110474518375, -974272750857//110474518375, 278837372702//110474518375, 171322055054//110474518375, -410375318201//110474518375, 88106843446//22094903675, -445633741666//110474518375, 4427216818//1699607975, -35803217796//22094903675]
9; 7; 9; 6; 6; 1; 1; 7; 1; 1; [2453//1625, 6049//4875, 16279//4875, 6622//975, 2494//325, 43513//4875, 61313//4875, 22751//1625, 397//39, 548//39, 8356//325, 1061//195, 5039//975, -9328//375, -154699//4875, -11026//125, -108904//975, -24524//195, -658378//4875, -202861//1625, -343273//4875, 5419//65, 9538//195, -175612//975, 3349//15, -198271//975, 737648//4875, -459842//4875, 176083//4875, -6518//975, -26089//975, 38952//1625, -171224//4875, 32677//1625, -2227//195, 1889//195, -3166//325, 514//65, -1713//325, 13138//4875, -1179//1625, -1114//1625, 1126//975, -1448//975, 1732//1625, -1533//1625, 2006//4875, -19//195]
9; 7; 9; 6; 10; 1; 1; 7; 1; 1; [-46796//21125, -7432//21125, -83227//21125, -18949//4225, 8512//21125, -196026//21125, 105134//21125, 128312//21125, -83176//21125, 138174//4225, -10038//4225, 1082//845, 208136//4225, 1000431//21125, 250452//21125, 3081987//21125, 81801//4225, -925142//21125, 3679691//21125, -8343134//21125, -3200852//21125, -2709344//21125, -4633911//4225, 2390877//4225, -123394//845, -524424//4225, 5534003//21125, -6039799//21125, 5332576//21125, -731811//4225, 12046//125, -574877//21125, -557197//21125, 533889//21125, -958812//21125, -57249//4225, -6152//4225, 1673//169, -4167//325, 255763//21125, -195004//21125, 124966//21125, -2228//845, 5799//21125, 26573//21125, -43392//21125, 33884//21125, -2459//1625]
9; 7; 9; 6; 12; 1; 1; 3; 1; 1; [-1328306784234//9211568439125, -6013064265108//9211568439125, -19197000670454//9211568439125, -31042227413286//9211568439125, -46043232220086//9211568439125, -11781735759087//1842313687825, -111992226962869//9211568439125, -83886236636118//9211568439125, -83757360778241//9211568439125, -27528439597114//1842313687825, -1138957122//134918615, -5934821378554//1842313687825, -10002709868651//1842313687825, 70992136759574//9211568439125, 194321154293278//9211568439125, 892180387875809//9211568439125, 1471388419681241//9211568439125, 1520652077676231//9211568439125, 469344971042706//1842313687825, 4209851490865639//9211568439125, 2080919287835738//9211568439125, 2028989206868606//9211568439125, 709891009258196//1842313687825, -11483827265572//73692547513, -16603196830004//1842313687825, 188472736608629//1842313687825, -1257552771076013//9211568439125, 1206283390240684//9211568439125, -885813494773888//9211568439125, 50310318195411//708582187625, -206660969210417//9211568439125, 5876092328146//368462737565, 294621007497672//9211568439125, -73045180447686//9211568439125, 263472257290668//9211568439125, 4119062527714//1842313687825, 1192230139838//368462737565, -10684555484776//1842313687825, 11311930689171//1842313687825, -47319281570023//9211568439125, 32913121063259//9211568439125, -17075083670828//9211568439125, 6944298892888//9211568439125, 3782187468973//9211568439125, -946870432438//1842313687825, 11490858980927//9211568439125, -5236932257386//9211568439125, 6869287775793//9211568439125]
9; 7; 9; 6; 2; 1; 1; 12; 1; 1; [898649//398760375, 3410460//13823693, 973843328//5183884875, 301846022//1727961625, 8014418//5183884875, -1087104047//5183884875, 56733533//345592325, -1725468104//1727961625, -247438157//1036776975, 9087854//207355395, -65593576//345592325, -517157012//345592325, 335893738//345592325, -15057562747//5183884875, -1830464914//345592325, -6737817936//1727961625, -14132549161//5183884875, 7656068649//1727961625, 33428933139//1727961625, 9545374511//1036776975, 114370193072//5183884875, 3743854963//1036776975, -3415927747//207355395, 6043080527//1036776975, 1467741934//1036776975, -430646977//79752075, 11311547873//1727961625, -6559593737//1036776975, 7559526157//1727961625, -4998321241//1727961625, 2405711507//1727961625, 4323527246//5183884875, -74874169//345592325, 9859710131//5183884875, -743529793//1036776975, -10290502//207355395, -195650042//1036776975, 299298151//1036776975, -100649343//345592325, 403685543//1727961625, -167857433//1036776975, 401764166//5183884875, -118719563//5183884875, -76080424//5183884875, 280087966//5183884875, -34596997//1036776975, 280878946//5183884875, -4534822//207355395]
9; 7; 9; 6; 9; 1; 1; 3; 1; 1; [9064881113008//9211568439125, -9375311434053//9211568439125, -1700828189887//1842313687825, 1637681348209//9211568439125, -30632282223392//9211568439125, -60938695688787//9211568439125, -49048035043652//9211568439125, -83236444807783//9211568439125, -170204238129509//9211568439125, -18366536167272//1842313687825, 272559407646//73692547513, -30200181550856//1842313687825, -1505333655438//141716437525, -233984091495038//9211568439125, 377455215160913//9211568439125, 1285798365351//141716437525, 173695343462571//9211568439125, 1625051741811432//9211568439125, 1826508445950672//9211568439125, 1497922203452422//9211568439125, 3499491590696858//9211568439125, 3660882045534959//9211568439125, -122525550605742//1842313687825, -13667330123690//73692547513, 542919460329544//1842313687825, -556065834725084//1842313687825, 2253367140597106//9211568439125, -1506284875884316//9211568439125, 159767617295217//1842313687825, -208557651080617//9211568439125, -6794819605098//708582187625, 432750221570756//9211568439125, -322724927040764//9211568439125, 496301612173189//9211568439125, -74910665323803//9211568439125, 21971263882772//1842313687825, -1023399048816//73692547513, 1742065729822//141716437525, -16555237709256//1842313687825, 48490434516626//9211568439125, -19088966367221//9211568439125, -52793247758//368462737565, 13347472152653//9211568439125, -1237147241138//708582187625, 18092643371846//9211568439125, -11467385902819//9211568439125, 849669441208//708582187625, -620830136783//9211568439125]
9; 7; 9; 6; 6; 1; 1; 12; 1; 1; [209552692//398760375, 300040292//132920125, 219257023//30673875, 5084818082//398760375, 6979253776//398760375, 122105//6123, 8179673551//398760375, 5561486713//398760375, 4208840734//398760375, 469678518//26584025, 82757749//5316805, 206056677//26584025, -82360567//79752075, -465656623//10224625, -53007573296//398760375, -40402626308//132920125, -153473838992//398760375, -165412004161//398760375, -1874387811//5316805, -73478116331//398760375, 1171356374//30673875, 17229644246//398760375, -5775355967//26584025, -19459367//5316805, 816025337//6134775, -4818048494//26584025, 68517763934//398760375, -56473071253//398760375, 29124961958//398760375, -23497681016//398760375, -4692250118//398760375, -5253155//3190083, -12886766563//398760375, 10587197146//398760375, -2465250414//132920125, 108872287//26584025, -121392416//15950415, 217867463//26584025, -183808956//26584025, 1906110034//398760375, -368550606//132920125, 249026888//398760375, -1265427//132920125, -522689828//398760375, 4448319//5316805, -470331833//398760375, 313234556//398760375, -165033247//398760375]
9; 7; 9; 6; 10; 1; 1; 12; 1; 1; [-608807904//1727961625, -546544693//345592325, -3746187526//1727961625, -5657423633//1727961625, -7641200312//1727961625, -9030694048//1727961625, -13767087656//1727961625, -12949990923//1727961625, -4486146172//1727961625, -255676396//69118465, -226707321//69118465, 1180164008//345592325, 3814258118//345592325, 42274119384//1727961625, 21517717841//345592325, 11164273422//132920125, 216797638423//1727961625, 180246540512//1727961625, 175839520578//1727961625, 320144157896//1727961625, 238459033398//1727961625, -59642401778//1727961625, -5150987464//69118465, -391393908//69118465, 17614080608//345592325, -23040377832//345592325, 111665196762//1727961625, -15943514598//345592325, 59997329218//1727961625, -15034278821//1727961625, 11576303221//1727961625, 17693225939//1727961625, -924339212//1727961625, 26549279759//1727961625, -15522374574//1727961625, 112105182//69118465, -39474056//13823693, 1040204452//345592325, -863425158//345592325, 3020090922//1727961625, -304828399//345592325, 629368828//1727961625, 423945389//1727961625, -469768244//1727961625, 875959569//1727961625, -28352724//132920125, 672440024//1727961625, -326335364//1727961625]
9; 7; 9; 6; 5; 1; 1; 7; 1; 1; [-238//1625, -26//25, -7409//4875, -2536//4875, -2//4875, 18331//4875, 32444//4875, 3061//325, 10694//975, 10016//975, 1387//325, 3574//325, 18059//975, 63599//4875, 1928//39, 160694//4875, -46979//4875, -333563//4875, -904741//4875, -1141054//4875, -233786//975, -54284//325, -123349//975, 35891//975, 588//25, -51001//975, 296522//4875, -49057//975, 191582//4875, -108577//4875, 25301//4875, -11711//1625, -83287//4875, -844//325, -2978//195, 109//975, -642//325, 2623//975, -828//325, 9772//4875, -1199//975, 3082//4875, -517//4875, -1334//4875, 319//1625, -2762//4875, 94//975, -113//325]
9; 7; 9; 6; 4; 1; 1; 5; 1; 1; [11638871//9949875, -5940017//9949875, -4422762//3316625, -4415599//3316625, 2918092//9949875, -1320413//1989975, 1238324//1989975, 12627566//9949875, -452281//765375, 11796254//1989975, 2234377//663325, -7999//10205, -2484616//397995, -124184492//3316625, 225367697//9949875, 65083156//9949875, 81241079//3316625, 3810217//255125, 6281066//79599, -12300578//663325, 150211504//9949875, -189710857//9949875, -366497836//1989975, -18192158//663325, 57812681//397995, -24607454//132665, 1695608827//9949875, -1291311484//9949875, 810991208//9949875, -117396353//3316625, 3119413//765375, 39929231//1989975, -17016084//663325, 253402792//9949875, -206757311//9949875, 3212427//663325, -405484//51025, 1087764//132665, -894834//132665, 3474839//765375, -23866559//9949875, 6958748//9949875, 1540057//3316625, -9991201//9949875, 2424167//1989975, -2027927//1989975, 2434124//3316625, -4301351//9949875]
9; 7; 9; 6; 7; 1; 1; 7; 1; 1; [190//169, 45207//21125, 48829//21125, 31923//21125, -49052//21125, -173073//21125, -250422//21125, -309232//21125, -501374//21125, -95058//4225, -96162//4225, -29922//845, -24133//845, -216757//4225, -1434587//21125, -1679369//21125, -773973//21125, 3020812//21125, 6762083//21125, 560784//1625, 8310872//21125, 8516464//21125, 63867//4225, -587537//4225, 152254//845, -146092//845, 548218//4225, -1824111//21125, 56906//1625, -143509//21125, -186774//21125, 817569//21125, -189529//21125, 799971//21125, 102032//21125, 32573//4225, -34428//4225, 1139//169, -3954//845, 10442//4225, -17711//21125, -9462//21125, 20026//21125, -21409//21125, 26989//21125, -9209//21125, 16176//21125, 3697//21125]
9; 7; 9; 6; 2; 1; 1; 6; 1; 1; [-133684//21125, -1198402//63375, -852568//63375, -393287//63375, -620588//63375, -1224053//63375, 128528//21125, 1036796//12675, 5679157//63375, 905272//12675, 278968//4225, 2415871//12675, 1299638//12675, 9306032//63375, 33395422//63375, 7585701//21125, -5819758//63375, -14083049//21125, -13469962//63375, -11493278//21125, -31604542//12675, -73430624//21125, -23892398//12675, 16915634//12675, -9366439//12675, 3380798//12675, 4931371//63375, -4792238//21125, 6806468//21125, -5961758//21125, 11234069//63375, -2860547//21125, 1845928//63375, -483438//4225, -11837396//63375, -558842//12675, 254516//12675, -8152//4225, -36516//4225, 851171//63375, -817919//63375, 702074//63375, -458749//63375, 65343//21125, -23107//21125, -84067//63375, -1724//4225, -102617//21125]
9; 7; 9; 6; 3; 1; 1; 9; 1; 1; [396439//63375, 33331//4225, -35974//12675, 1129516//63375, 42248//63375, 470867//63375, 832343//63375, -4026416//63375, 181124//4875, -589804//12675, -100624//845, 14474//195, -52603//507, -5035013//21125, -814131//4225, 9389//507, -19738096//63375, 761903//1625, -30626737//63375, 10387889//21125, 131751506//63375, -29246644//21125, 36117761//12675, 447077//845, -2021886//845, 2537766//845, -176503487//63375, 8815847//4225, -16350037//12675, 35282192//63375, -96388//4875, -6265577//21125, 9009597//21125, -19398257//63375, 16280984//63375, -342702//4225, 648//5, -335837//2535, 91388//845, -356539//4875, 160482//4225, -132634//12675, -167001//21125, 1081486//63375, -1207651//63375, 1049506//63375, -617932//63375, 342739//63375]
9; 7; 9; 6; 5; 1; 1; 12; 1; 1; [245627918//398760375, 204382614//132920125, 136070722//30673875, 3058195042//398760375, 775941356//79752075, 3852463406//398760375, 2184384766//398760375, 225835046//398760375, -564168879//132920125, -187732634//26584025, 12297317//26584025, -43638058//6134775, -880023061//79752075, -5874391256//132920125, -34494691502//398760375, -68860282901//398760375, -95119534297//398760375, -14956956269//79752075, -11487523772//132920125, 14819253818//132920125, 111900869794//398760375, 106242003212//398760375, 5568799376//26584025, -2688295718//26584025, 476523002//26584025, 876343908//26584025, -7834661873//132920125, 22133125154//398760375, -22751471078//398760375, 9115680359//398760375, -2117174266//79752075, 601799717//398760375, 1062481614//132920125, 726288424//132920125, 625334792//30673875, 58029209//26584025, 4395308//6134775, -180940046//79752075, 71999307//26584025, -330656553//132920125, 231373863//132920125, -493658078//398760375, 33548378//132920125, -2540153//15950415, -45303931//132920125, 184855622//398760375, -46288588//398760375, 67264177//132920125]
9; 7; 9; 6; 6; 1; 1; 6; 1; 1; [1486//4875, -727//1625, 1532//4875, 7//39, 1174//375, 10819//975, 110614//4875, 5308//195, 44814//1625, 1060//39, 9553//325, 30337//975, 228//5, 105629//4875, 56891//4875, -97874//1625, -19677//325, -645652//4875, -8239//25, -2958344//4875, -717688//975, -1143119//1625, -84523//195, 30689//975, 206777//975, -59903//195, 1496302//4875, -395839//1625, 19711//125, -81061//975, 59414//4875, 164//25, -110239//1625, 9757//975, -111367//1625, 1151//195, -4138//325, 357//25, -799//65, 42992//4875, -24457//4875, 8774//4875, 296//975, -8191//4875, 328//195, -3784//1625, 718//975, -7031//4875]
9; 7; 9; 6; 7; 1; 1; 12; 1; 1; [4428380338//1727961625, -7431900427//1727961625, -6347916983//1727961625, -3441970994//1727961625, -22680031142//1727961625, -31442484378//1727961625, -3278075756//1727961625, -11141614633//1727961625, -40728445027//1727961625, 2173995846//345592325, 7257433719//345592325, -12322092294//345592325, -50316194//69118465, -71501041528//1727961625, 346531051857//1727961625, 7954064356//132920125, 195890823234//1727961625, 766107904187//1727961625, 402982791088//1727961625, -525314687454//1727961625, 272256499083//1727961625, 411306736317//1727961625, -339869122524//345592325, -127819330636//345592325, 374328535896//345592325, -17790798937//13823693, 1987975875256//1727961625, -1450560575954//1727961625, 879003434409//1727961625, -350499676508//1727961625, 24704052956//1727961625, 18526309668//132920125, -326182128212//1727961625, 301891082589//1727961625, -206716554319//1727961625, 13406978314//345592325, -19504941754//345592325, 19225854784//345592325, -3062070864//69118465, 50100369146//1727961625, -24719295854//1727961625, 5603435534//1727961625, 7056108282//1727961625, -12087658399//1727961625, 13991892554//1727961625, -11947824962//1727961625, 8233792054//1727961625, -4049989039//1727961625]
9; 7; 9; 6; 4; 1; 1; 2; 1; 1; [231053126//4314929125, -2070253043//12944787375, -4477976101//12944787375, -6922852613//12944787375, -18394975496//12944787375, -37298701261//12944787375, -13299460639//4314929125, -21706379557//4314929125, -1317118169//199150575, -9639829742//2588957475, -385953401//172597165, -221100772//66383525, -3843538924//2588957475, -487011211//4314929125, 76574408441//4314929125, 262322182121//12944787375, 408582492428//12944787375, 51537211342//995752875, 438152181047//4314929125, 519688735289//4314929125, 587283909882//4314929125, 462304064324//2588957475, -24482746637//2588957475, -10573220999//172597165, 232848358292//2588957475, -77079469988//862985825, 307571373182//4314929125, -596654864051//12944787375, 316736759828//12944787375, -51159146956//12944787375, -3859982414//995752875, 211565490218//12944787375, -31026925963//4314929125, 72780547206//4314929125, 538233096//862985825, 3201479439//862985825, -165606448//39830115, 3103730541//862985825, -2220156567//862985825, 37553738//25532125, -6844545971//12944787375, -1082344582//12944787375, 2082287368//4314929125, -2278806809//4314929125, 2653165196//4314929125, -1277345868//4314929125, 1563084516//4314929125, 113596004//2588957475]
9; 7; 9; 6; 10; 1; 1; 6; 1; 1; [-22852//4225, -162283//21125, -32619//4225, 27753//21125, -2624//845, -281694//21125, 11426//1625, 40611//1625, 832282//21125, 123178//4225, 9957//845, 323566//4225, 135062//4225, 509676//4225, 5198223//21125, 1078244//4225, -3776368//21125, -961894//4225, -1347746//21125, -7680418//21125, -15257583//21125, -35644837//21125, -2308472//4225, 735954//845, -3734534//4225, 3062772//4225, -406579//845, 5597204//21125, -242273//4225, -1268464//21125, 429491//4225, -2698888//21125, 1932166//21125, -2317309//21125, -687711//21125, -172743//4225, 30624//845, -111346//4225, 65808//4225, -25723//4225, -397//1625, 1444//325, -121249//21125, 21504//4225, -87188//21125, 47786//21125, -38344//21125, -26986//21125]
9; 7; 9; 6; 4; 1; 1; 10; 1; 1; [24576407//33018375, 39729782//33018375, 14390546//33018375, 5123543//11006125, 2655986//6603675, -129123628//33018375, 3385609//6603675, -8626772//33018375, -5090446//2539875, -16355246//1320735, -8772676//2201225, -5126249//507975, -38315923//6603675, -685739567//33018375, -720884392//33018375, 277123094//33018375, -932865914//33018375, 35991832//507975, 6267053753//33018375, 491073913//6603675, 515511379//11006125, 129629811//11006125, 129257593//1320735, -1507018793//6603675, 1704925283//6603675, -1492615823//6603675, 5333432509//33018375, -3133193441//33018375, 397075399//11006125, 41942336//11006125, -4160609//169325, 1456610099//33018375, -13069193//440245, 900489191//33018375, -498639631//33018375, 15185668//1320735, -1864918//169325, 56505157//6603675, -12047654//2201225, 6556163//2539875, -4872477//11006125, -30207638//33018375, 49493858//33018375, -133259//88049, 48121939//33018375, -1796903//2201225, 16715746//33018375, -1372487//11006125]
9; 7; 9; 6; 2; 1; 1; 4; 1; 1; [-55078720531//110474518375, -6327561304//13256942205, -146024366204//331423555125, -1715265743//8498039875, -230372562752//331423555125, -47787293419//66284711025, 228120235858//110474518375, 213947481//83376995, 132356294501//66284711025, 222902132354//66284711025, 14306065003//4418980735, 395433576706//66284711025, 54695166639//22094903675, 3657065977193//331423555125, 922743915412//66284711025, 4324169241334//331423555125, -5768421599413//331423555125, -3591408430643//331423555125, 298369611373//66284711025, -7411460766778//110474518375, -6981535122803//66284711025, -1822471316217//22094903675, -1784091169501//66284711025, 129194132351//2651388441, -1133239104598//22094903675, 2870511941822//66284711025, -3245522046927//110474518375, 1121945294887//66284711025, -511008475871//110474518375, -334235001883//110474518375, 1868712412796//331423555125, -154284880378//22094903675, 1111878241873//331423555125, -626761282268//66284711025, -64026632413//66284711025, -155232553139//66284711025, 9469561248//4418980735, -35289383487//22094903675, 21615204096//22094903675, -45519698447//110474518375, 1904051813//66284711025, 77088942272//331423555125, -109798586234//331423555125, 99567289246//331423555125, -5329155824//22094903675, 33881035748//331423555125, -11182481812//66284711025, -1197155676//22094903675]
9; 7; 9; 6; 5; 1; 1; 6; 1; 1; [8549//4875, 1554//325, 97//25, 312//125, 46//13, 8458//975, 15536//4875, -57491//4875, -34102//1625, -9122//975, -71//5, -12717//325, -32432//975, -58298//1625, -26612//195, -126388//975, -189583//4875, 28767//325, -2252//75, 137294//4875, 2424191//4875, 1591677//1625, 455968//975, -14536//65, 34349//975, 24941//325, -640937//4875, 124996//975, -113669//975, 358391//4875, -11688//325, 3336//325, 40792//4875, 2231//375, 102741//1625, 118//25, 114//65, -1698//325, 1994//325, -27067//4875, 1284//325, -2474//975, 362//375, 33//325, -626//975, 4202//4875, -614//1625, 2376//1625]
9; 7; 9; 6; 6; 1; 1; 4; 1; 1; [-14390748547//25494119625, -610702291//322710375, -74564991539//25494119625, -144962019499//25494119625, -259196347498//25494119625, -372648492043//25494119625, -11359659377//653695375, -13129834156//653695375, -415269299609//25494119625, -25057625236//5098823925, 1618928333//339921595, 577202561//78443445, 55188856//2581683, 1428806431232//25494119625, 3080005864799//25494119625, 4672495324234//25494119625, 2629067579923//8498039875, 10631091188218//25494119625, 12020430732638//25494119625, 3960151119581//8498039875, 11236103642549//25494119625, 557526795128//1961086125, 133818782894//5098823925, -49799503148//1019764785, 53937643213//1019764785, -44194009739//1019764785, 850896191536//25494119625, -293339257078//25494119625, 118208206019//8498039875, 410743995787//25494119625, 108247589343//8498039875, 731161311364//25494119625, 371556124114//25494119625, 632414119912//25494119625, 1605896178//160340375, 12127368031//5098823925, -11431186//5229563, 10617938//6413615, -337918934//339921595, 12547295126//25494119625, 1931565997//25494119625, -1617328738//25494119625, 14913185467//25494119625, 340671518//8498039875, 5565377188//8498039875, 5950595174//25494119625, 3904024134//8498039875, 36092643//160340375]
9; 7; 9; 6; 12; 1; 1; 5; 1; 1; [-582286//3316625, -241091//663325, -2281962//3316625, -5055344//3316625, -905734//3316625, -14557454//3316625, -5682//1625, -594144//3316625, -40040639//3316625, -3308402//663325, -213567//663325, -12355699//663325, 157381//663325, 19290086//3316625, 20762801//663325, 171036362//3316625, 1077616//19625, 242957804//3316625, 621141544//3316625, 45925812//3316625, 67258619//3316625, 60200418//255125, -183868262//663325, -33167842//663325, 152044681//663325, -192075919//663325, 887854438//3316625, -133191432//663325, 421469196//3316625, -175254238//3316625, 24893367//3316625, 115469047//3316625, -126905354//3316625, 130986502//3316625, -66786368//3316625, 5146282//663325, -52714//4225, 8460584//663325, -6925611//663325, 23377568//3316625, -2431012//663325, 3536606//3316625, 2570062//3316625, -5105078//3316625, 6485987//3316625, -5122594//3316625, 3748422//3316625, -1444263//3316625]
9; 7; 9; 6; 2; 1; 1; 3; 1; 1; [740562305941//27634705317375, 501943899017//5526941063475, -2825623515709//9211568439125, 5713622480204//27634705317375, -2932471300204//5526941063475, 12849988305662//27634705317375, 12517353973928//27634705317375, 11412838005531//9211568439125, 59623492650551//27634705317375, 8155826839088//5526941063475, 6910512695279//1842313687825, -1143667381108//5526941063475, -1276433476601//425149312575, -3947086203474//708582187625, -45358958602403//1842313687825, -31713466128398//27634705317375, -307530719000838//9211568439125, 11098236591347//1105388212695, -88923528401354//9211568439125, 629790098464922//27634705317375, 378265687626759//9211568439125, 90530995947664//27634705317375, 517175657253998//5526941063475, 29016730092834//1842313687825, -139801044818496//1842313687825, 176666847600184//1842313687825, -2464536566277998//27634705317375, 366323444459312//5526941063475, -1153567670343709//27634705317375, 157433910926486//9211568439125, -6065069053282//5526941063475, -251197393810096//27634705317375, 384547725131176//27634705317375, -302888452190299//27634705317375, 95949854641844//9211568439125, -4687211039066//1842313687825, 7615971654716//1842313687825, -1803723172034//425149312575, 6400186950491//1842313687825, -65103220334338//27634705317375, 6721653728726//5526941063475, -9645693438724//27634705317375, -7319929593742//27634705317375, 2973842351231//5526941063475, -5566128902952//9211568439125, 14849804846411//27634705317375, -9289845528004//27634705317375, 5968798785247//27634705317375]
9; 7; 9; 6; 7; 1; 1; 6; 1; 1; [7912//21125, -1731//325, -38924//21125, 43406//21125, -153386//21125, -244234//21125, 12022//4225, -51187//21125, -449197//21125, 19736//4225, 104907//4225, -81481//4225, -84478//4225, -297967//21125, 741581//4225, -140631//21125, -935551//21125, 4573381//21125, 2130789//21125, -1083946//4225, 2555412//21125, 4010472//21125, -2937019//4225, -913303//4225, 2973739//4225, -3594103//4225, 16202124//21125, -2372893//4225, 556999//1625, -3091893//21125, 222008//21125, 1847202//21125, -107127//845, 2468296//21125, -1663174//21125, 104869//4225, -156622//4225, 156071//4225, -9639//325, 413574//21125, -41264//4225, 49692//21125, 51867//21125, -97952//21125, 112312//21125, -19697//4225, 68006//21125, -33214//21125]
9; 7; 9; 6; 9; 1; 1; 5; 1; 1; [-5106013//3316625, -6203932//3316625, -617819//255125, -16369468//3316625, -18000942//3316625, -11068003//3316625, -17162123//3316625, -17922267//3316625, 10885356//3316625, 4091518//663325, -272502//132665, 6047422//663325, 12473471//663325, 16542196//255125, 161145262//3316625, 204020077//3316625, 324787833//3316625, 57950517//3316625, -177906582//3316625, 4658751//255125, -288037088//3316625, -80463947//255125, -61967312//663325, 389104//2041, -138851028//663325, 119767021//663325, -411715636//3316625, 18836672//255125, -75021469//3316625, -6525841//3316625, 81013061//3316625, -104230136//3316625, 90463274//3316625, -78621469//3316625, -7460003//3316625, -6249598//663325, 1170758//132665, -4472132//663325, 2811249//663325, -6209066//3316625, 859686//3316625, 2887056//3316625, -3897906//3316625, 4257971//3316625, -3553876//3316625, 2320884//3316625, -1411074//3316625, -596098//3316625]
9; 7; 9; 6; 10; 1; 1; 4; 1; 1; [255343238038//110474518375, 16238553382//8498039875, 2932589076//1699607975, 108037661482//110474518375, 287602351744//110474518375, 369178041476//110474518375, -36739557382//8498039875, -876898962071//110474518375, -287077400803//110474518375, -120092729844//22094903675, -356867715993//22094903675, -2026368366//83376995, -26087015403//22094903675, -7673396894573//110474518375, -629860560402//8498039875, -1594591613987//22094903675, 3274290902893//110474518375, 586924787131//110474518375, -5789316474181//110474518375, 19750284401296//110474518375, 186172521189//653695375, 21825295629288//110474518375, -35950488741//279682325, -3998243758913//22094903675, 1427278772566//4418980735, -7605547579418//22094903675, 31517276702336//110474518375, -22421152938313//110474518375, 2334362240737//22094903675, -3711974599431//110474518375, -1615540600377//110474518375, 4252551917312//110474518375, -4404680556917//110474518375, 472556498826//8498039875, -2466932580316//110474518375, 280785445454//22094903675, -346060779952//22094903675, 12610421027//883796147, -236478788352//22094903675, 714085260316//110474518375, -318458832073//110474518375, 242120574//4418980735, 165835299309//110474518375, -232779195472//110474518375, 223413832792//110474518375, -163930690247//110474518375, 144679658828//110474518375, -39482345346//110474518375]
9; 7; 9; 6; 6; 1; 1; 3; 1; 1; [683319622909//708582187625, 1363216258292//2125746562875, 1805008175832//708582187625, 3702728455211//708582187625, 12563912497934//2125746562875, 4857427385818//425149312575, 12638696739512//708582187625, 8167233578152//425149312575, 15174425016971//708582187625, 8920350017948//425149312575, 2511174778669//141716437525, 1484187724819//425149312575, -17328101988//28343287505, -77648150322802//2125746562875, -86960408513782//2125746562875, -245794575666761//2125746562875, -410341510916413//2125746562875, -34670540431063//163518966375, -160304970748756//425149312575, -1132295910551476//2125746562875, -52643023442632//141716437525, -799617473584928//2125746562875, -139725137007982//425149312575, 12159127513712//425149312575, 65073274715639//425149312575, -19379997776531//85029862515, 478630823555509//2125746562875, -390346030923976//2125746562875, 244009970248342//2125746562875, -49186668883873//708582187625, 3338440955406//708582187625, -718515152312//425149312575, -114326720679478//2125746562875, 432575068648//28343287505, -94194649239194//2125746562875, 1781030471047//425149312575, -3974219477102//425149312575, 1494735176482//141716437525, -259800974254//28343287505, 13900535306999//2125746562875, -8102555618756//2125746562875, 932567388964//708582187625, 145843216951//2125746562875, -2819492929757//2125746562875, 36886005058//32703793275, -1274606525351//708582187625, 297808381178//425149312575, -2023960629329//2125746562875]
9; 7; 9; 6; 3; 1; 1; 7; 1; 1; [73036//12675, 45421//12675, 268457//21125, 195657//21125, -203312//63375, 1409042//63375, -128473//63375, -2287529//63375, -24398//4875, -343442//4225, -106494//4225, -21062//975, -593409//4225, -120156//845, -1493641//12675, -27661691//63375, -405011//63375, 1351124//4875, -12931862//63375, 17892101//21125, 49320389//63375, 16878568//21125, 13240408//4225, -6282234//4225, 2975174//12675, 2239206//4225, -11231287//12675, 11425532//12675, -48465013//63375, 31992817//63375, -1240133//4875, 4252294//63375, 1850788//21125, -4897133//63375, 10359472//63375, 131427//4225, 928//75, -447274//12675, 175449//4225, -36383//975, 345082//12675, -1053178//63375, 419767//63375, 31006//63375, -277226//63375, 405094//63375, -300808//63375, 309632//63375]
9; 7; 9; 6; 10; 1; 1; 3; 1; 1; [-6274317214674//9211568439125, -8593269420362//9211568439125, -24276200626391//9211568439125, -43213599951217//9211568439125, -42072089568332//9211568439125, -83073788155128//9211568439125, -80782415575011//9211568439125, -86539823008556//9211568439125, -85273410791024//9211568439125, -1617974022066//1842313687825, -1890115635597//368462737565, 17399974447912//1842313687825, 23280135932463//1842313687825, 343657250371314//9211568439125, 47114157606734//708582187625, 908658401411596//9211568439125, 1809129473641227//9211568439125, 1242578979077412//9211568439125, 1991691230174548//9211568439125, 2291647720627451//9211568439125, 1265917361504381//9211568439125, 1551155115984309//9211568439125, -351616205652006//1842313687825, 1536932096352//368462737565, 193685212786012//1842313687825, -270800716115412//1842313687825, 1337924886730557//9211568439125, -78019139289148//708582187625, 716329852966033//9211568439125, -247955827546629//9211568439125, 121174358617111//9211568439125, 192060409949294//9211568439125, -74730919954172//9211568439125, 18897880103796//708582187625, -86637947523173//9211568439125, 5697527055201//1842313687825, -2269483232116//368462737565, 12409073881928//1842313687825, -10560100203753//1842313687825, 37567367366397//9211568439125, -20378126495924//9211568439125, 621373561456//708582187625, 3572062327961//9211568439125, -5983110090964//9211568439125, 10284203036494//9211568439125, -448656901769//708582187625, 530172504556//708582187625, -2191428991198//9211568439125]
9; 7; 9; 6; 5; 1; 1; 4; 1; 1; [229795569//653695375, 7616661184//8498039875, 1351746742//1019764785, -558425671//1699607975, -35958494916//8498039875, -85446817416//8498039875, -93967776471//8498039875, -277103429624//25494119625, -124606621988//25494119625, -12914582//4302805, 8624156206//1699607975, -430970966//392217225, 1368278668//1699607975, -152898225537//8498039875, 32645975976//8498039875, 33129473928//1699607975, 48737802407//392217225, 2027945714846//8498039875, 3393139476601//8498039875, 7981021927633//25494119625, 56585983061//322710375, -1140450761//12333875, -12390928939//339921595, -115116529959//1699607975, 195722584574//1699607975, -204033755862//1699607975, 837793275609//8498039875, -575790313387//8498039875, 189838023649//5098823925, -26862134773//5098823925, 40723648633//8498039875, 278364471238//8498039875, -66842361451//25494119625, 579230620487//25494119625, -379083132521//25494119625, 311346969//67984319, -2153304236//392217225, 25225540463//5098823925, -6223133623//1699607975, 18550419629//8498039875, -7771614602//8498039875, 56283736//5098823925, 3297500786//5098823925, -4602498697//8498039875, 9005516198//8498039875, -7505911951//25494119625, 4345333664//8498039875, -6439751731//25494119625]
9; 7; 9; 6; 12; 1; 1; 2; 1; 1; [-19443592091//4314929125, -9626687756//862985825, -112643087166//4314929125, -8006201651//172597165, -24769015318//331917625, -473609823444//4314929125, -126272396272//862985825, -796670211463//4314929125, -180704274937//862985825, -37746786178//172597165, -185932956852//862985825, -36115425379//172597165, -177002759547//862985825, -80298279534//4314929125, 35022895022//172597165, 2821071558856//4314929125, 975910598943//862985825, 7310712407199//4314929125, 9575110691464//4314929125, 2154875037056//862985825, 10860220655308//4314929125, 1633312146288//862985825, 29689734052//34519433, -4310528844//66383525, -75645099263//172597165, 532116087513//862985825, -2669271793547//4314929125, 432609346692//862985825, -1264741403182//4314929125, 183362536053//862985825, 13598554949//331917625, 244424154422//4314929125, 33649130366//172597165, 114654071299//4314929125, 137954430242//862985825, -2114902458//172597165, 22156088702//862985825, -5002177898//172597165, 21314491587//862985825, -76532792917//4314929125, 8863752199//862985825, -13522953982//4314929125, 188412587//862985825, 19981588477//4314929125, -8942869148//4314929125, 4996147067//862985825, -197810202//331917625, 571968017//172597165]
9; 7; 9; 6; 9; 1; 1; 2; 1; 1; [-3884707887//4314929125, -2451999666//862985825, -29733258378//4314929125, -56617433157//4314929125, -85263529106//4314929125, -125862318761//4314929125, -14811731392//331917625, -262932140581//4314929125, -312757767118//4314929125, -71808183368//862985825, -89256699336//862985825, -107454816256//862985825, -124152148853//862985825, -580948470963//4314929125, -83532568388//862985825, -80155910462//4314929125, 303245832087//4314929125, 543662133876//4314929125, 1045714261391//4314929125, 1882687916426//4314929125, 1772463951886//4314929125, 755234283658//4314929125, 14614217287//862985825, 6389675919//862985825, -29693650266//862985825, 22708592427//862985825, -150392917829//4314929125, 14136601019//862985825, -55584150991//4314929125, 33775625961//4314929125, 27244316968//4314929125, 32415212543//4314929125, 104913511273//4314929125, 62434743728//4314929125, 3724673568//331917625, -980661027//862985825, 1181775906//862985825, -1300214369//862985825, 837181608//862985825, -3517603519//4314929125, 217969617//862985825, -314729146//4314929125, -18142578//331917625, 1299089783//4314929125, 34489313//4314929125, 2326933268//4314929125, 1037984398//4314929125, 915346669//4314929125]
9; 7; 9; 6; 7; 1; 1; 4; 1; 1; [108649505763//110474518375, -32096413941//110474518375, 188724724263//110474518375, 103089381203//22094903675, 656182568812//110474518375, 1079756271136//110474518375, 406819387401//22094903675, 2116450091844//110474518375, 1196302971772//110474518375, 17779557386//1699607975, 77186710914//22094903675, -360226235937//22094903675, -75538530063//22094903675, -2777644739343//110474518375, 317708131041//110474518375, -1174345069856//8498039875, -5603476448389//22094903675, -31445891447332//110474518375, -44307537870001//110474518375, -10256509327039//22094903675, -24984666101739//110474518375, -6550602115587//110474518375, -6913188287227//22094903675, -1925068441071//22094903675, 6675034774553//22094903675, -8150221196508//22094903675, 2835214549082//8498039875, -27549608146797//110474518375, 1231166322212//8498039875, -25803575117//339921595, -1264413931241//110474518375, 1902915773297//110474518375, -1566711397151//22094903675, 4224327421753//110474518375, -4519676673041//110474518375, 233655807507//22094903675, -4487140716//279682325, 355134035367//22094903675, -286424329182//22094903675, 948486680386//110474518375, -485121361167//110474518375, 107014136396//110474518375, 18332623492//22094903675, -19744401947//8498039875, 213261257447//110474518375, -2065534454//883796147, 129589368448//110474518375, -90293677621//110474518375]
9; 7; 9; 6; 3; 1; 1; 12; 1; 1; [-5267009677//1727961625, 57237411703//5183884875, 6576446402//1036776975, -434697883//5183884875, 14462493116//1036776975, 92374374611//5183884875, -1442528469//345592325, 9930361358//5183884875, 2550679669//132920125, -5964101408//207355395, -19621867433//345592325, 1303225312//79752075, -10500193511//207355395, 110020723451//5183884875, -2122585889803//5183884875, -79818824209//1036776975, -200144726049//1727961625, -36486235088//79752075, -26803381147//1727961625, 454322759521//1036776975, -423356904011//1727961625, 65398325734//5183884875, 79857736031//41471079, 597073572821//1036776975, -1989903490084//1036776975, 481240819324//207355395, -3631047221769//1727961625, 8003214441751//5183884875, -327090786701//345592325, 2039197286509//5183884875, -2009510252//79752075, -390547754156//1727961625, 69348895337//207355395, -545948186263//1727961625, 1244387135722//5183884875, -13980128458//207355395, 8074783708//79752075, -34951087777//345592325, 5613264102//69118465, -7147791553//132920125, 46590981987//1727961625, -6898480274//1036776975, -35436902366//5183884875, 529354549//41471079, -74236209938//5183884875, 4336475634//345592325, -45413953904//5183884875, 24797116642//5183884875]
9; 7; 9; 6; 12; 1; 1; 10; 1; 1; [16987346//11006125, -5587599//11006125, -6041627//11006125, -17130249//11006125, -27849558//11006125, -78952948//11006125, -154759729//11006125, -84761199//11006125, -203836563//11006125, -36977844//2201225, -39562638//2201225, 9226946//2201225, -47448057//2201225, -508438251//11006125, 503801409//11006125, 346063647//11006125, 1374913679//11006125, 1343544268//11006125, 3766867483//11006125, 3973813459//11006125, 3453056739//11006125, 5573131803//11006125, 342358491//2201225, 178959627//2201225, -449684584//2201225, 516225213//2201225, -2305609323//11006125, 1678833177//11006125, -952235014//11006125, 441088397//11006125, 98327199//11006125, -101164106//11006125, 41142149//846625, -176916618//11006125, 508333119//11006125, -16561431//2201225, 22919798//2201225, -22181441//2201225, 17360052//2201225, -56496993//11006125, 27548052//11006125, -361888//846625, -7648018//11006125, 16269619//11006125, -12599636//11006125, 16523997//11006125, -6040878//11006125, 9596304//11006125]
9; 7; 9; 6; 5; 1; 1; 3; 1; 1; [161416518364//425149312575, 2943469231031//2125746562875, 5473377333361//2125746562875, 3232851369442//708582187625, 5513814843098//708582187625, 22184639176889//2125746562875, 445054245119//32703793275, 7304860276897//425149312575, 2066121415121//141716437525, 1454935761038//85029862515, 198191146927//28343287505, 711749579626//141716437525, -2242914428917//425149312575, -13658002781633//425149312575, -142249048056761//2125746562875, -273653117427511//2125746562875, -124973840049252//708582187625, -555264459944939//2125746562875, -229622024721923//708582187625, -8955803832809//28343287505, -11268290098662//28343287505, -29754151671247//141716437525, -17008355238757//85029862515, -3491226631//1308151731, 51428692575928//425149312575, -70453680972577//425149312575, 67001997950279//425149312575, -90137745912451//708582187625, 156831153617612//2125746562875, -98068931517038//2125746562875, -11148755143472//2125746562875, -1182945788614//708582187625, -15382472244559//425149312575, 1992136815476//425149312575, -4008184388159//141716437525, 315639093212//85029862515, -196983436058//28343287505, 3184463005057//425149312575, -897407288926//141716437525, 1865942422837//425149312575, -5311658457998//2125746562875, 1502307313432//2125746562875, 289065048617//2125746562875, -2326890846652//2125746562875, 124789148146//163518966375, -512236593268//425149312575, 148880487142//425149312575, -252114444136//425149312575]
9; 7; 9; 6; 9; 1; 1; 10; 1; 1; [-2827736//2201225, -23216442//11006125, -14207//6773, -53799519//11006125, -83733412//11006125, -13317953//2201225, -66954873//11006125, -108141544//11006125, -2830739//846625, 8387386//2201225, -264114//88049, -3308404//2201225, 2198993//169325, 119490758//2201225, 593386262//11006125, 131871617//2201225, 1696627664//11006125, 1668472842//11006125, 4320170//88049, 933898493//11006125, 1337415734//11006125, -2003712198//11006125, -448084964//2201225, 58921778//440245, -148143904//2201225, 34999804//2201225, 8935146//440245, -342828994//11006125, 85585157//2201225, -259647428//11006125, 310583176//11006125, -21077019//2201225, 85870854//11006125, 75891642//11006125, -136999574//11006125, -9239941//2201225, 681764//440245, 49098//169325, -2846169//2201225, 3705246//2201225, -16107524//11006125, 2622418//2201225, -483021//846625, 4845576//11006125, 43737//2201225, -845821//11006125, 3567132//11006125, -4106579//11006125]
9; 7; 9; 6; 7; 1; 1; 3; 1; 1; [2985419397424//9211568439125, 898855381906//9211568439125, -5042042580377//9211568439125, -506413819277//1842313687825, -31405321107038//9211568439125, -77273516481457//9211568439125, -5876853798934//708582187625, -21775147269266//1842313687825, -27166516717283//1842313687825, -23868151868608//1842313687825, -4526853676959//368462737565, -29945898109351//1842313687825, -1306901269309//73692547513, -59246068735879//9211568439125, 184944061834404//9211568439125, 292761405737497//9211568439125, 80786634797197//1842313687825, 1215262267855853//9211568439125, 2437519008797537//9211568439125, 2120814992239932//9211568439125, 49592208902553//141716437525, 134450629784446//368462737565, -946008162343//1842313687825, -1562589645527//28343287505, 137804261569549//1842313687825, -27162932355047//368462737565, 523460584072228//9211568439125, -330245186460663//9211568439125, 176678799402486//9211568439125, -2276574206709//1842313687825, 1276372805894//9211568439125, 202204289582011//9211568439125, 328652214151//9211568439125, 45101284927571//1842313687825, 19607683354056//1842313687825, 5813262175243//1842313687825, -1266460948002//368462737565, 5329560769931//1842313687825, -755642623626//368462737565, 10369937077418//9211568439125, -3384577994163//9211568439125, -895284538444//9211568439125, 797655342996//1842313687825, -3341780429896//9211568439125, 6034638743361//9211568439125, -1114195940394//9211568439125, 180650893706//368462737565, 427407784432//1842313687825]
9; 7; 9; 6; 4; 1; 1; 9; 1; 1; [-2357//2535, -10909//63375, -47453//12675, 7576//12675, 429128//63375, 117388//21125, 875113//63375, -475407//21125, 21344//1625, -58264//4225, 25538//4225, 10347//325, -171282//4225, 22782//4225, -3835831//63375, 329279//2535, -839782//12675, -25852//1625, -21187684//63375, -28258033//63375, 12110697//21125, -22917811//63375, 6610536//4225, -2057592//4225, -2948977//12675, 2557488//4225, -8931539//12675, 13116394//21125, -5683979//12675, 3346826//12675, -520348//4875, -1483682//63375, 3345976//63375, -4456187//63375, 4726727//63375, 3384//4225, 21592//975, -131426//4225, 127702//4225, -23227//975, 974357//63375, -93998//12675, 5956//4225, 147436//63375, -277462//63375, 82967//21125, -196472//63375, 45654//21125]
